	Twet	Load	Hour(s)	TimeStamp(s)	Power	Tset	Hour	month	DayofWeek
2012-10-01 00:00:00	10.5	1164.0	0	1349049600	419652	15.11	0	10	0
2012-10-01 01:00:00	9.9	1154.3	3600	1349053200	413024	15.11	1	10	0
2012-10-01 02:00:00	9.7	1047.6	7200	1349056800	368451	15.11	2	10	0
2012-10-01 03:00:00	9.7	1639.3	10800	1349060400	579853	15.11	3	10	0
2012-10-01 04:00:00	9.4	1571.4	14400	1349064000	506761	15.11	4	10	0
2012-10-01 05:00:00	9.1	1561.7	18000	1349067600	508380	15.11	5	10	0
2012-10-01 06:00:00	9.4	1619.9	21600	1349071200	571039	15.11	6	10	0
2012-10-01 07:00:00	11.3	1513.2	25200	1349074800	560069	15.11	7	10	0
2012-10-01 08:00:00	13.8	1649.0	28800	1349078400	656979	17.11	8	10	0
2012-10-01 09:00:00	13.7	1736.3	32400	1349082000	696059	17.11	9	10	0
2012-10-01 10:00:00	13.1	1358.0	36000	1349085600	557861	16.11	10	10	0
2012-10-01 11:00:00	13.6	1164.0	39600	1349089200	466069	17.11	11	10	0
2012-10-01 12:00:00	13.8	1251.3	43200	1349092800	512286	17.11	12	10	0
2012-10-01 13:00:00	14.3	1367.7	46800	1349096400	586812	17.11	13	10	0
2012-10-01 14:00:00	14.8	1382.25	50400	1349100000	603332	18.11	14	10	0
2012-10-01 15:00:00	14.9	1396.8	54000	1349103600	613629	18.11	15	10	0
2012-10-01 16:00:00	14.5	1396.8	57600	1349107200	607623	18.11	16	10	0
2012-10-01 17:00:00	14.0	1833.3	61200	1349110800	750538	17.11	17	10	0
2012-10-01 18:00:00	14.3	1590.8	64800	1349114400	671296	15.11	18	10	0
2012-10-01 19:00:00	15.2	1416.2	68400	1349118000	631402	18.11	19	10	0
2012-10-01 20:00:00	14.7	1358.0	72000	1349121600	587728	18.11	20	10	0
2012-10-01 21:00:00	15.2	1406.5	75600	1349125200	625491	18.11	21	10	0
2012-10-01 22:00:00	14.9	1328.9	79200	1349128800	574132	18.11	22	10	0
2012-10-01 23:00:00	15.2	1328.9	82800	1349132400	579653	18.11	23	10	0
2012-10-02 00:00:00	15.2	1309.5	0	1349136000	568599	18.11	0	10	1
2012-10-02 01:00:00	15.5	1299.8	3600	1349139600	591105	15.11	1	10	1
2012-10-02 02:00:00	15.9	1377.4	7200	1349143200	641367	15.11	2	10	1
2012-10-02 03:00:00	16.9	1387.1	10800	1349146800	666329	16.11	3	10	1
2012-10-02 04:00:00	16.3	1377.4	14400	1349150400	627542	19.11	4	10	1
2012-10-02 05:00:00	16.9	1377.4	18000	1349154000	660723	16.11	5	10	1
2012-10-02 06:00:00	17.3	1416.2	21600	1349157600	668446	20.11	6	10	1
2012-10-02 07:00:00	17.6	1445.3	25200	1349161200	714498	17.11	7	10	1
2012-10-02 08:00:00	18.5	1542.3	28800	1349164800	794196	18.11	8	10	1
2012-10-02 09:00:00	18.5	1697.5	32400	1349168400	785066	21.11	9	10	1
2012-10-02 10:00:00	17.9	1134.9	36000	1349172000	550415	17.11	10	10	1
2012-10-02 11:00:00	18.2	1649.0	39600	1349175600	755491	21.11	11	10	1
2012-10-02 12:00:00	18.7	1716.9	43200	1349179200	800180	21.11	12	10	1
2012-10-02 13:00:00	19.2	1765.4	46800	1349182800	835325	22.11	13	10	1
2012-10-02 14:00:00	19.8	1794.5	50400	1349186400	864271	22.11	14	10	1
2012-10-02 15:00:00	20.0	1794.5	54000	1349190000	868430	23.11	15	10	1
2012-10-02 16:00:00	20.3	1813.9	57600	1349193600	882889	23.11	16	10	1
2012-10-02 17:00:00	20.3	1775.1	61200	1349197200	861217	23.11	17	10	1
2012-10-02 18:00:00	20.3	1736.3	64800	1349200800	840041	23.11	18	10	1
2012-10-02 19:00:00	20.7	1396.8	68400	1349204400	710306	23.11	19	10	1
2012-10-02 20:00:00	20.7	1328.9	72000	1349208000	666119	23.11	20	10	1
2012-10-02 21:00:00	20.7	1115.5	75600	1349211600	542007	23.11	21	10	1
2012-10-02 22:00:00	20.7	1251.3	79200	1349215200	618373	23.11	22	10	1
2012-10-02 23:00:00	20.7	1202.8	82800	1349218800	590041	23.11	23	10	1
2012-10-03 00:00:00	21.1	1193.1	0	1349222400	590126	24.11	0	10	2
2012-10-03 01:00:00	21.1	1193.1	3600	1349226000	590126	24.11	1	10	2
2012-10-03 02:00:00	21.1	1105.8	7200	1349229600	542651	24.11	2	10	2
2012-10-03 03:00:00	21.1	1338.6	10800	1349233200	677669	24.11	3	10	2
2012-10-03 04:00:00	21.1	1299.8	14400	1349236800	653292	24.11	4	10	2
2012-10-03 05:00:00	21.6	1299.8	18000	1349240400	658785	24.11	5	10	2
2012-10-03 06:00:00	21.3	1328.9	21600	1349244000	673391	24.11	6	10	2
2012-10-03 07:00:00	20.9	1416.2	25200	1349247600	755915	20.11	7	10	2
2012-10-03 08:00:00	20.9	1542.3	28800	1349251200	840230	20.11	8	10	2
2012-10-03 09:00:00	20.9	1639.3	32400	1349254800	799870	23.11	9	10	2
2012-10-03 10:00:00	21.8	1299.8	36000	1349258400	662212	24.11	10	10	2
2012-10-03 11:00:00	22.2	1716.9	39600	1349262000	861855	25.11	11	10	2
2012-10-03 12:00:00	22.4	1561.7	43200	1349265600	853352	25.11	12	10	2
2012-10-03 13:00:00	22.2	1716.9	46800	1349269200	861855	25.11	13	10	2
2012-10-03 14:00:00	21.9	1697.5	50400	1349272800	846382	24.11	14	10	2
2012-10-03 15:00:00	21.9	1687.8	54000	1349276400	841043	24.11	15	10	2
2012-10-03 16:00:00	22.0	1207.65	57600	1349280000	609475	25.11	16	10	2
2012-10-03 17:00:00	22.0	1207.65	61200	1349283600	609475	25.11	17	10	2
2012-10-03 18:00:00	21.6	1678.1	64800	1349287200	829831	24.11	18	10	2
2012-10-03 19:00:00	21.6	1513.2	68400	1349290800	804456	24.11	19	10	2
2012-10-03 20:00:00	21.4	1532.6	72000	1349294400	815120	24.11	20	10	2
2012-10-03 21:00:00	21.1	1328.9	75600	1349298000	671504	24.11	21	10	2
2012-10-03 22:00:00	21.1	1435.6	79200	1349301600	741904	24.11	22	10	2
2012-10-03 23:00:00	20.9	1435.6	82800	1349305200	768391	20.11	23	10	2
2012-10-04 00:00:00	20.9	1338.6	0	1349308800	676158	24.11	0	10	3
2012-10-04 01:00:00	20.9	1290.1	3600	1349312400	645940	24.11	1	10	3
2012-10-04 02:00:00	20.9	1309.5	7200	1349316000	657888	24.11	2	10	3
2012-10-04 03:00:00	20.9	1280.4	10800	1349319600	640037	24.11	3	10	3
2012-10-04 04:00:00	20.7	1309.5	14400	1349323200	653906	23.11	4	10	3
2012-10-04 05:00:00	20.7	1290.1	18000	1349326800	641877	23.11	5	10	3
2012-10-04 06:00:00	21.3	1290.1	21600	1349330400	649064	24.11	6	10	3
2012-10-04 07:00:00	21.3	1348.3	25200	1349334000	685838	24.11	7	10	3
2012-10-04 08:00:00	21.8	970.0	28800	1349337600	480691	24.11	8	10	3
2012-10-04 09:00:00	22.2	1008.8	32400	1349341200	503789	25.11	9	10	3
2012-10-04 10:00:00	22.7	640.2	36000	1349344800	329959	25.11	10	10	3
2012-10-04 11:00:00	21.0	766.3	39600	1349348400	404864	24.11	11	10	3
2012-10-04 12:00:00	21.3	766.3	43200	1349352000	406775	24.11	12	10	3
2012-10-04 13:00:00	21.8	785.7	46800	1349355600	438816	21.11	13	10	3
2012-10-04 14:00:00	21.2	805.1	50400	1349359200	407149	23.11	14	10	3
2012-10-04 15:00:00	19.8	776.0	54000	1349362800	413099	19.11	15	10	3
2012-10-04 16:00:00	20.2	805.1	57600	1349366400	398688	22.11	16	10	3
2012-10-04 17:00:00	19.1	795.4	61200	1349370000	409359	22.11	17	10	3
2012-10-04 18:00:00	18.4	843.9	64800	1349373600	394885	21.11	18	10	3
2012-10-04 19:00:00	17.8	795.4	68400	1349377200	406329	17.11	19	10	3
2012-10-04 20:00:00	17.3	708.1	72000	1349380800	334227	20.11	20	10	3
2012-10-04 21:00:00	16.1	640.2	75600	1349384400	283661	19.11	21	10	3
2012-10-04 22:00:00	15.8	698.4	79200	1349388000	325227	15.11	22	10	3
2012-10-04 23:00:00	15.0	688.7	82800	1349391600	301972	18.11	23	10	3
2012-10-05 00:00:00	14.8	688.7	0	1349395200	300248	18.11	0	10	4
2012-10-05 01:00:00	14.2	698.4	3600	1349398800	300725	17.11	1	10	4
2012-10-05 02:00:00	14.2	649.9	7200	1349402400	272885	17.11	2	10	4
2012-10-05 03:00:00	13.9	679.0	10800	1349406000	286174	17.11	3	10	4
2012-10-05 04:00:00	13.7	669.3	14400	1349409600	278979	17.11	4	10	4
2012-10-05 05:00:00	13.7	679.0	18000	1349413200	284435	17.11	5	10	4
2012-10-05 06:00:00	14.1	659.6	21600	1349416800	277199	17.11	6	10	4
2012-10-05 07:00:00	15.8	688.7	25200	1349420400	319704	15.11	7	10	4
2012-10-05 08:00:00	17.0	708.1	28800	1349424000	331539	20.11	8	10	4
2012-10-05 09:00:00	17.8	746.9	32400	1349427600	374364	17.11	9	10	4
2012-10-05 10:00:00	18.2	1270.7	36000	1349431200	594795	21.11	10	10	4
2012-10-05 11:00:00	18.6	1358.0	39600	1349434800	654184	21.11	11	10	4
2012-10-05 12:00:00	18.0	1387.1	43200	1349438400	661790	21.11	12	10	4
2012-10-05 13:00:00	17.9	1358.0	46800	1349442000	668153	17.11	13	10	4
2012-10-05 14:00:00	18.2	1416.2	50400	1349445600	683167	21.11	14	10	4
2012-10-05 15:00:00	18.0	1455.0	54000	1349449200	705206	21.11	15	10	4
2012-10-05 16:00:00	17.8	1484.1	57600	1349452800	742558	17.11	16	10	4
2012-10-05 17:00:00	17.3	1445.3	61200	1349456400	687061	20.11	17	10	4
2012-10-05 18:00:00	17.1	1338.6	64800	1349460000	617290	20.11	18	10	4
2012-10-05 19:00:00	16.3	1290.1	68400	1349463600	576306	19.11	19	10	4
2012-10-05 20:00:00	16.3	1251.3	72000	1349467200	554626	19.11	20	10	4
2012-10-05 21:00:00	16.4	1251.3	75600	1349470800	556567	19.11	21	10	4
2012-10-05 22:00:00	15.7	1202.8	79200	1349474400	545430	15.11	22	10	4
2012-10-05 23:00:00	15.8	989.4	82800	1349478000	420443	18.11	23	10	4
2012-10-06 00:00:00	15.6	989.4	0	1349481600	416301	18.11	0	10	5
2012-10-06 01:00:00	15.3	979.7	3600	1349485200	407601	18.11	1	10	5
2012-10-06 02:00:00	15.3	999.1	7200	1349488800	415815	18.11	2	10	5
2012-10-06 03:00:00	15.0	989.4	10800	1349492400	408532	18.11	3	10	5
2012-10-06 04:00:00	15.1	960.3	14400	1349496000	397505	18.11	4	10	5
2012-10-06 05:00:00	15.1	970.0	18000	1349499600	401445	18.11	5	10	5
2012-10-06 06:00:00	15.3	979.7	21600	1349503200	407601	18.11	6	10	5
2012-10-06 07:00:00	16.5	989.4	25200	1349506800	428880	19.11	7	10	5
2012-10-06 08:00:00	17.7	970.0	28800	1349510400	436665	20.11	8	10	5
2012-10-06 09:00:00	18.0	1338.6	32400	1349514000	632106	21.11	9	10	5
2012-10-06 10:00:00	18.7	1164.0	36000	1349517600	543764	21.11	10	10	5
2012-10-06 11:00:00	18.7	1716.9	39600	1349521200	800180	21.11	11	10	5
2012-10-06 12:00:00	17.2	1775.1	43200	1349524800	798065	20.11	12	10	5
2012-10-06 13:00:00	15.7	1804.2	46800	1349528400	818141	15.11	13	10	5
2012-10-06 14:00:00	15.1	1862.4	50400	1349532000	794140	18.11	14	10	5
2012-10-06 15:00:00	13.6	1794.5	54000	1349535600	722674	17.11	15	10	5
2012-10-06 16:00:00	12.4	1852.7	57600	1349539200	720119	16.11	16	10	5
2012-10-06 17:00:00	10.7	1843.0	61200	1349542800	675804	15.11	17	10	5
2012-10-06 18:00:00	10.5	1794.5	64800	1349546400	651351	15.11	18	10	5
2012-10-06 19:00:00	10.2	1503.5	68400	1349550000	556603	15.11	19	10	5
2012-10-06 20:00:00	9.4	1435.6	72000	1349553600	548786	15.11	20	10	5
2012-10-06 21:00:00	8.6	1164.0	75600	1349557200	414488	15.11	21	10	5
2012-10-06 22:00:00	8.6	1358.0	79200	1349560800	505673	15.11	22	10	5
2012-10-06 23:00:00	7.8	1328.9	82800	1349564400	489762	15.11	23	10	5
2012-10-07 00:00:00	7.5	1270.7	0	1349568000	461321	15.11	0	10	6
2012-10-07 01:00:00	7.5	1222.2	3600	1349571600	438918	15.11	1	10	6
2012-10-07 02:00:00	7.5	1134.9	7200	1349575200	400835	15.11	2	10	6
2012-10-07 03:00:00	7.8	1348.3	10800	1349578800	499415	15.11	3	10	6
2012-10-07 04:00:00	8.1	1309.5	14400	1349582400	480669	15.11	4	10	6
2012-10-07 05:00:00	8.3	1290.1	18000	1349586000	471591	15.11	5	10	6
2012-10-07 06:00:00	8.6	1348.3	21600	1349589600	500768	15.11	6	10	6
2012-10-07 07:00:00	9.1	1406.5	25200	1349593200	532105	15.11	7	10	6
2012-10-07 08:00:00	9.4	1532.6	28800	1349596800	524704	15.11	8	10	6
2012-10-07 09:00:00	9.4	1619.9	32400	1349600400	571039	15.11	9	10	6
2012-10-07 10:00:00	9.7	1280.4	36000	1349604000	470254	15.11	10	10	6
2012-10-07 11:00:00	9.9	1299.8	39600	1349607600	480514	15.11	11	10	6
2012-10-07 12:00:00	9.7	1348.3	43200	1349611200	504012	15.11	12	10	6
2012-10-07 13:00:00	8.9	1367.7	46800	1349614800	511319	15.11	13	10	6
2012-10-07 14:00:00	9.4	1503.5	50400	1349618400	551610	15.11	14	10	6
2012-10-07 15:00:00	9.7	1513.2	54000	1349622000	542521	15.11	15	10	6
2012-10-07 16:00:00	9.1	1522.9	57600	1349625600	531019	15.11	16	10	6
2012-10-07 17:00:00	9.4	1474.4	61200	1349629200	585911	15.11	17	10	6
2012-10-07 18:00:00	9.4	1348.3	64800	1349632800	502886	15.11	18	10	6
2012-10-07 19:00:00	9.4	1251.3	68400	1349636400	455447	15.11	19	10	6
2012-10-07 20:00:00	8.3	1193.1	72000	1349640000	426813	15.11	20	10	6
2012-10-07 21:00:00	7.5	1280.4	75600	1349643600	465909	15.11	21	10	6
2012-10-07 22:00:00	7.7	1183.4	79200	1349647200	421837	15.11	22	10	6
2012-10-07 23:00:00	7.2	1164.0	82800	1349650800	412939	15.11	23	10	6
2012-10-08 00:00:00	6.4	1154.3	0	1349654400	408158	15.11	0	10	0
2012-10-08 01:00:00	5.6	1144.6	3600	1349658000	403510	15.11	1	10	0
2012-10-08 02:00:00	5.3	1261.0	7200	1349661600	455026	15.11	2	10	0
2012-10-08 03:00:00	4.7	1261.0	10800	1349665200	454674	15.11	3	10	0
2012-10-08 04:00:00	4.7	1280.4	14400	1349668800	463778	15.11	4	10	0
2012-10-08 05:00:00	5.0	1270.7	18000	1349672400	459381	15.11	5	10	0
2012-10-08 06:00:00	5.6	1309.5	21600	1349676000	478251	15.11	6	10	0
2012-10-08 07:00:00	6.7	1328.9	25200	1349679600	488563	15.11	7	10	0
2012-10-08 08:00:00	6.8	1396.8	28800	1349683200	522950	15.11	8	10	0
2012-10-08 09:00:00	7.3	1319.2	32400	1349686800	484393	15.11	9	10	0
2012-10-08 10:00:00	7.3	1241.6	36000	1349690400	447571	15.11	10	10	0
2012-10-08 11:00:00	7.9	1852.7	39600	1349694000	667869	15.11	11	10	0
2012-10-08 12:00:00	7.9	1901.2	43200	1349697600	690393	15.11	12	10	0
2012-10-08 13:00:00	8.0	1891.5	46800	1349701200	686032	15.11	13	10	0
2012-10-08 14:00:00	8.5	1852.7	50400	1349704800	669103	15.11	14	10	0
2012-10-08 15:00:00	8.4	1872.1	54000	1349708400	677833	15.11	15	10	0
2012-10-08 16:00:00	7.9	1910.9	57600	1349712000	694970	15.11	16	10	0
2012-10-08 17:00:00	8.4	1930.3	61200	1349715600	705294	15.11	17	10	0
2012-10-08 18:00:00	8.1	1891.5	64800	1349719200	686232	15.11	18	10	0
2012-10-08 19:00:00	7.8	1571.4	68400	1349722800	501634	15.11	19	10	0
2012-10-08 20:00:00	8.1	1493.8	72000	1349726400	560203	15.11	20	10	0
2012-10-08 21:00:00	7.8	1231.9	75600	1349730000	443653	15.11	21	10	0
2012-10-08 22:00:00	7.8	1445.3	79200	1349733600	549849	15.11	22	10	0
2012-10-08 23:00:00	7.5	1455.0	82800	1349737200	554622	15.11	23	10	0
2012-10-09 00:00:00	7.3	1425.9	0	1349740800	538761	15.11	0	10	1
2012-10-09 01:00:00	7.5	1406.5	3600	1349744400	528810	15.11	1	10	1
2012-10-09 02:00:00	7.5	1241.6	7200	1349748000	447772	15.11	2	10	1
2012-10-09 03:00:00	8.0	1338.6	10800	1349751600	494855	15.11	3	10	1
2012-10-09 04:00:00	8.0	1299.8	14400	1349755200	475819	15.11	4	10	1
2012-10-09 05:00:00	8.3	1319.2	18000	1349758800	485730	15.11	5	10	1
2012-10-09 06:00:00	8.6	1387.1	21600	1349762400	520610	15.11	6	10	1
2012-10-09 07:00:00	9.4	1522.9	25200	1349766000	532255	15.11	7	10	1
2012-10-09 08:00:00	10.2	1726.6	28800	1349769600	618962	15.11	8	10	1
2012-10-09 09:00:00	10.5	1794.5	32400	1349773200	651351	15.11	9	10	1
2012-10-09 10:00:00	11.5	1125.2	36000	1349776800	410173	15.11	10	10	1
2012-10-09 11:00:00	11.8	911.8	39600	1349780400	326986	15.11	11	10	1
2012-10-09 12:00:00	12.3	911.8	43200	1349784000	333202	15.11	12	10	1
2012-10-09 13:00:00	12.5	931.2	46800	1349787600	344477	15.11	13	10	1
2012-10-09 14:00:00	12.8	940.9	50400	1349791200	354945	16.11	14	10	1
2012-10-09 15:00:00	12.8	950.6	54000	1349794800	358636	16.11	15	10	1
2012-10-09 16:00:00	12.6	970.0	57600	1349798400	362554	15.11	16	10	1
2012-10-09 17:00:00	12.8	960.3	61200	1349802000	362369	16.11	17	10	1
2012-10-09 18:00:00	12.6	960.3	64800	1349805600	358537	15.11	18	10	1
2012-10-09 19:00:00	12.6	970.0	68400	1349809200	362554	15.11	19	10	1
2012-10-09 20:00:00	12.6	960.3	72000	1349812800	358537	15.11	20	10	1
2012-10-09 21:00:00	12.7	1125.2	75600	1349816400	431020	16.11	21	10	1
2012-10-09 22:00:00	12.7	950.6	79200	1349820000	357136	15.11	22	10	1
2012-10-09 23:00:00	12.4	940.9	82800	1349823600	346267	15.11	23	10	1
2012-10-10 00:00:00	12.7	940.9	0	1349827200	353159	15.11	0	10	2
2012-10-10 01:00:00	12.7	940.9	3600	1349830800	353159	15.11	1	10	2
2012-10-10 02:00:00	12.4	1115.5	7200	1349834400	421927	15.11	2	10	2
2012-10-10 03:00:00	13.0	1115.5	10800	1349838000	430769	16.11	3	10	2
2012-10-10 04:00:00	12.7	1115.5	14400	1349841600	426595	16.11	4	10	2
2012-10-10 05:00:00	12.4	970.0	18000	1349845200	357966	15.11	5	10	2
2012-10-10 06:00:00	13.0	911.8	21600	1349848800	345851	16.11	6	10	2
2012-10-10 07:00:00	13.0	921.5	25200	1349852400	349467	16.11	7	10	2
2012-10-10 08:00:00	13.6	911.8	28800	1349856000	354504	16.11	8	10	2
2012-10-10 09:00:00	13.3	902.1	32400	1349859600	345714	16.11	9	10	2
2012-10-10 10:00:00	13.2	1396.8	36000	1349863200	582769	16.11	10	10	2
2012-10-10 11:00:00	13.2	1852.7	39600	1349866800	740154	16.11	11	10	2
2012-10-10 12:00:00	12.7	1353.15	43200	1349870400	546765	16.11	12	10	2
2012-10-10 13:00:00	12.9	1367.7	46800	1349874000	558835	16.11	13	10	2
2012-10-10 14:00:00	13.1	1765.4	50400	1349877600	692809	16.11	14	10	2
2012-10-10 15:00:00	12.9	1804.2	54000	1349881200	706536	16.11	15	10	2
2012-10-10 16:00:00	12.9	1852.7	57600	1349884800	731005	16.11	16	10	2
2012-10-10 17:00:00	12.9	1804.2	61200	1349888400	706536	16.11	17	10	2
2012-10-10 18:00:00	12.4	1639.3	64800	1349892000	617086	15.11	18	10	2
2012-10-10 19:00:00	10.2	1406.5	68400	1349895600	537295	15.11	19	10	2
2012-10-10 20:00:00	9.5	1348.3	72000	1349899200	503236	15.11	20	10	2
2012-10-10 21:00:00	8.9	1348.3	75600	1349902800	501444	15.11	21	10	2
2012-10-10 22:00:00	8.1	1377.4	79200	1349906400	514635	15.11	22	10	2
2012-10-10 23:00:00	7.8	1377.4	82800	1349910000	514165	15.11	23	10	2
2012-10-11 00:00:00	7.3	1387.1	0	1349913600	518489	15.11	0	10	3
2012-10-11 01:00:00	6.8	1445.3	3600	1349917200	548517	15.11	1	10	3
2012-10-11 02:00:00	6.8	1319.2	7200	1349920800	483897	15.11	2	10	3
2012-10-11 03:00:00	5.9	1435.6	10800	1349924400	542503	15.11	3	10	3
2012-10-11 04:00:00	4.6	1445.3	14400	1349928000	546777	15.11	4	10	3
2012-10-11 05:00:00	4.5	1464.7	18000	1349931600	557157	15.11	5	10	3
2012-10-11 06:00:00	4.8	1658.7	21600	1349935200	580418	15.11	6	10	3
2012-10-11 07:00:00	5.5	1765.4	25200	1349938800	625951	15.11	7	10	3
2012-10-11 08:00:00	5.9	1784.8	28800	1349942400	634811	15.11	8	10	3
2012-10-11 09:00:00	6.4	1804.2	32400	1349946000	643906	15.11	9	10	3
2012-10-11 10:00:00	6.8	940.9	36000	1349949600	325926	15.11	10	10	3
2012-10-11 11:00:00	7.7	989.4	39600	1349953200	343899	15.11	11	10	3
2012-10-11 12:00:00	7.8	989.4	43200	1349956800	343985	15.11	12	10	3
2012-10-11 13:00:00	8.2	1008.8	46800	1349960400	351520	15.11	13	10	3
2012-10-11 14:00:00	8.7	58.2	50400	1349964000	35675	15.11	14	10	3
2012-10-11 15:00:00	8.5	58.2	54000	1349967600	35675	15.11	15	10	3
2012-10-11 16:00:00	8.3	58.2	57600	1349971200	35675	15.11	16	10	3
2012-10-11 17:00:00	7.8	1290.1	61200	1349974800	470887	15.11	17	10	3
2012-10-11 18:00:00	7.4	1261.0	64800	1349978400	456664	15.11	18	10	3
2012-10-11 19:00:00	7.1	1241.6	68400	1349982000	447383	15.11	19	10	3
2012-10-11 20:00:00	6.5	1222.2	72000	1349985600	438043	15.11	20	10	3
2012-10-11 21:00:00	6.1	940.9	75600	1349989200	325497	15.11	21	10	3
2012-10-11 22:00:00	5.6	1212.5	79200	1349992800	433058	15.11	22	10	3
2012-10-11 23:00:00	5.1	1212.5	82800	1349996400	432753	15.11	23	10	3
2012-10-12 00:00:00	5.1	1193.1	0	1350000000	424138	15.11	0	10	4
2012-10-12 01:00:00	4.8	1183.4	3600	1350003600	419711	15.11	1	10	4
2012-10-12 02:00:00	4.5	921.5	7200	1350007200	318302	15.11	2	10	4
2012-10-12 03:00:00	4.2	931.2	10800	1350010800	321513	15.11	3	10	4
2012-10-12 04:00:00	3.7	931.2	14400	1350014400	321409	15.11	4	10	4
2012-10-12 05:00:00	3.9	921.5	18000	1350018000	318169	15.11	5	10	4
2012-10-12 06:00:00	5.6	931.2	21600	1350021600	321937	15.11	6	10	4
2012-10-12 07:00:00	8.1	940.9	25200	1350025200	326966	15.11	7	10	4
2012-10-12 08:00:00	9.1	921.5	28800	1350028800	321337	15.11	8	10	4
2012-10-12 09:00:00	9.6	960.3	32400	1350032400	335591	15.11	9	10	4
2012-10-12 10:00:00	10.6	1387.1	36000	1350036000	530021	15.11	10	10	4
2012-10-12 12:00:00	11.5	1406.5	43200	1350043200	552806	15.11	12	10	4
2012-10-12 13:00:00	10.8	1435.6	46800	1350046800	558838	15.11	13	10	4
2012-10-12 14:00:00	9.6	1455.0	50400	1350050400	560313	15.11	14	10	4
2012-10-12 15:00:00	7.7	1532.6	54000	1350054000	519706	15.11	15	10	4
2012-10-12 16:00:00	7.0	1561.7	57600	1350057600	503368	15.11	16	10	4
2012-10-12 17:00:00	6.8	1503.5	61200	1350061200	545724	15.11	17	10	4
2012-10-12 18:00:00	5.9	1503.5	64800	1350064800	544531	15.11	18	10	4
2012-10-12 19:00:00	5.4	1522.9	68400	1350068400	524684	15.11	19	10	4
2012-10-12 20:00:00	5.6	1493.8	72000	1350072000	557129	15.11	20	10	4
2012-10-12 21:00:00	5.0	1328.9	75600	1350075600	487330	15.11	21	10	4
2012-10-12 22:00:00	4.0	1493.8	79200	1350079200	555883	15.11	22	10	4
2012-10-12 23:00:00	3.1	1474.4	82800	1350082800	577367	15.11	23	10	4
2012-10-13 00:00:00	2.8	1406.5	0	1350086400	525397	15.11	0	10	5
2012-10-13 01:00:00	3.1	1377.4	3600	1350090000	510571	15.11	1	10	5
2012-10-13 02:00:00	2.7	1309.5	7200	1350093600	476715	15.11	2	10	5
2012-10-13 03:00:00	2.6	1290.1	10800	1350097200	467384	15.11	3	10	5
2012-10-13 04:00:00	0.9	1280.4	14400	1350100800	462334	15.11	4	10	5
2012-10-13 05:00:00	0.7	1270.7	18000	1350104400	457747	15.11	5	10	5
2012-10-13 06:00:00	1.1	1261.0	21600	1350108000	453317	15.11	6	10	5
2012-10-13 07:00:00	3.7	1328.9	25200	1350111600	486619	15.11	7	10	5
2012-10-13 08:00:00	4.7	1338.6	28800	1350115200	491934	15.11	8	10	5
2012-10-13 09:00:00	5.4	1358.0	32400	1350118800	502033	15.11	9	10	5
2012-10-13 10:00:00	5.3	1183.4	36000	1350122400	420000	15.11	10	10	5
2012-10-13 11:00:00	5.9	1600.5	39600	1350126000	558037	15.11	11	10	5
2012-10-13 12:00:00	6.6	1542.3	43200	1350129600	511969	15.11	12	10	5
2012-10-13 13:00:00	6.8	1513.2	46800	1350133200	534842	15.11	13	10	5
2012-10-13 14:00:00	7.5	1484.1	50400	1350136800	574309	15.11	14	10	5
2012-10-13 15:00:00	7.3	1542.3	54000	1350140400	512932	15.11	15	10	5
2012-10-13 16:00:00	6.5	1522.9	57600	1350144000	525680	15.11	16	10	5
2012-10-13 17:00:00	6.2	1522.9	61200	1350147600	525377	15.11	17	10	5
2012-10-13 18:00:00	5.7	1455.0	64800	1350151200	552729	15.11	18	10	5
2012-10-13 19:00:00	5.8	1435.6	68400	1350154800	542424	15.11	19	10	5
2012-10-13 20:00:00	5.6	1348.3	72000	1350158400	497315	15.11	20	10	5
2012-10-13 21:00:00	5.6	1173.7	75600	1350162000	415963	15.11	21	10	5
2012-10-13 22:00:00	6.8	1358.0	79200	1350165600	503138	15.11	22	10	5
2012-10-13 23:00:00	7.5	1328.9	82800	1350169200	489384	15.11	23	10	5
2012-10-14 00:00:00	7.8	1299.8	0	1350172800	475552	15.11	0	10	6
2012-10-14 01:00:00	6.7	1251.3	3600	1350176400	451510	15.11	1	10	6
2012-10-14 02:00:00	8.0	1183.4	7200	1350180000	422165	15.11	2	10	6
2012-10-14 03:00:00	7.8	1193.1	10800	1350183600	426213	15.11	3	10	6
2012-10-14 04:00:00	6.7	1212.5	14400	1350187200	433834	15.11	4	10	6
2012-10-14 05:00:00	6.4	1212.5	18000	1350190800	433604	15.11	5	10	6
2012-10-14 06:00:00	8.0	1261.0	21600	1350194400	457359	15.11	6	10	6
2012-10-14 07:00:00	9.9	1290.1	25200	1350198000	475749	15.11	7	10	6
2012-10-14 08:00:00	11.5	1358.0	28800	1350201600	525870	15.11	8	10	6
2012-10-14 09:00:00	13.5	1484.1	32400	1350205200	640219	17.11	9	10	6
2012-10-14 10:00:00	13.9	1358.0	36000	1350208800	572338	17.11	10	10	6
2012-10-14 11:00:00	13.9	1416.2	39600	1350212400	606296	17.11	11	10	6
2012-10-14 12:00:00	15.0	1455.0	43200	1350216000	651043	18.11	12	10	6
2012-10-14 13:00:00	15.2	1416.2	46800	1350219600	631402	18.11	13	10	6
2012-10-14 14:00:00	15.2	1464.7	50400	1350223200	661555	18.11	14	10	6
2012-10-14 15:00:00	15.2	1445.3	54000	1350226800	649375	18.11	15	10	6
2012-10-14 16:00:00	14.8	1445.3	57600	1350230400	641271	18.11	16	10	6
2012-10-14 17:00:00	14.4	1464.7	61200	1350234000	647223	18.11	17	10	6
2012-10-14 18:00:00	14.2	1435.6	64800	1350237600	624803	17.11	18	10	6
2012-10-14 19:00:00	14.8	1416.2	68400	1350241200	623546	18.11	19	10	6
2012-10-14 20:00:00	15.1	1396.8	72000	1350244800	617462	18.11	20	10	6
2012-10-14 21:00:00	15.3	1358.0	75600	1350248400	598784	18.11	21	10	6
2012-10-14 22:00:00	15.2	1348.3	79200	1350252000	590869	18.11	22	10	6
2012-10-14 23:00:00	15.4	1396.8	82800	1350255600	642430	15.11	23	10	6
2012-10-15 00:00:00	15.8	1377.4	0	1350259200	639398	15.11	0	10	0
2012-10-15 01:00:00	15.8	1358.0	3600	1350262800	628515	15.11	1	10	0
2012-10-15 02:00:00	15.8	1358.0	7200	1350266400	628515	15.11	2	10	0
2012-10-15 03:00:00	15.6	1358.0	10800	1350270000	624594	15.11	3	10	0
2012-10-15 04:00:00	15.8	1358.0	14400	1350273600	628515	15.11	4	10	0
2012-10-15 05:00:00	15.9	1358.0	18000	1350277200	630466	15.11	5	10	0
2012-10-15 06:00:00	16.1	1358.0	21600	1350280800	611976	19.11	6	10	0
2012-10-15 07:00:00	16.6	1358.0	25200	1350284400	643950	16.11	7	10	0
2012-10-15 08:00:00	17.0	1358.0	28800	1350288000	627380	20.11	8	10	0
2012-10-15 09:00:00	17.3	1406.5	32400	1350291600	662326	20.11	9	10	0
2012-10-15 10:00:00	18.1	1231.9	36000	1350295200	571767	21.11	10	10	0
2012-10-15 11:00:00	18.0	1716.9	39600	1350298800	786847	21.11	11	10	0
2012-10-15 12:00:00	18.0	1707.2	43200	1350302400	781932	21.11	12	10	0
2012-10-15 13:00:00	15.9	1687.8	46800	1350306000	768312	15.11	13	10	0
2012-10-15 14:00:00	16.4	1678.1	50400	1350309600	730923	19.11	14	10	0
2012-10-15 15:00:00	17.5	1149.45	54000	1350313200	518896	20.11	15	10	0
2012-10-15 16:00:00	16.5	1687.8	57600	1350316800	738359	19.11	16	10	0
2012-10-15 17:00:00	16.5	1542.3	61200	1350320400	753315	16.11	17	10	0
2012-10-15 18:00:00	14.6	1455.0	64800	1350324000	644025	18.11	18	10	0
2012-10-15 19:00:00	14.3	1358.0	68400	1350327600	581163	17.11	19	10	0
2012-10-15 20:00:00	13.4	1328.9	72000	1350331200	548489	17.11	20	10	0
2012-10-15 21:00:00	11.8	1231.9	75600	1350334800	465276	15.11	21	10	0
2012-10-15 22:00:00	11.0	1290.1	79200	1350338400	483253	15.11	22	10	0
2012-10-15 23:00:00	10.2	1290.1	82800	1350342000	477174	15.11	23	10	0
2012-10-16 00:00:00	9.7	1280.4	0	1350345600	470254	15.11	0	10	1
2012-10-16 01:00:00	9.1	1261.0	3600	1350349200	459262	15.11	1	10	1
2012-10-16 02:00:00	8.6	1212.5	7200	1350352800	435922	15.11	2	10	1
2012-10-16 03:00:00	8.3	1212.5	10800	1350356400	435480	15.11	3	10	1
2012-10-16 04:00:00	7.5	1212.5	14400	1350360000	434544	15.11	4	10	1
2012-10-16 05:00:00	7.5	1202.8	18000	1350363600	430206	15.11	5	10	1
2012-10-16 06:00:00	7.8	1241.6	21600	1350367200	448102	15.11	6	10	1
2012-10-16 07:00:00	9.4	1309.5	25200	1350370800	483462	15.11	7	10	1
2012-10-16 08:00:00	10.2	1416.2	28800	1350374400	542558	15.11	8	10	1
2012-10-16 09:00:00	10.2	1600.5	32400	1350378000	566129	15.11	9	10	1
2012-10-16 10:00:00	10.2	1348.3	36000	1350381600	506535	15.11	10	10	1
2012-10-16 11:00:00	10.5	1755.7	39600	1350385200	633797	15.11	11	10	1
2012-10-16 12:00:00	11.0	1775.1	43200	1350388800	647489	15.11	12	10	1
2012-10-16 13:00:00	10.3	1716.9	46800	1350392400	615333	15.11	13	10	1
2012-10-16 14:00:00	10.8	1755.7	50400	1350396000	636421	15.11	14	10	1
2012-10-16 15:00:00	10.8	1687.8	54000	1350399600	606412	15.11	15	10	1
2012-10-16 16:00:00	10.0	1561.7	57600	1350403200	513471	15.11	16	10	1
2012-10-16 17:00:00	9.7	1455.0	61200	1350406800	560819	15.11	17	10	1
2012-10-16 18:00:00	8.9	1367.7	64800	1350410400	511319	15.11	18	10	1
2012-10-16 19:00:00	7.8	1358.0	68400	1350414000	504296	15.11	19	10	1
2012-10-16 20:00:00	7.5	1387.1	72000	1350417600	518738	15.11	20	10	1
2012-10-16 21:00:00	7.2	1348.3	75600	1350421200	498680	15.11	21	10	1
2012-10-16 22:00:00	6.7	1241.6	79200	1350424800	447038	15.11	22	10	1
2012-10-16 23:00:00	6.1	1164.0	82800	1350428400	412102	15.11	23	10	1
2012-10-17 00:00:00	5.0	1154.3	0	1350432000	407269	15.11	0	10	2
2012-10-17 01:00:00	5.8	960.3	3600	1350435600	332126	15.11	1	10	2
2012-10-17 02:00:00	5.6	1348.3	7200	1350439200	497315	15.11	2	10	2
2012-10-17 03:00:00	5.3	1358.0	10800	1350442800	501968	15.11	3	10	2
2012-10-17 04:00:00	5.0	1358.0	14400	1350446400	501779	15.11	4	10	2
2012-10-17 05:00:00	4.5	1358.0	18000	1350450000	501485	15.11	5	10	2
2012-10-17 06:00:00	5.3	1416.2	21600	1350453600	531824	15.11	6	10	2
2012-10-17 07:00:00	7.2	1435.6	25200	1350457200	543792	15.11	7	10	2
2012-10-17 08:00:00	8.9	1668.4	28800	1350460800	589564	15.11	8	10	2
2012-10-17 09:00:00	11.7	1687.8	32400	1350464400	619118	15.11	9	10	2
2012-10-17 10:00:00	12.0	1212.5	36000	1350468000	459536	15.11	10	10	2
2012-10-17 11:00:00	11.5	1493.8	39600	1350471600	586575	15.11	11	10	2
2012-10-17 12:00:00	11.9	1290.1	43200	1350475200	497196	15.11	12	10	2
2012-10-17 13:00:00	11.7	1280.4	46800	1350478800	488156	15.11	13	10	2
2012-10-17 14:00:00	12.4	1299.8	50400	1350482400	513254	16.11	14	10	2
2012-10-17 15:00:00	13.2	1328.9	54000	1350486000	543960	16.11	15	10	2
2012-10-17 16:00:00	12.5	1348.3	57600	1350489600	540775	16.11	16	10	2
2012-10-17 17:00:00	12.2	1319.2	61200	1350493200	520119	15.11	17	10	2
2012-10-17 18:00:00	12.0	1290.1	64800	1350496800	499426	15.11	18	10	2
2012-10-17 19:00:00	11.5	1261.0	68400	1350500400	474892	15.11	19	10	2
2012-10-17 20:00:00	10.2	1202.8	72000	1350504000	435736	15.11	20	10	2
2012-10-17 21:00:00	9.9	1154.3	75600	1350507600	413024	15.11	21	10	2
2012-10-17 22:00:00	9.4	1173.7	79200	1350511200	420172	15.11	22	10	2
2012-10-17 23:00:00	9.1	1154.3	82800	1350514800	411119	15.11	23	10	2
2012-10-18 00:00:00	8.0	58.2	0	1350518400	35675	15.11	0	10	3
2012-10-18 01:00:00	8.0	979.7	3600	1350522000	340637	15.11	1	10	3
2012-10-18 02:00:00	8.3	1134.9	7200	1350525600	401674	15.11	2	10	3
2012-10-18 03:00:00	7.2	1115.5	10800	1350529200	392504	15.11	3	10	3
2012-10-18 04:00:00	7.2	1105.8	14400	1350532800	388523	15.11	4	10	3
2012-10-18 05:00:00	7.2	640.2	18000	1350536400	232805	15.11	5	10	3
2012-10-18 06:00:00	7.5	931.2	21600	1350540000	323104	15.11	6	10	3
2012-10-18 07:00:00	11.5	979.7	25200	1350543600	349724	15.11	7	10	3
2012-10-18 08:00:00	13.6	999.1	28800	1350547200	390509	16.11	8	10	3
2012-10-18 09:00:00	14.0	58.2	32400	1350550800	38652	16.11	9	10	3
2012-10-18 10:00:00	14.2	1222.2	36000	1350554400	504079	17.11	10	10	3
2012-10-18 11:00:00	15.3	1309.5	39600	1350558000	570726	18.11	11	10	3
2012-10-18 12:00:00	14.9	1367.7	43200	1350561600	596454	18.11	12	10	3
2012-10-18 13:00:00	14.6	1484.1	46800	1350565200	662122	18.11	13	10	3
2012-10-18 14:00:00	14.9	1522.9	50400	1350568800	692276	18.11	14	10	3
2012-10-18 15:00:00	14.9	1513.2	54000	1350572400	685984	18.11	15	10	3
2012-10-18 16:00:00	15.3	1532.6	57600	1350576000	721590	15.11	16	10	3
2012-10-18 17:00:00	14.7	1503.5	61200	1350579600	676040	18.11	17	10	3
2012-10-18 18:00:00	14.8	1493.8	64800	1350583200	671625	18.11	18	10	3
2012-10-18 19:00:00	15.1	1445.3	68400	1350586800	647111	18.11	19	10	3
2012-10-18 20:00:00	15.5	1202.8	72000	1350590400	516852	18.11	20	10	3
2012-10-18 21:00:00	15.8	999.1	75600	1350594000	424750	18.11	21	10	3
2012-10-18 22:00:00	16.1	1154.3	79200	1350597600	500589	19.11	22	10	3
2012-10-18 23:00:00	16.7	1105.8	82800	1350601200	486692	19.11	23	10	3
2012-10-19 00:00:00	16.5	1280.4	0	1350604800	575054	19.11	0	10	4
2012-10-19 01:00:00	16.7	1251.3	3600	1350608400	588002	16.11	1	10	4
2012-10-19 02:00:00	17.1	1425.9	7200	1350612000	670823	20.11	2	10	4
2012-10-19 03:00:00	17.1	989.4	10800	1350615600	438714	20.11	3	10	4
2012-10-19 04:00:00	17.1	989.4	14400	1350619200	438714	20.11	4	10	4
2012-10-19 05:00:00	17.4	989.4	18000	1350622800	441321	20.11	5	10	4
2012-10-19 06:00:00	17.4	1280.4	21600	1350626400	588451	20.11	6	10	4
2012-10-19 07:00:00	17.9	999.1	25200	1350630000	453316	20.11	7	10	4
2012-10-19 09:00:00	18.6	1309.5	32400	1350637200	624466	21.11	9	10	4
2012-10-19 10:00:00	18.6	989.4	36000	1350640800	456261	21.11	10	10	4
2012-10-19 11:00:00	18.8	1503.5	39600	1350644400	774438	18.11	11	10	4
2012-10-19 12:00:00	19.1	1639.3	43200	1350648000	769109	22.11	12	10	4
2012-10-19 13:00:00	18.8	1164.0	46800	1350651600	545849	21.11	13	10	4
2012-10-19 14:00:00	19.6	1251.3	50400	1350655200	603823	22.11	14	10	4
2012-10-19 15:00:00	19.4	1367.7	54000	1350658800	671205	22.11	15	10	4
2012-10-19 16:00:00	19.2	1411.35	57600	1350662400	696087	22.11	16	10	4
2012-10-19 17:00:00	17.2	1881.8	61200	1350666000	855689	20.11	17	10	4
2012-10-19 18:00:00	17.1	1813.9	64800	1350669600	816673	20.11	18	10	4
2012-10-19 19:00:00	16.8	1222.2	68400	1350673200	574853	16.11	19	10	4
2012-10-19 20:00:00	16.0	1697.5	72000	1350676800	732397	19.11	20	10	4
2012-10-19 21:00:00	14.9	989.4	75600	1350680400	407713	18.11	21	10	4
2012-10-19 22:00:00	14.0	1590.8	79200	1350684000	649516	15.11	22	10	4
2012-10-20 00:00:00	12.1	1387.1	0	1350691200	555295	15.11	0	10	5
2012-10-20 01:00:00	11.0	1290.1	3600	1350694800	483253	15.11	1	10	5
2012-10-20 02:00:00	10.5	989.4	7200	1350698400	348276	15.11	2	10	5
2012-10-20 03:00:00	9.7	999.1	10800	1350702000	349924	15.11	3	10	5
2012-10-20 04:00:00	9.4	58.2	14400	1350705600	35675	15.11	4	10	5
2012-10-20 05:00:00	8.6	58.2	18000	1350709200	35675	15.11	5	10	5
2012-10-20 06:00:00	8.6	58.2	21600	1350712800	35675	15.11	6	10	5
2012-10-20 07:00:00	10.2	1270.7	25200	1350716400	467696	15.11	7	10	5
2012-10-20 08:00:00	12.0	1358.0	28800	1350720000	536314	15.11	8	10	5
2012-10-20 09:00:00	12.5	1416.2	32400	1350723600	579073	16.11	9	10	5
2012-10-20 10:00:00	12.2	1241.6	36000	1350727200	478933	15.11	10	10	5
2012-10-20 11:00:00	12.4	1338.6	39600	1350730800	534019	16.11	11	10	5
2012-10-20 12:00:00	11.9	1358.0	43200	1350734400	533926	15.11	12	10	5
2012-10-20 13:00:00	11.7	1435.6	46800	1350738000	573500	15.11	13	10	5
2012-10-20 14:00:00	11.7	1416.2	50400	1350741600	562303	15.11	14	10	5
2012-10-20 15:00:00	10.8	1474.4	54000	1350745200	596094	16.11	15	10	5
2012-10-20 16:00:00	10.5	1503.5	57600	1350748800	559332	15.11	16	10	5
2012-10-20 17:00:00	10.2	1464.7	61200	1350752400	569462	15.11	17	10	5
2012-10-20 18:00:00	9.4	1435.6	64800	1350756000	548786	15.11	18	10	5
2012-10-20 19:00:00	8.6	1358.0	68400	1350759600	505673	15.11	19	10	5
2012-10-20 20:00:00	8.4	1367.7	72000	1350763200	510209	15.11	20	10	5
2012-10-20 21:00:00	8.5	1222.2	75600	1350766800	440160	15.11	21	10	5
2012-10-20 22:00:00	8.4	1280.4	79200	1350770400	467109	15.11	22	10	5
2012-10-20 23:00:00	7.9	1251.3	82800	1350774000	452708	15.11	23	10	5
2012-10-21 00:00:00	8.1	1202.8	0	1350777600	430869	15.11	0	10	6
2012-10-21 01:00:00	7.3	1183.4	3600	1350781200	421450	15.11	1	10	6
2012-10-21 02:00:00	7.6	1202.8	7200	1350784800	430307	15.11	2	10	6
2012-10-21 03:00:00	7.1	1154.3	10800	1350788400	408696	15.11	3	10	6
2012-10-21 04:00:00	6.8	1144.6	14400	1350792000	404335	15.11	4	10	6
2012-10-21 05:00:00	6.5	1134.9	18000	1350795600	400028	15.11	5	10	6
2012-10-21 06:00:00	6.7	1202.8	21600	1350799200	429503	15.11	6	10	6
2012-10-21 07:00:00	8.6	1231.9	25200	1350802800	444749	15.11	7	10	6
2012-10-21 08:00:00	9.5	1280.4	28800	1350806400	469588	15.11	8	10	6
2012-10-21 09:00:00	10.5	1309.5	32400	1350810000	488698	15.11	9	10	6
2012-10-21 10:00:00	11.0	1290.1	36000	1350813600	483253	15.11	10	10	6
2012-10-21 11:00:00	11.3	1600.5	39600	1350817200	574578	15.11	11	10	6
2012-10-21 12:00:00	10.8	1658.7	43200	1350820800	593944	15.11	12	10	6
2012-10-21 13:00:00	11.0	1678.1	46800	1350824400	604146	15.11	13	10	6
2012-10-21 14:00:00	10.6	1697.5	50400	1350828000	608966	15.11	14	10	6
2012-10-21 15:00:00	10.5	1134.9	54000	1350831600	406893	15.11	15	10	6
2012-10-21 16:00:00	10.5	1707.2	57600	1350835200	612436	15.11	16	10	6
2012-10-21 17:00:00	9.5	1649.0	61200	1350838800	583171	15.11	17	10	6
2012-10-21 18:00:00	8.9	1542.3	64800	1350842400	516611	15.11	18	10	6
2012-10-21 19:00:00	8.1	1455.0	68400	1350846000	555633	15.11	19	10	6
2012-10-21 20:00:00	7.8	1358.0	72000	1350849600	504296	15.11	20	10	6
2012-10-21 21:00:00	7.3	1261.0	75600	1350853200	456562	15.11	21	10	6
2012-10-21 22:00:00	7.0	1387.1	79200	1350856800	518149	15.11	22	10	6
2012-10-21 23:00:00	6.8	1367.7	82800	1350860400	508038	15.11	23	10	6
2012-10-22 00:00:00	6.2	1358.0	0	1350864000	502614	15.11	0	10	0
2012-10-22 01:00:00	6.0	1319.2	3600	1350867600	483245	15.11	1	10	0
2012-10-22 02:00:00	6.2	1261.0	7200	1350871200	455628	15.11	2	10	0
2012-10-22 03:00:00	6.2	1270.7	10800	1350874800	460168	15.11	3	10	0
2012-10-22 04:00:00	6.2	1290.1	14400	1350878400	469353	15.11	4	10	0
2012-10-22 05:00:00	5.7	1290.1	18000	1350882000	468998	15.11	5	10	0
2012-10-22 06:00:00	5.9	1338.6	21600	1350885600	492707	15.11	6	10	0
2012-10-22 07:00:00	8.7	1425.9	25200	1350889200	541290	15.11	7	10	0
2012-10-22 08:00:00	10.5	1464.7	28800	1350892800	572104	15.11	8	10	0
2012-10-22 09:00:00	11.0	1552.0	32400	1350896400	528437	15.11	9	10	0
2012-10-22 10:00:00	11.7	1183.4	36000	1350900000	439833	15.11	10	10	0
2012-10-22 11:00:00	12.0	1571.4	39600	1350903600	543176	15.11	11	10	0
2012-10-22 12:00:00	12.0	1639.3	43200	1350907200	604384	15.11	12	10	0
2012-10-22 13:00:00	12.2	1649.0	46800	1350910800	614590	15.11	13	10	0
2012-10-22 14:00:00	12.3	1697.5	50400	1350914400	640574	15.11	14	10	0
2012-10-22 15:00:00	12.3	1678.1	54000	1350918000	631437	15.11	15	10	0
2012-10-22 16:00:00	12.0	1629.6	57600	1350921600	600054	15.11	16	10	0
2012-10-22 17:00:00	11.0	1649.0	61200	1350925200	591663	15.11	17	10	0
2012-10-22 18:00:00	10.4	1571.4	64800	1350928800	514207	15.11	18	10	0
2012-10-22 19:00:00	9.7	1503.5	68400	1350932400	553080	15.11	19	10	0
2012-10-22 20:00:00	9.7	1396.8	72000	1350936000	529262	15.11	20	10	0
2012-10-22 21:00:00	9.1	1183.4	75600	1350939600	423809	15.11	21	10	0
2012-10-22 22:00:00	9.1	1425.9	79200	1350943200	542449	15.11	22	10	0
2012-10-22 23:00:00	9.1	1425.9	82800	1350946800	542449	15.11	23	10	0
2012-10-23 00:00:00	8.8	1396.8	0	1350950400	526146	15.11	0	10	1
2012-10-23 01:00:00	8.6	1377.4	3600	1350954000	515595	15.11	1	10	1
2012-10-23 02:00:00	8.6	1193.1	7200	1350957600	427240	15.11	2	10	1
2012-10-23 03:00:00	8.6	950.6	10800	1350961200	330847	15.11	3	10	1
2012-10-23 04:00:00	8.6	1164.0	14400	1350964800	414488	15.11	4	10	1
2012-10-23 05:00:00	8.8	1183.4	18000	1350968400	423269	15.11	5	10	1
2012-10-23 06:00:00	8.8	1212.5	21600	1350972000	436256	15.11	6	10	1
2012-10-23 07:00:00	11.2	1309.5	25200	1350975600	495534	15.11	7	10	1
2012-10-23 08:00:00	12.5	1377.4	28800	1350979200	556952	16.11	8	10	1
2012-10-23 09:00:00	13.2	1493.8	32400	1350982800	641368	16.11	9	10	1
2012-10-23 10:00:00	14.6	1280.4	36000	1350986400	543259	18.11	10	10	1
2012-10-23 11:00:00	15.3	1416.2	39600	1350990000	651524	15.11	11	10	1
2012-10-23 12:00:00	16.0	1435.6	43200	1350993600	657450	19.11	12	10	1
2012-10-23 13:00:00	16.2	1231.9	46800	1350997200	542332	19.11	13	10	1
2012-10-23 14:00:00	16.7	1241.6	50400	1351000800	582988	16.11	14	10	1
2012-10-23 15:00:00	16.5	1280.4	54000	1351004400	575054	19.11	15	10	1
2012-10-23 16:00:00	15.9	1280.4	57600	1351008000	588478	15.11	16	10	1
2012-10-23 17:00:00	15.3	1280.4	61200	1351011600	554379	18.11	17	10	1
2012-10-23 18:00:00	15.1	1290.1	64800	1351015200	555805	18.11	18	10	1
2012-10-23 19:00:00	14.2	1261.0	68400	1351018800	524599	17.11	19	10	1
2012-10-23 20:00:00	14.2	1280.4	72000	1351022400	535100	17.11	20	10	1
2012-10-23 21:00:00	13.5	1309.5	75600	1351026000	539149	17.11	21	10	1
2012-10-23 22:00:00	13.7	1212.5	79200	1351029600	491018	17.11	22	10	1
2012-10-23 23:00:00	13.5	1164.0	82800	1351033200	464706	16.11	23	10	1
2012-10-24 00:00:00	13.2	1115.5	0	1351036800	434310	16.11	0	10	2
2012-10-24 01:00:00	12.9	1115.5	3600	1351040400	429237	16.11	1	10	2
2012-10-24 02:00:00	13.2	1290.1	7200	1351044000	522618	16.11	2	10	2
2012-10-24 03:00:00	13.2	1280.4	10800	1351047600	517378	16.11	3	10	2
2012-10-24 04:00:00	12.9	1290.1	14400	1351051200	516092	16.11	4	10	2
2012-10-24 05:00:00	12.1	1212.5	18000	1351054800	461731	15.11	5	10	2
2012-10-24 06:00:00	12.4	1251.3	21600	1351058400	488206	16.11	6	10	2
2012-10-24 07:00:00	14.2	1251.3	25200	1351062000	519408	17.11	7	10	2
2012-10-24 08:00:00	15.5	1290.1	28800	1351065600	585992	15.11	8	10	2
2012-10-24 09:00:00	16.4	1358.0	32400	1351069200	618078	19.11	9	10	2
2012-10-24 10:00:00	17.4	1358.0	36000	1351072800	634360	20.11	10	10	2
2012-10-24 11:00:00	17.8	1629.6	39600	1351076400	739230	20.11	11	10	2
2012-10-24 12:00:00	18.3	1668.4	43200	1351080000	766573	21.11	12	10	2
2012-10-24 13:00:00	18.6	1639.3	46800	1351083600	757823	21.11	13	10	2
2012-10-24 14:00:00	18.6	1649.0	50400	1351087200	762675	21.11	14	10	2
2012-10-24 15:00:00	18.7	1590.8	54000	1351090800	831185	18.11	15	10	2
2012-10-24 16:00:00	18.4	1687.8	57600	1351094400	778080	21.11	16	10	2
2012-10-24 17:00:00	18.0	1639.3	61200	1351098000	748358	21.11	17	10	2
2012-10-24 18:00:00	17.6	1571.4	64800	1351101600	795386	17.11	18	10	2
2012-10-24 19:00:00	16.8	1542.3	68400	1351105200	759594	16.11	19	10	2
2012-10-24 20:00:00	15.7	1513.2	72000	1351108800	718014	15.11	20	10	2
2012-10-24 21:00:00	16.1	1377.4	75600	1351112400	623562	19.11	21	10	2
2012-10-24 22:00:00	16.1	1455.0	79200	1351116000	671576	19.11	22	10	2
2012-10-24 23:00:00	16.4	1270.7	82800	1351119600	567374	19.11	23	10	2
2012-10-25 00:00:00	15.6	1290.1	0	1351123200	587900	15.11	0	10	3
2012-10-25 01:00:00	15.6	1251.3	3600	1351126800	567813	15.11	1	10	3
2012-10-25 02:00:00	15.6	1377.4	7200	1351130400	635441	15.11	2	10	3
2012-10-25 03:00:00	15.6	1377.4	10800	1351134000	635441	15.11	3	10	3
2012-10-25 04:00:00	15.6	1387.1	14400	1351137600	640924	15.11	4	10	3
2012-10-25 05:00:00	15.6	1406.5	18000	1351141200	652012	15.11	5	10	3
2012-10-25 06:00:00	15.3	1445.3	21600	1351144800	668495	15.11	6	10	3
2012-10-25 07:00:00	15.3	1503.5	25200	1351148400	703527	15.11	7	10	3
2012-10-25 08:00:00	15.3	1493.8	28800	1351152000	697588	15.11	8	10	3
2012-10-25 09:00:00	15.6	1649.0	32400	1351155600	700204	18.11	9	10	3
2012-10-25 10:00:00	15.6	1115.5	36000	1351159200	474693	18.11	10	10	3
2012-10-25 11:00:00	15.9	58.2	39600	1351162800	42007	18.11	11	10	3
2012-10-25 12:00:00	16.1	58.2	43200	1351166400	42211	18.11	12	10	3
2012-10-25 13:00:00	16.3	1406.5	46800	1351170000	645368	19.11	13	10	3
2012-10-25 14:00:00	16.2	1212.5	50400	1351173600	531970	19.11	14	10	3
2012-10-25 15:00:00	16.4	1212.5	54000	1351177200	535460	19.11	15	10	3
2012-10-25 16:00:00	16.3	1193.1	57600	1351180800	523384	19.11	16	10	3
2012-10-25 17:00:00	16.3	1193.1	61200	1351184400	523384	19.11	17	10	3
2012-10-25 18:00:00	15.6	1212.5	64800	1351188000	548365	15.11	18	10	3
2012-10-25 19:00:00	15.3	1164.0	68400	1351191600	492707	18.11	19	10	3
2012-10-25 20:00:00	15.3	1222.2	72000	1351195200	522794	18.11	20	10	3
2012-10-25 21:00:00	15.3	1144.6	75600	1351198800	483016	18.11	21	10	3
2012-10-25 22:00:00	15.3	1202.8	79200	1351202400	512598	18.11	22	10	3
2012-10-25 23:00:00	15.1	1212.5	82800	1351206000	514106	18.11	23	10	3
2012-10-26 00:00:00	15.1	1183.4	0	1351209600	499162	18.11	0	10	4
2012-10-26 01:00:00	15.3	1164.0	3600	1351213200	492707	18.11	1	10	4
2012-10-26 02:00:00	15.6	940.9	7200	1351216800	395797	18.11	2	10	4
2012-10-26 03:00:00	15.6	911.8	10800	1351220400	384028	18.11	3	10	4
2012-10-26 04:00:00	15.6	882.7	14400	1351224000	372667	18.11	4	10	4
2012-10-26 05:00:00	15.4	863.3	18000	1351227600	362988	18.11	5	10	4
2012-10-26 07:00:00	15.6	873.0	25200	1351234800	368971	18.11	7	10	4
2012-10-26 08:00:00	15.9	921.5	28800	1351238400	393680	18.11	8	10	4
2012-10-26 09:00:00	16.1	1008.8	32400	1351242000	432807	19.11	9	10	4
2012-10-26 10:00:00	15.9	698.4	36000	1351245600	326221	15.11	10	10	4
2012-10-26 11:00:00	16.1	756.6	39600	1351249200	354665	19.11	11	10	4
2012-10-26 12:00:00	16.1	746.9	43200	1351252800	348292	19.11	12	10	4
2012-10-26 13:00:00	16.7	591.7	46800	1351256400	263273	19.11	13	10	4
2012-10-26 14:00:00	16.7	1193.1	50400	1351260000	558529	16.11	14	10	4
2012-10-26 15:00:00	16.7	1134.9	54000	1351263600	501317	19.11	15	10	4
2012-10-26 16:00:00	16.4	1154.3	57600	1351267200	505082	19.11	16	10	4
2012-10-26 17:00:00	16.2	834.2	61200	1351270800	365009	19.11	17	10	4
2012-10-26 18:00:00	16.0	1134.9	64800	1351274400	489843	19.11	18	10	4
2012-10-26 19:00:00	15.3	960.3	68400	1351278000	399566	18.11	19	10	4
2012-10-26 20:00:00	15.3	1047.6	72000	1351281600	437127	18.11	20	10	4
2012-10-26 21:00:00	15.0	698.4	75600	1351285200	307739	18.11	21	10	4
2012-10-26 22:00:00	14.6	717.8	79200	1351288800	316088	18.11	22	10	4
2012-10-26 23:00:00	14.8	717.8	82800	1351292400	317666	18.11	23	10	4
2012-10-27 00:00:00	14.6	727.5	0	1351296000	322018	18.11	0	10	5
2012-10-27 01:00:00	14.6	688.7	3600	1351299600	298793	18.11	1	10	5
2012-10-27 02:00:00	14.0	698.4	7200	1351303200	298436	17.11	2	10	5
2012-10-27 03:00:00	14.0	698.4	10800	1351306800	298436	17.11	3	10	5
2012-10-27 04:00:00	13.5	698.4	14400	1351310400	294028	17.11	4	10	5
2012-10-27 05:00:00	13.5	708.1	18000	1351314000	299685	17.11	5	10	5
2012-10-27 06:00:00	13.2	688.7	21600	1351317600	285751	16.11	6	10	5
2012-10-27 07:00:00	13.1	698.4	25200	1351321200	290095	16.11	7	10	5
2012-10-27 08:00:00	13.9	717.8	28800	1351324800	308971	17.11	8	10	5
2012-10-27 09:00:00	13.7	737.2	32400	1351328400	318857	17.11	9	10	5
2012-10-27 10:00:00	14.2	970.0	36000	1351332000	386901	17.11	10	10	5
2012-10-27 11:00:00	14.4	1522.9	39600	1351335600	683808	18.11	11	10	5
2012-10-27 12:00:00	14.2	1503.5	43200	1351339200	667161	17.11	12	10	5
2012-10-27 13:00:00	14.2	1474.4	46800	1351342800	648779	17.11	13	10	5
2012-10-27 14:00:00	14.2	1474.4	50400	1351346400	648779	17.11	14	10	5
2012-10-27 15:00:00	14.5	1183.4	54000	1351350000	490826	17.11	15	10	5
2012-10-27 16:00:00	14.5	1542.3	57600	1351353600	697815	18.11	16	10	5
2012-10-27 17:00:00	14.3	1503.5	61200	1351357200	669915	17.11	17	10	5
2012-10-27 18:00:00	14.3	1416.2	64800	1351360800	615636	17.11	18	10	5
2012-10-27 19:00:00	14.1	1358.0	68400	1351364400	576413	17.11	19	10	5
2012-10-27 20:00:00	13.8	1348.3	72000	1351368000	565031	17.11	20	10	5
2012-10-27 21:00:00	13.5	970.0	75600	1351371600	375985	16.11	21	10	5
2012-10-27 22:00:00	13.0	1367.7	79200	1351375200	561028	16.11	22	10	5
2012-10-27 23:00:00	13.0	1348.3	82800	1351378800	550064	16.11	23	10	5
2012-10-28 00:00:00	13.1	1261.0	0	1351382400	504743	16.11	0	10	6
2012-10-28 01:00:00	12.5	1290.1	3600	1351386000	509497	16.11	1	10	6
2012-10-28 02:00:00	11.7	970.0	7200	1351389600	347748	15.11	2	10	6
2012-10-28 03:00:00	10.9	979.7	10800	1351393200	346159	15.11	3	10	6
2012-10-28 04:00:00	11.5	989.4	14400	1351396800	353465	15.11	4	10	6
2012-10-28 05:00:00	12.0	999.1	18000	1351400400	362841	15.11	5	10	6
2012-10-28 06:00:00	11.2	999.1	21600	1351404000	355088	15.11	6	10	6
2012-10-28 07:00:00	10.9	999.1	25200	1351407600	353483	15.11	7	10	6
2012-10-28 08:00:00	9.9	1348.3	28800	1351411200	504908	15.11	8	10	6
2012-10-28 09:00:00	9.7	1396.8	32400	1351414800	529262	15.11	9	10	6
2012-10-28 10:00:00	10.4	1241.6	36000	1351418400	454800	15.11	10	10	6
2012-10-28 11:00:00	10.7	1222.2	39600	1351422000	447481	15.11	11	10	6
2012-10-28 12:00:00	11.2	1251.3	43200	1351425600	466054	15.11	12	10	6
2012-10-28 13:00:00	11.2	1270.7	46800	1351429200	475722	15.11	13	10	6
2012-10-28 14:00:00	11.2	1280.4	50400	1351432800	480615	15.11	14	10	6
2012-10-28 15:00:00	11.2	1309.5	54000	1351436400	495534	15.11	15	10	6
2012-10-28 16:00:00	11.0	1328.9	57600	1351440000	503215	15.11	16	10	6
2012-10-28 17:00:00	10.7	1319.2	61200	1351443600	495204	15.11	17	10	6
2012-10-28 18:00:00	11.0	1309.5	64800	1351447200	493155	15.11	18	10	6
2012-10-28 19:00:00	11.0	1309.5	68400	1351450800	493155	15.11	19	10	6
2012-10-28 20:00:00	11.3	1270.7	72000	1351454400	476975	15.11	20	10	6
2012-10-28 21:00:00	11.3	1241.6	75600	1351458000	462467	15.11	21	10	6
2012-10-28 22:00:00	11.3	1270.7	79200	1351461600	476975	15.11	22	10	6
2012-10-28 23:00:00	11.3	1241.6	82800	1351465200	462467	15.11	23	10	6
2012-10-29 00:00:00	11.0	1222.2	0	1351468800	449857	15.11	0	10	0
2012-10-29 01:00:00	10.7	1212.5	3600	1351472400	442927	15.11	1	10	0
2012-10-29 02:00:00	10.7	1241.6	7200	1351476000	456708	15.11	2	10	0
2012-10-29 03:00:00	10.5	1222.2	10800	1351479600	446216	15.11	3	10	0
2012-10-29 04:00:00	10.2	1241.6	14400	1351483200	453769	15.11	4	10	0
2012-10-29 05:00:00	9.9	1251.3	18000	1351486800	457072	15.11	5	10	0
2012-10-29 06:00:00	9.9	1251.3	21600	1351490400	457072	15.11	6	10	0
2012-10-29 07:00:00	9.9	1270.7	25200	1351494000	466335	15.11	7	10	0
2012-10-29 08:00:00	9.7	1290.1	28800	1351497600	474963	15.11	8	10	0
2012-10-29 09:00:00	9.6	1290.1	32400	1351501200	474611	15.11	9	10	0
2012-10-29 10:00:00	9.6	1115.5	36000	1351504800	395697	15.11	10	10	0
2012-10-29 11:00:00	9.6	1513.2	39600	1351508400	542051	15.11	11	10	0
2012-10-29 12:00:00	9.6	1542.3	43200	1351512000	519714	15.11	12	10	0
2012-10-29 13:00:00	9.6	1581.1	46800	1351515600	505755	15.11	13	10	0
2012-10-29 14:00:00	9.1	1532.6	50400	1351519200	523507	15.11	14	10	0
2012-10-29 15:00:00	9.1	1561.7	54000	1351522800	508380	15.11	15	10	0
2012-10-29 16:00:00	8.8	1552.0	57600	1351526400	511199	15.11	16	10	0
2012-10-29 17:00:00	8.6	1455.0	61200	1351530000	556751	15.11	17	10	0
2012-10-29 18:00:00	8.0	1455.0	64800	1351533600	555443	15.11	18	10	0
2012-10-29 19:00:00	8.0	1358.0	68400	1351537200	504591	15.11	19	10	0
2012-10-29 20:00:00	8.0	1338.6	72000	1351540800	494855	15.11	20	10	0
2012-10-29 21:00:00	7.5	1144.6	75600	1351544400	404925	15.11	21	10	0
2012-10-29 22:00:00	7.5	1290.1	79200	1351548000	470532	15.11	22	10	0
2012-10-29 23:00:00	6.9	1261.0	82800	1351551600	456188	15.11	23	10	0
2012-10-30 00:00:00	6.9	1261.0	0	1351555200	456188	15.11	0	10	1
2012-10-30 01:00:00	6.1	1231.9	3600	1351558800	442150	15.11	1	10	1
2012-10-30 02:00:00	5.5	1115.5	7200	1351562400	391311	15.11	2	10	1
2012-10-30 03:00:00	5.3	1144.6	10800	1351566000	403328	15.11	3	10	1
2012-10-30 04:00:00	5.5	1144.6	14400	1351569600	403449	15.11	4	10	1
2012-10-30 05:00:00	5.0	1134.9	18000	1351573200	399073	15.11	5	10	1
2012-10-30 06:00:00	4.8	1134.9	21600	1351576800	398963	15.11	6	10	1
2012-10-30 07:00:00	5.0	1338.6	25200	1351580400	492111	15.11	7	10	1
2012-10-30 08:00:00	4.5	1455.0	28800	1351584000	551920	15.11	8	10	1
2012-10-30 09:00:00	5.0	1513.2	32400	1351587600	533259	15.11	9	10	1
2012-10-30 10:00:00	4.8	1202.8	36000	1351591200	428256	15.11	10	10	1
2012-10-30 11:00:00	4.5	1290.1	39600	1351594800	468272	15.11	11	10	1
2012-10-30 12:00:00	4.2	1241.6	43200	1351598400	445439	15.11	12	10	1
2012-10-30 13:00:00	4.2	1251.3	46800	1351602000	449903	15.11	13	10	1
2012-10-30 14:00:00	4.8	1309.5	50400	1351605600	477756	15.11	14	10	1
2012-10-30 15:00:00	4.8	1280.4	54000	1351609200	463835	15.11	15	10	1
2012-10-30 16:00:00	5.0	1261.0	57600	1351612800	454846	15.11	16	10	1
2012-10-30 17:00:00	5.0	1261.0	61200	1351616400	454846	15.11	17	10	1
2012-10-30 18:00:00	5.0	1261.0	64800	1351620000	454846	15.11	18	10	1
2012-10-30 19:00:00	5.0	1396.8	68400	1351623600	521537	15.11	19	10	1
2012-10-30 20:00:00	5.0	1348.3	72000	1351627200	496927	15.11	20	10	1
2012-10-30 21:00:00	5.3	1212.5	75600	1351630800	432872	15.11	21	10	1
2012-10-30 22:00:00	5.0	1290.1	79200	1351634400	468557	15.11	22	10	1
2012-10-30 23:00:00	4.7	1280.4	82800	1351638000	463778	15.11	23	10	1
2012-10-31 00:00:00	4.7	1299.8	0	1351641600	473023	15.11	0	10	2
2012-10-31 01:00:00	4.5	1290.1	3600	1351645200	468272	15.11	1	10	2
2012-10-31 02:00:00	4.5	1241.6	7200	1351648800	445599	15.11	2	10	2
2012-10-31 03:00:00	4.5	1222.2	10800	1351652400	436775	15.11	3	10	2
2012-10-31 04:00:00	4.5	1241.6	14400	1351656000	445599	15.11	4	10	2
2012-10-31 05:00:00	4.5	1241.6	18000	1351659600	445599	15.11	5	10	2
2012-10-31 06:00:00	4.5	1241.6	21600	1351663200	445599	15.11	6	10	2
2012-10-31 07:00:00	4.8	1173.7	25200	1351666800	415491	15.11	7	10	2
2012-10-31 08:00:00	5.6	1202.8	28800	1351670400	428731	15.11	8	10	2
2012-10-31 09:00:00	6.5	1251.3	32400	1351674000	451350	15.11	9	10	2
2012-10-31 10:00:00	6.9	1222.2	36000	1351677600	438364	15.11	10	10	2
2012-10-31 11:00:00	6.9	1493.8	39600	1351681200	558108	15.11	11	10	2
2012-10-31 12:00:00	6.7	1503.5	43200	1351684800	545542	15.11	12	10	2
2012-10-31 13:00:00	7.0	1493.8	46800	1351688400	558337	15.11	13	10	2
2012-10-31 14:00:00	6.8	1503.5	50400	1351692000	545724	15.11	14	10	2
2012-10-31 15:00:00	7.0	1484.1	54000	1351695600	573606	15.11	15	10	2
2012-10-31 16:00:00	7.1	1581.1	57600	1351699200	498263	15.11	16	10	2
2012-10-31 17:00:00	7.1	1581.1	61200	1351702800	498263	15.11	17	10	2
2012-10-31 18:00:00	6.6	1455.0	64800	1351706400	553527	15.11	18	10	2
2012-10-31 19:00:00	6.6	1358.0	68400	1351710000	502953	15.11	19	10	2
2012-10-31 20:00:00	6.3	1299.8	72000	1351713600	474075	15.11	20	10	2
2012-10-31 21:00:00	5.8	1193.1	75600	1351717200	424568	15.11	21	10	2
2012-10-31 22:00:00	5.5	1251.3	79200	1351720800	450649	15.11	22	10	2
2012-10-31 23:00:00	5.0	1183.4	82800	1351724400	419824	15.11	23	10	2
