	Twet	Load	Hour(s)	TimeStamp(s)	Power	Tset	Hour	month	DayofWeek
2012-11-01 00:00:00	4.7	1183.4	0	1351728000	419655	15.11	0	11	3
2012-11-01 01:00:00	4.4	1183.4	3600	1351731600	419493	15.11	1	11	3
2012-11-01 02:00:00	4.5	1193.1	7200	1351735200	423801	15.11	2	11	3
2012-11-01 03:00:00	4.7	1183.4	10800	1351738800	419655	15.11	3	11	3
2012-11-01 04:00:00	5.0	1193.1	14400	1351742400	424080	15.11	4	11	3
2012-11-01 05:00:00	5.0	1193.1	18000	1351746000	424080	15.11	5	11	3
2012-11-01 06:00:00	5.3	1222.2	21600	1351749600	437233	15.11	6	11	3
2012-11-01 07:00:00	5.3	1261.0	25200	1351753200	455026	15.11	7	11	3
2012-11-01 08:00:00	5.6	1367.7	28800	1351756800	507058	15.11	8	11	3
2012-11-01 09:00:00	5.6	940.9	32400	1351760400	325267	15.11	9	11	3
2012-11-01 10:00:00	6.1	698.4	36000	1351764000	261167	15.11	10	11	3
2012-11-01 11:00:00	6.1	1299.8	39600	1351767600	473923	15.11	11	11	3
2012-11-01 12:00:00	6.4	1290.1	43200	1351771200	469507	15.11	12	11	3
2012-11-01 13:00:00	6.2	1348.3	46800	1351774800	497756	15.11	13	11	3
2012-11-01 14:00:00	6.2	1348.3	50400	1351778400	497756	15.11	14	11	3
2012-11-01 15:00:00	6.1	1328.9	54000	1351782000	488070	15.11	15	11	3
2012-11-01 16:00:00	6.0	1328.9	57600	1351785600	487995	15.11	16	11	3
2012-11-01 17:00:00	6.0	1348.3	61200	1351789200	497602	15.11	17	11	3
2012-11-01 18:00:00	5.8	1309.5	64800	1351792800	478388	15.11	18	11	3
2012-11-01 19:00:00	5.8	766.3	68400	1351796400	258815	15.11	19	11	3
2012-11-01 20:00:00	5.6	698.4	72000	1351800000	260977	15.11	20	11	3
2012-11-01 21:00:00	5.6	698.4	75600	1351803600	260977	15.11	21	11	3
2012-11-01 22:00:00	5.3	708.1	79200	1351807200	265920	15.11	22	11	3
2012-11-01 23:00:00	5.3	708.1	82800	1351810800	265920	15.11	23	11	3
2012-11-02 00:00:00	4.7	708.1	0	1351814400	265729	15.11	0	11	4
2012-11-02 01:00:00	3.9	708.1	3600	1351818000	265505	15.11	1	11	4
2012-11-02 02:00:00	3.6	688.7	7200	1351821600	255414	15.11	2	11	4
2012-11-02 03:00:00	3.3	1377.4	10800	1351825200	510666	15.11	3	11	4
2012-11-02 05:00:00	4.1	1280.4	18000	1351832400	463453	15.11	5	11	4
2012-11-02 06:00:00	4.1	1280.4	21600	1351836000	463453	15.11	6	11	4
2012-11-02 07:00:00	4.5	1270.7	25200	1351839600	459097	15.11	7	11	4
2012-11-02 08:00:00	5.1	1290.1	28800	1351843200	468617	15.11	8	11	4
2012-11-02 09:00:00	5.6	1328.9	32400	1351846800	487713	15.11	9	11	4
2012-11-02 10:00:00	5.9	1261.0	36000	1351850400	455415	15.11	10	11	4
2012-11-02 11:00:00	6.1	1309.5	39600	1351854000	478604	15.11	11	11	4
2012-11-02 12:00:00	5.7	1387.1	43200	1351857600	517014	15.11	12	11	4
2012-11-02 13:00:00	5.6	1435.6	46800	1351861200	542272	15.11	13	11	4
2012-11-02 14:00:00	5.4	1474.4	50400	1351864800	578726	15.11	14	11	4
2012-11-02 15:00:00	5.0	1493.8	54000	1351868400	556487	15.11	15	11	4
2012-11-02 16:00:00	4.6	1532.6	57600	1351872000	516585	15.11	16	11	4
2012-11-02 17:00:00	4.2	1542.3	61200	1351875600	510051	15.11	17	11	4
2012-11-02 18:00:00	4.5	1571.4	64800	1351879200	498050	15.11	18	11	4
2012-11-02 19:00:00	3.9	1561.7	68400	1351882800	500749	15.11	19	11	4
2012-11-02 20:00:00	3.9	1513.2	72000	1351886400	532609	15.11	20	11	4
2012-11-02 21:00:00	3.9	1261.0	75600	1351890000	454247	15.11	21	11	4
2012-11-02 22:00:00	4.1	1493.8	79200	1351893600	555964	15.11	22	11	4
2012-11-02 23:00:00	3.8	1484.1	82800	1351897200	570799	15.11	23	11	4
2012-11-03 00:00:00	3.6	1474.4	0	1351900800	577507	15.11	0	11	5
2012-11-03 01:00:00	3.4	1231.9	3600	1351904400	440639	15.11	1	11	5
2012-11-03 02:00:00	3.1	1261.0	7200	1351908000	453889	15.11	2	11	5
2012-11-03 03:00:00	3.1	1261.0	10800	1351911600	453889	15.11	3	11	5
2012-11-03 04:00:00	3.1	1251.3	14400	1351915200	449399	15.11	4	11	5
2012-11-03 05:00:00	3.1	1222.2	18000	1351918800	436144	15.11	5	11	5
2012-11-03 06:00:00	3.1	1183.4	21600	1351922400	418973	15.11	6	11	5
2012-11-03 07:00:00	3.4	1173.7	25200	1351926000	414867	15.11	7	11	5
2012-11-03 08:00:00	3.7	1193.1	28800	1351929600	423427	15.11	8	11	5
2012-11-03 09:00:00	3.8	1222.2	32400	1351933200	436420	15.11	9	11	5
2012-11-03 10:00:00	3.8	708.1	36000	1351936800	265478	15.11	10	11	5
2012-11-03 11:00:00	4.3	1552.0	39600	1351940400	505074	15.11	11	11	5
2012-11-03 12:00:00	4.3	1581.1	43200	1351944000	495698	15.11	12	11	5
2012-11-03 13:00:00	4.3	1571.4	46800	1351947600	497926	15.11	13	11	5
2012-11-03 14:00:00	4.5	1581.1	50400	1351951200	495822	15.11	14	11	5
2012-11-03 15:00:00	4.5	1658.7	54000	1351954800	580215	15.11	15	11	5
2012-11-03 16:00:00	4.3	1658.7	57600	1351958400	580092	15.11	16	11	5
2012-11-03 17:00:00	4.2	1629.6	61200	1351962000	568310	15.11	17	11	5
2012-11-03 18:00:00	3.9	1522.9	64800	1351965600	523686	15.11	18	11	5
2012-11-03 19:00:00	3.9	1173.7	68400	1351969200	415053	15.11	19	11	5
2012-11-03 20:00:00	3.6	1096.1	72000	1351972800	382568	15.11	20	11	5
2012-11-03 21:00:00	3.6	698.4	75600	1351976400	260386	15.11	21	11	5
2012-11-03 22:00:00	3.3	1047.6	79200	1351980000	363428	15.11	22	11	5
2012-11-03 23:00:00	2.7	795.4	82800	1351983600	246744	15.11	23	11	5
2012-11-04 00:00:00	1.8	1047.6	0	1351987200	363148	15.11	0	11	6
2012-11-04 01:00:00	0.9	776.0	3600	1351990800	251761	15.11	1	11	6
2012-11-04 02:00:00	0.5	688.7	7200	1351994400	254840	15.11	2	11	6
2012-11-04 03:00:00	-0.1	1270.7	10800	1351998000	457607	15.11	3	11	6
2012-11-04 04:00:00	-0.1	1212.5	14400	1352001600	431097	15.11	4	11	6
2012-11-04 05:00:00	0.7	1173.7	18000	1352005200	414245	15.11	5	11	6
2012-11-04 06:00:00	1.0	1241.6	21600	1352008800	444379	15.11	6	11	6
2012-11-04 07:00:00	1.8	1270.7	25200	1352012400	457996	15.11	7	11	6
2012-11-04 08:00:00	3.6	1377.4	28800	1352016000	510813	15.11	8	11	6
2012-11-04 09:00:00	3.4	1474.4	32400	1352019600	577500	15.11	9	11	6
2012-11-04 10:00:00	4.0	1212.5	36000	1352023200	432157	15.11	10	11	6
2012-11-04 11:00:00	4.8	1581.1	39600	1352026800	495997	15.11	11	11	6
2012-11-04 12:00:00	4.9	902.1	43200	1352030400	311944	15.11	12	11	6
2012-11-04 13:00:00	5.2	916.65	46800	1352034000	316870	15.11	13	11	6
2012-11-04 14:00:00	5.3	916.65	50400	1352037600	316903	15.11	14	11	6
2012-11-04 15:00:00	5.0	916.65	54000	1352041200	316808	15.11	15	11	6
2012-11-04 16:00:00	4.1	916.65	57600	1352044800	316584	15.11	16	11	6
2012-11-04 17:00:00	3.5	916.65	61200	1352048400	316470	15.11	17	11	6
2012-11-04 18:00:00	2.9	902.1	64800	1352052000	311559	15.11	18	11	6
2012-11-04 19:00:00	2.4	1561.7	68400	1352055600	500052	15.11	19	11	6
2012-11-04 20:00:00	1.4	1552.0	72000	1352059200	503681	15.11	20	11	6
2012-11-04 21:00:00	0.8	1222.2	75600	1352062800	435569	15.11	21	11	6
2012-11-04 22:00:00	1.6	1542.3	79200	1352066400	508861	15.11	22	11	6
2012-11-04 23:00:00	2.4	1542.3	82800	1352070000	509193	15.11	23	11	6
2012-11-05 00:00:00	2.7	1464.7	0	1352073600	556225	15.11	0	11	0
2012-11-05 01:00:00	2.7	1367.7	3600	1352077200	505468	15.11	1	11	0
2012-11-05 02:00:00	2.3	1241.6	7200	1352080800	444686	15.11	2	11	0
2012-11-05 03:00:00	2.1	1241.6	10800	1352084400	444631	15.11	3	11	0
2012-11-05 04:00:00	2.1	1261.0	14400	1352088000	453560	15.11	4	11	0
2012-11-05 05:00:00	1.2	1231.9	18000	1352091600	440014	15.11	5	11	0
2012-11-05 06:00:00	1.0	1280.4	21600	1352095200	462355	15.11	6	11	0
2012-11-05 07:00:00	0.7	1348.3	25200	1352098800	495113	15.11	7	11	0
2012-11-05 08:00:00	1.0	1464.7	28800	1352102400	555535	15.11	8	11	0
2012-11-05 09:00:00	1.9	1561.7	32400	1352106000	499789	15.11	9	11	0
2012-11-05 10:00:00	2.3	766.3	36000	1352109600	257753	15.11	10	11	0
2012-11-05 11:00:00	3.1	1542.3	39600	1352113200	509504	15.11	11	11	0
2012-11-05 12:00:00	3.4	1552.0	43200	1352116800	504530	15.11	12	11	0
2012-11-05 13:00:00	3.4	1590.8	46800	1352120400	493760	15.11	13	11	0
2012-11-05 14:00:00	3.9	1619.9	50400	1352124000	564300	15.11	14	11	0
2012-11-05 15:00:00	3.6	1639.3	54000	1352127600	571899	15.11	15	11	0
2012-11-05 16:00:00	2.8	1687.8	57600	1352131200	591313	15.11	16	11	0
2012-11-05 17:00:00	2.2	1687.8	61200	1352134800	591111	15.11	17	11	0
2012-11-05 18:00:00	1.9	1658.7	64800	1352138400	579132	15.11	18	11	0
2012-11-05 19:00:00	1.2	1105.8	68400	1352142000	385978	15.11	19	11	0
2012-11-05 20:00:00	0.9	1008.8	72000	1352145600	348469	15.11	20	11	0
2012-11-05 21:00:00	0.6	766.3	75600	1352149200	257319	15.11	21	11	0
2012-11-05 22:00:00	-0.3	766.3	79200	1352152800	257226	15.11	22	11	0
2012-11-05 23:00:00	-2.0	746.9	82800	1352156400	276983	15.11	23	11	0
2012-11-06 00:00:00	-2.0	737.2	0	1352160000	287668	15.11	0	11	1
2012-11-06 01:00:00	-1.0	727.5	3600	1352163600	274914	15.11	1	11	1
2012-11-06 02:00:00	-2.4	1018.5	7200	1352167200	351805	15.11	2	11	1
2012-11-06 03:00:00	-2.0	1522.9	10800	1352170800	521565	15.11	3	11	1
2012-11-06 04:00:00	-1.5	1445.3	14400	1352174400	544542	15.11	4	11	1
2012-11-06 05:00:00	-1.2	1348.3	18000	1352178000	494762	15.11	5	11	1
2012-11-06 06:00:00	-1.0	1358.0	21600	1352181600	499616	15.11	6	11	1
2012-11-06 07:00:00	-0.8	1484.1	25200	1352185200	569361	15.11	7	11	1
2012-11-06 08:00:00	0.1	1503.5	28800	1352188800	541637	15.11	8	11	1
2012-11-06 09:00:00	0.6	1571.4	32400	1352192400	496190	15.11	9	11	1
2012-11-06 10:00:00	1.7	1348.3	36000	1352196000	495380	15.11	10	11	1
2012-11-06 11:00:00	2.0	1513.2	39600	1352199600	531864	15.11	11	11	1
2012-11-06 12:00:00	2.6	1552.0	43200	1352203200	504187	15.11	12	11	1
2012-11-06 13:00:00	2.7	1561.7	46800	1352206800	500181	15.11	13	11	1
2012-11-06 14:00:00	3.3	916.65	50400	1352210400	316437	15.11	14	11	1
2012-11-06 15:00:00	3.1	916.65	54000	1352214000	316406	15.11	15	11	1
2012-11-06 16:00:00	2.6	916.65	57600	1352217600	316336	15.11	16	11	1
2012-11-06 17:00:00	2.6	916.65	61200	1352221200	316336	15.11	17	11	1
2012-11-06 18:00:00	2.4	916.65	64800	1352224800	316311	15.11	18	11	1
2012-11-06 19:00:00	1.9	916.65	68400	1352228400	316254	15.11	19	11	1
2012-11-06 20:00:00	1.9	1561.7	72000	1352232000	499789	15.11	20	11	1
2012-11-06 21:00:00	1.4	1319.2	75600	1352235600	481001	15.11	21	11	1
2012-11-06 22:00:00	1.6	1532.6	79200	1352239200	515058	15.11	22	11	1
2012-11-06 23:00:00	1.6	1455.0	82800	1352242800	550520	15.11	23	11	1
2012-11-07 00:00:00	0.9	1455.0	0	1352246400	550278	15.11	0	11	2
2012-11-07 01:00:00	0.9	1406.5	3600	1352250000	524689	15.11	1	11	2
2012-11-07 02:00:00	0.9	1290.1	7200	1352253600	466917	15.11	2	11	2
2012-11-07 03:00:00	0.6	1319.2	10800	1352257200	480812	15.11	3	11	2
2012-11-07 04:00:00	0.4	1309.5	14400	1352260800	476084	15.11	4	11	2
2012-11-07 05:00:00	0.6	1309.5	18000	1352264400	476124	15.11	5	11	2
2012-11-07 06:00:00	1.1	1328.9	21600	1352268000	485651	15.11	6	11	2
2012-11-07 07:00:00	1.1	1338.6	25200	1352271600	490413	15.11	7	11	2
2012-11-07 08:00:00	1.4	1416.2	28800	1352275200	529888	15.11	8	11	2
2012-11-07 09:00:00	1.5	1503.5	32400	1352278800	542094	15.11	9	11	2
2012-11-07 10:00:00	1.5	727.5	36000	1352282400	275249	15.11	10	11	2
2012-11-07 11:00:00	2.0	1678.1	39600	1352286000	587063	15.11	11	11	2
2012-11-07 12:00:00	2.8	1697.5	43200	1352289600	595329	15.11	12	11	2
2012-11-07 13:00:00	2.5	1687.8	46800	1352293200	591207	15.11	13	11	2
2012-11-07 14:00:00	2.7	1619.9	50400	1352296800	563834	15.11	14	11	2
2012-11-07 15:00:00	3.0	1668.4	54000	1352300400	583426	15.11	15	11	2
2012-11-07 16:00:00	2.9	1746.0	57600	1352304000	615810	15.11	16	11	2
2012-11-07 17:00:00	2.5	1716.9	61200	1352307600	603322	15.11	17	11	2
2012-11-07 18:00:00	2.4	1590.8	64800	1352311200	493277	15.11	18	11	2
2012-11-07 19:00:00	2.5	1115.5	68400	1352314800	390157	15.11	19	11	2
2012-11-07 20:00:00	2.4	1076.7	72000	1352318400	374556	15.11	20	11	2
2012-11-07 21:00:00	2.6	727.5	75600	1352322000	275482	15.11	21	11	2
2012-11-07 22:00:00	2.0	1076.7	79200	1352325600	374484	15.11	22	11	2
2012-11-07 23:00:00	2.2	1028.2	82800	1352329200	355850	15.11	23	11	2
2012-11-08 00:00:00	1.8	1008.8	0	1352332800	348575	15.11	0	11	3
2012-11-08 01:00:00	1.7	746.9	3600	1352336400	277454	15.11	1	11	3
2012-11-08 02:00:00	1.2	727.5	7200	1352340000	275196	15.11	2	11	3
2012-11-08 03:00:00	0.9	1348.3	10800	1352343600	495161	15.11	3	11	3
2012-11-08 04:00:00	0.7	1299.8	14400	1352347200	471492	15.11	4	11	3
2012-11-08 05:00:00	0.9	1251.3	18000	1352350800	448800	15.11	5	11	3
2012-11-08 06:00:00	0.4	1309.5	21600	1352354400	476084	15.11	6	11	3
2012-11-08 07:00:00	0.6	1367.7	25200	1352358000	504787	15.11	7	11	3
2012-11-08 08:00:00	0.8	1474.4	28800	1352361600	576372	15.11	8	11	3
2012-11-08 09:00:00	1.4	1619.9	32400	1352365200	563492	15.11	9	11	3
2012-11-08 10:00:00	2.2	1396.8	36000	1352368800	520109	15.11	10	11	3
2012-11-08 11:00:00	2.8	916.65	39600	1352372400	316363	15.11	11	11	3
2012-11-08 12:00:00	3.1	916.65	43200	1352376000	316406	15.11	12	11	3
2012-11-08 13:00:00	3.3	916.65	46800	1352379600	316437	15.11	13	11	3
2012-11-08 14:00:00	3.5	1552.0	50400	1352383200	504636	15.11	14	11	3
2012-11-08 15:00:00	3.0	1561.7	54000	1352386800	500324	15.11	15	11	3
2012-11-08 16:00:00	2.8	902.1	57600	1352390400	311546	15.11	16	11	3
2012-11-08 17:00:00	2.2	1542.3	61200	1352394000	509105	15.11	17	11	3
2012-11-08 18:00:00	2.3	1552.0	64800	1352397600	504052	15.11	18	11	3
2012-11-08 19:00:00	2.5	1561.7	68400	1352401200	500090	15.11	19	11	3
2012-11-08 20:00:00	2.5	1639.3	72000	1352404800	571492	15.11	20	11	3
2012-11-08 21:00:00	2.5	1425.9	75600	1352408400	535413	15.11	21	11	3
2012-11-08 22:00:00	2.7	1600.5	79200	1352412000	556207	15.11	22	11	3
2012-11-08 23:00:00	2.5	1455.0	82800	1352415600	550902	15.11	23	11	3
2012-11-09 00:00:00	2.5	1455.0	0	1352419200	550902	15.11	0	11	4
2012-11-09 01:00:00	1.9	1503.5	3600	1352422800	542205	15.11	1	11	4
2012-11-09 02:00:00	1.9	1464.7	7200	1352426400	555876	15.11	2	11	4
2012-11-09 03:00:00	1.3	1425.9	10800	1352430000	534941	15.11	3	11	4
2012-11-09 04:00:00	1.1	1396.8	14400	1352433600	519734	15.11	4	11	4
2012-11-09 05:00:00	0.8	1416.2	18000	1352437200	529707	15.11	5	11	4
2012-11-09 06:00:00	0.5	1416.2	21600	1352440800	529627	15.11	6	11	4
2012-11-09 07:00:00	2.5	1435.6	25200	1352444400	540541	15.11	7	11	4
2012-11-09 08:00:00	3.6	1484.1	28800	1352448000	570979	15.11	8	11	4
2012-11-09 09:00:00	4.8	1581.1	32400	1352451600	495997	15.11	9	11	4
2012-11-09 10:00:00	5.9	766.3	36000	1352455200	258718	15.11	10	11	4
2012-11-09 11:00:00	6.2	1590.8	39600	1352458800	495772	15.11	11	11	4
2012-11-09 12:00:00	7.0	1610.2	43200	1352462400	563020	15.11	12	11	4
2012-11-09 13:00:00	7.3	1610.2	46800	1352466000	563378	15.11	13	11	4
2012-11-09 14:00:00	7.3	1668.4	50400	1352469600	586880	15.11	14	11	4
2012-11-09 15:00:00	7.3	1668.4	54000	1352473200	586880	15.11	15	11	4
2012-11-09 16:00:00	6.4	1697.5	57600	1352476800	597900	15.11	16	11	4
2012-11-09 17:00:00	5.1	1561.7	61200	1352480400	501509	15.11	17	11	4
2012-11-09 18:00:00	4.8	1290.1	64800	1352484000	468440	15.11	18	11	4
2012-11-09 19:00:00	3.9	1096.1	68400	1352487600	382662	15.11	19	11	4
2012-11-09 20:00:00	3.6	1008.8	72000	1352491200	348893	15.11	20	11	4
2012-11-09 21:00:00	3.2	708.1	75600	1352494800	265329	15.11	21	11	4
2012-11-09 22:00:00	3.0	698.4	79200	1352498400	260241	15.11	22	11	4
2012-11-09 23:00:00	2.7	708.1	82800	1352502000	265213	15.11	23	11	4
2012-11-10 00:00:00	2.4	698.4	0	1352505600	260105	15.11	0	11	5
2012-11-10 01:00:00	1.2	688.7	3600	1352509200	254931	15.11	1	11	5
2012-11-10 02:00:00	1.5	746.9	7200	1352512800	277412	15.11	2	11	5
2012-11-10 03:00:00	1.2	1377.4	10800	1352516400	509846	15.11	3	11	5
2012-11-10 04:00:00	1.2	1377.4	14400	1352520000	509846	15.11	4	11	5
2012-11-10 05:00:00	0.6	1328.9	18000	1352523600	485536	15.11	5	11	5
2012-11-10 06:00:00	0.6	1319.2	21600	1352527200	480812	15.11	6	11	5
2012-11-10 07:00:00	3.4	1396.8	25200	1352530800	520656	15.11	7	11	5
2012-11-10 08:00:00	6.5	1484.1	28800	1352534400	573034	15.11	8	11	5
2012-11-10 09:00:00	7.1	1522.9	32400	1352538000	526335	15.11	9	11	5
2012-11-10 10:00:00	8.0	1561.7	36000	1352541600	505108	15.11	10	11	5
2012-11-10 11:00:00	8.9	1639.3	39600	1352545200	577638	15.11	11	11	5
2012-11-10 12:00:00	9.4	1542.3	43200	1352548800	518619	15.11	12	11	5
2012-11-10 13:00:00	9.5	1639.3	46800	1352552400	579199	15.11	13	11	5
2012-11-10 14:00:00	9.7	1629.6	50400	1352556000	575896	15.11	14	11	5
2012-11-10 15:00:00	9.3	1678.1	54000	1352559600	594621	15.11	15	11	5
2012-11-10 16:00:00	8.8	1619.9	57600	1352563200	569596	15.11	16	11	5
2012-11-10 17:00:00	8.5	1619.9	61200	1352566800	569017	15.11	17	11	5
2012-11-10 18:00:00	7.6	1484.1	64800	1352570400	574429	15.11	18	11	5
2012-11-10 19:00:00	7.1	1377.4	68400	1352574000	513283	15.11	19	11	5
2012-11-10 20:00:00	6.5	1396.8	72000	1352577600	522662	15.11	20	11	5
2012-11-10 21:00:00	5.7	1503.5	75600	1352581200	544450	15.11	21	11	5
2012-11-10 22:00:00	5.4	1396.8	79200	1352584800	521798	15.11	22	11	5
2012-11-10 23:00:00	4.5	1387.1	82800	1352588400	516246	15.11	23	11	5
2012-11-11 00:00:00	4.2	1425.9	0	1352592000	536250	15.11	0	11	6
2012-11-11 01:00:00	3.9	1396.8	3600	1352595600	520909	15.11	1	11	6
2012-11-11 03:00:00	3.4	1464.7	10800	1352602800	556559	15.11	3	11	6
2012-11-11 04:00:00	2.5	1484.1	14400	1352606400	570120	15.11	4	11	6
2012-11-11 05:00:00	2.8	1484.1	18000	1352610000	570585	15.11	5	11	6
2012-11-11 06:00:00	2.3	1503.5	21600	1352613600	542366	15.11	6	11	6
2012-11-11 07:00:00	4.5	1552.0	25200	1352617200	505195	15.11	7	11	6
2012-11-11 08:00:00	7.8	1522.9	28800	1352620800	527345	15.11	8	11	6
2012-11-11 09:00:00	10.2	1619.9	32400	1352624400	573980	15.11	9	11	6
2012-11-11 10:00:00	10.5	679.0	36000	1352628000	256844	15.11	10	11	6
2012-11-11 11:00:00	11.2	766.3	39600	1352631600	271278	15.11	11	11	6
2012-11-11 12:00:00	12.5	746.9	43200	1352635200	307075	15.11	12	11	6
2012-11-11 13:00:00	13.0	766.3	46800	1352638800	301677	15.11	13	11	6
2012-11-11 14:00:00	12.5	776.0	50400	1352642400	282650	15.11	14	11	6
2012-11-11 15:00:00	11.5	766.3	54000	1352646000	274083	15.11	15	11	6
2012-11-11 16:00:00	11.2	785.7	57600	1352649600	262615	15.11	16	11	6
2012-11-11 17:00:00	10.7	776.0	61200	1352653200	262195	15.11	17	11	6
2012-11-11 18:00:00	10.5	1193.1	64800	1352656800	432759	15.11	18	11	6
2012-11-11 19:00:00	10.0	1076.7	68400	1352660400	380751	15.11	19	11	6
2012-11-11 20:00:00	9.7	504.4	72000	1352664000	176782	15.11	20	11	6
2012-11-11 21:00:00	8.9	688.7	75600	1352667600	258164	15.11	21	11	6
2012-11-11 22:00:00	7.5	746.9	79200	1352671200	279575	15.11	22	11	6
2012-11-11 23:00:00	6.7	737.2	82800	1352674800	289691	15.11	23	11	6
2012-11-12 00:00:00	6.4	1134.9	0	1352678400	399957	15.11	0	11	0
2012-11-12 01:00:00	6.1	708.1	3600	1352682000	266219	15.11	1	11	0
2012-11-12 02:00:00	5.9	679.0	7200	1352685600	251199	15.11	2	11	0
2012-11-12 03:00:00	4.7	717.8	10800	1352689200	270844	15.11	3	11	0
2012-11-12 04:00:00	5.6	708.1	14400	1352692800	266025	15.11	4	11	0
2012-11-12 05:00:00	5.3	708.1	18000	1352696400	265920	15.11	5	11	0
2012-11-12 06:00:00	5.3	698.4	21600	1352700000	260873	15.11	6	11	0
2012-11-12 07:00:00	7.2	708.1	25200	1352703600	266766	15.11	7	11	0
2012-11-12 08:00:00	9.7	776.0	28800	1352707200	257721	15.11	8	11	0
2012-11-12 09:00:00	12.3	785.7	32400	1352710800	276139	15.11	9	11	0
2012-11-12 10:00:00	13.8	1348.3	36000	1352714400	565031	17.11	10	11	0
2012-11-12 11:00:00	15.8	1425.9	39600	1352718000	667314	15.11	11	11	0
2012-11-12 12:00:00	15.8	1387.1	43200	1352721600	644900	15.11	12	11	0
2012-11-12 13:00:00	15.8	1493.8	46800	1352725200	708105	15.11	13	11	0
2012-11-12 14:00:00	16.1	1522.9	50400	1352728800	715754	19.11	14	11	0
2012-11-12 15:00:00	15.3	1484.1	54000	1352732400	691688	15.11	15	11	0
2012-11-12 16:00:00	14.9	1406.5	57600	1352736000	619435	18.11	16	11	0
2012-11-12 17:00:00	14.9	1435.6	61200	1352739600	637100	18.11	17	11	0
2012-11-12 18:00:00	15.0	1416.2	64800	1352743200	627164	18.11	18	11	0
2012-11-12 19:00:00	14.7	1387.1	68400	1352746800	604650	18.11	19	11	0
2012-11-12 20:00:00	14.7	1338.6	72000	1352750400	576654	18.11	20	11	0
2012-11-12 21:00:00	15.0	1328.9	75600	1352754000	575816	18.11	21	11	0
2012-11-12 22:00:00	15.0	1309.5	79200	1352757600	564857	18.11	22	11	0
2012-11-12 23:00:00	15.3	1270.7	82800	1352761200	549012	18.11	23	11	0
2012-11-13 00:00:00	11.9	1241.6	0	1352764800	472101	15.11	0	11	1
2012-11-13 01:00:00	9.1	1241.6	3600	1352768400	450179	15.11	1	11	1
2012-11-13 02:00:00	8.8	1338.6	7200	1352772000	496328	15.11	2	11	1
2012-11-13 03:00:00	7.8	1319.2	10800	1352775600	484989	15.11	3	11	1
2012-11-13 04:00:00	6.9	1348.3	14400	1352779200	498371	15.11	4	11	1
2012-11-13 05:00:00	5.3	1183.4	18000	1352782800	420000	15.11	5	11	1
2012-11-13 06:00:00	5.3	1193.1	21600	1352786400	424256	15.11	6	11	1
2012-11-13 07:00:00	5.0	1222.2	25200	1352790000	437055	15.11	7	11	1
2012-11-13 08:00:00	5.0	1261.0	28800	1352793600	454846	15.11	8	11	1
2012-11-13 09:00:00	5.3	1387.1	32400	1352797200	516737	15.11	9	11	1
2012-11-13 10:00:00	5.3	1270.7	36000	1352800800	459562	15.11	10	11	1
2012-11-13 11:00:00	4.5	1445.3	39600	1352804400	546718	15.11	11	11	1
2012-11-13 12:00:00	4.8	1474.4	43200	1352808000	578275	15.11	12	11	1
2012-11-13 13:00:00	4.8	1464.7	46800	1352811600	557341	15.11	13	11	1
2012-11-13 14:00:00	5.1	1445.3	50400	1352815200	547093	15.11	14	11	1
2012-11-13 15:00:00	4.5	1513.2	54000	1352818800	533073	15.11	15	11	1
2012-11-13 16:00:00	3.8	1532.6	57600	1352822400	516091	15.11	16	11	1
2012-11-13 17:00:00	3.0	1561.7	61200	1352826000	500324	15.11	17	11	1
2012-11-13 18:00:00	2.4	1396.8	64800	1352829600	520195	15.11	18	11	1
2012-11-13 19:00:00	2.1	1280.4	68400	1352833200	462632	15.11	19	11	1
2012-11-13 20:00:00	1.6	1251.3	72000	1352836800	448950	15.11	20	11	1
2012-11-13 21:00:00	1.0	1261.0	75600	1352840400	453296	15.11	21	11	1
2012-11-13 22:00:00	0.3	1241.6	79200	1352844000	444254	15.11	22	11	1
2012-11-13 23:00:00	0.3	1270.7	82800	1352847600	457674	15.11	23	11	1
2012-11-14 00:00:00	-0.1	1231.9	0	1352851200	439792	15.11	0	11	2
2012-11-14 01:00:00	-0.3	1222.2	3600	1352854800	435399	15.11	1	11	2
2012-11-14 02:00:00	-0.3	1251.3	7200	1352858400	448599	15.11	2	11	2
2012-11-14 03:00:00	-0.8	1241.6	10800	1352862000	444097	15.11	3	11	2
2012-11-14 04:00:00	-1.5	1241.6	14400	1352865600	444016	15.11	4	11	2
2012-11-14 05:00:00	-0.6	1222.2	18000	1352869200	435360	15.11	5	11	2
2012-11-14 06:00:00	0.0	1251.3	21600	1352872800	448644	15.11	6	11	2
2012-11-14 07:00:00	0.6	1280.4	25200	1352876400	462274	15.11	7	11	2
2012-11-14 08:00:00	1.4	1270.7	28800	1352880000	457896	15.11	8	11	2
2012-11-14 09:00:00	1.9	1348.3	32400	1352883600	495443	15.11	9	11	2
2012-11-14 10:00:00	2.4	1183.4	36000	1352887200	418774	15.11	10	11	2
2012-11-14 11:00:00	2.7	1387.1	39600	1352890800	515340	15.11	11	11	2
2012-11-14 12:00:00	3.3	1455.0	43200	1352894400	551275	15.11	12	11	2
2012-11-14 13:00:00	3.3	1532.6	46800	1352898000	515798	15.11	13	11	2
2012-11-14 14:00:00	3.8	1561.7	50400	1352901600	500694	15.11	14	11	2
2012-11-14 15:00:00	3.6	1590.8	54000	1352905200	493878	15.11	15	11	2
2012-11-14 16:00:00	2.9	1639.3	57600	1352908800	571624	15.11	16	11	2
2012-11-14 17:00:00	2.2	1639.3	61200	1352912400	571404	15.11	17	11	2
2012-11-14 18:00:00	2.1	1581.1	64800	1352916000	494558	15.11	18	11	2
2012-11-14 19:00:00	1.8	1522.9	68400	1352919600	522678	15.11	19	11	2
2012-11-14 20:00:00	0.3	1377.4	72000	1352923200	509619	15.11	20	11	2
2012-11-14 21:00:00	-0.4	1183.4	75600	1352926800	418284	15.11	21	11	2
2012-11-14 22:00:00	-0.4	1299.8	79200	1352930400	471293	15.11	22	11	2
2012-11-14 23:00:00	-0.8	1299.8	82800	1352934000	471233	15.11	23	11	2
2012-11-15 00:00:00	-0.4	1270.7	0	1352937600	457561	15.11	0	11	3
2012-11-15 01:00:00	1.3	1280.4	3600	1352941200	462422	15.11	1	11	3
2012-11-15 02:00:00	1.9	58.2	7200	1352944800	35675	15.11	2	11	3
2012-11-15 03:00:00	2.1	58.2	10800	1352948400	35675	15.11	3	11	3
2012-11-15 04:00:00	2.1	999.1	14400	1352952000	345062	15.11	4	11	3
2012-11-15 05:00:00	2.2	1008.8	18000	1352955600	348632	15.11	5	11	3
2012-11-15 06:00:00	1.5	58.2	21600	1352959200	35675	15.11	6	11	3
2012-11-15 07:00:00	2.3	1464.7	25200	1352962800	556047	15.11	7	11	3
2012-11-15 08:00:00	3.1	1222.2	28800	1352966400	436144	15.11	8	11	3
2012-11-15 09:00:00	3.6	1319.2	32400	1352970000	481825	15.11	9	11	3
2012-11-15 10:00:00	3.8	1086.4	36000	1352973600	378743	15.11	10	11	3
2012-11-15 11:00:00	4.1	1425.9	39600	1352977200	536195	15.11	11	11	3
2012-11-15 12:00:00	4.4	1455.0	43200	1352980800	551861	15.11	12	11	3
2012-11-15 13:00:00	4.4	1425.9	46800	1352984400	536362	15.11	13	11	3
2012-11-15 14:00:00	4.7	1425.9	50400	1352988000	536539	15.11	14	11	3
2012-11-15 15:00:00	4.7	1435.6	54000	1352991600	541671	15.11	15	11	3
2012-11-15 16:00:00	4.4	1455.0	57600	1352995200	551861	15.11	16	11	3
2012-11-15 17:00:00	3.6	1367.7	61200	1352998800	505894	15.11	17	11	3
2012-11-15 18:00:00	3.1	1377.4	64800	1353002400	510571	15.11	18	11	3
2012-11-15 19:00:00	3.2	1261.0	68400	1353006000	453928	15.11	19	11	3
2012-11-15 20:00:00	3.2	1125.2	72000	1353009600	394318	15.11	20	11	3
2012-11-15 21:00:00	3.2	1096.1	75600	1353013200	382457	15.11	21	11	3
2012-11-15 22:00:00	3.0	1067.0	79200	1353016800	370872	15.11	22	11	3
2012-11-15 23:00:00	2.9	814.8	82800	1353020400	284333	15.11	23	11	3
2012-11-16 00:00:00	2.4	785.7	0	1353024000	248494	15.11	0	11	4
2012-11-16 01:00:00	1.9	785.7	3600	1353027600	248406	15.11	1	11	4
2012-11-16 02:00:00	1.3	1076.7	7200	1353031200	374376	15.11	2	11	4
2012-11-16 03:00:00	1.7	1154.3	10800	1353034800	406138	15.11	3	11	4
2012-11-16 04:00:00	1.7	1173.7	14400	1353038400	414420	15.11	4	11	4
2012-11-16 05:00:00	1.6	1164.0	18000	1353042000	410242	15.11	5	11	4
2012-11-16 06:00:00	1.9	1183.4	21600	1353045600	418657	15.11	6	11	4
2012-11-16 07:00:00	2.4	1212.5	25200	1353049200	431584	15.11	7	11	4
2012-11-16 08:00:00	3.4	1290.1	28800	1353052800	467707	15.11	8	11	4
2012-11-16 09:00:00	3.5	1348.3	32400	1353056400	496112	15.11	9	11	4
2012-11-16 10:00:00	3.7	58.2	36000	1353060000	35675	15.11	10	11	4
2012-11-16 11:00:00	4.7	1338.6	39600	1353063600	491934	15.11	11	11	4
2012-11-16 12:00:00	4.9	1425.9	43200	1353067200	536662	15.11	12	11	4
2012-11-16 13:00:00	5.0	1425.9	46800	1353070800	536725	15.11	13	11	4
2012-11-16 14:00:00	5.0	1474.4	50400	1353074400	578456	15.11	14	11	4
2012-11-16 15:00:00	5.0	1503.5	54000	1353078000	544064	15.11	15	11	4
2012-11-16 16:00:00	4.4	1493.8	57600	1353081600	556075	15.11	16	11	4
2012-11-16 17:00:00	3.8	1474.4	61200	1353085200	577578	15.11	17	11	4
2012-11-16 18:00:00	3.9	1396.8	64800	1353088800	520909	15.11	18	11	4
2012-11-16 19:00:00	3.4	1377.4	68400	1353092400	510714	15.11	19	11	4
2012-11-16 20:00:00	2.2	1338.6	72000	1353096000	490740	15.11	20	11	4
2012-11-16 21:00:00	0.3	58.2	75600	1353099600	35675	15.11	21	11	4
2012-11-16 22:00:00	2.1	1299.8	79200	1353103200	471847	15.11	22	11	4
2012-11-16 23:00:00	1.6	1299.8	82800	1353106800	471704	15.11	23	11	4
2012-11-17 00:00:00	1.4	1270.7	0	1353110400	457896	15.11	0	11	5
2012-11-17 01:00:00	1.4	1270.7	3600	1353114000	457896	15.11	1	11	5
2012-11-17 02:00:00	1.1	1222.2	7200	1353117600	435624	15.11	2	11	5
2012-11-17 03:00:00	0.8	1290.1	10800	1353121200	466895	15.11	3	11	5
2012-11-17 04:00:00	-0.6	1309.5	14400	1353124800	475910	15.11	4	11	5
2012-11-17 05:00:00	-1.0	1319.2	18000	1353128400	480533	15.11	5	11	5
2012-11-17 06:00:00	-1.0	1338.6	21600	1353132000	490004	15.11	6	11	5
2012-11-17 07:00:00	1.8	1251.3	25200	1353135600	448999	15.11	7	11	5
2012-11-17 08:00:00	3.2	1280.4	28800	1353139200	463018	15.11	8	11	5
2012-11-17 09:00:00	3.8	1290.1	32400	1353142800	467904	15.11	9	11	5
2012-11-17 10:00:00	4.1	785.7	36000	1353146400	248928	15.11	10	11	5
2012-11-17 11:00:00	4.4	1328.9	39600	1353150000	486985	15.11	11	11	5
2012-11-17 12:00:00	5.0	1358.0	43200	1353153600	501779	15.11	12	11	5
2012-11-17 13:00:00	5.0	1358.0	46800	1353157200	501779	15.11	13	11	5
2012-11-17 14:00:00	5.2	1328.9	50400	1353160800	487453	15.11	14	11	5
2012-11-17 15:00:00	4.7	1328.9	54000	1353164400	487153	15.11	15	11	5
2012-11-17 16:00:00	4.4	1387.1	57600	1353168000	516190	15.11	16	11	5
2012-11-17 17:00:00	3.2	1358.0	61200	1353171600	500816	15.11	17	11	5
2012-11-17 18:00:00	2.0	1338.6	64800	1353175200	490672	15.11	18	11	5
2012-11-17 19:00:00	1.7	1222.2	68400	1353178800	435749	15.11	19	11	5
2012-11-17 20:00:00	0.9	1134.9	72000	1353182400	397868	15.11	20	11	5
2012-11-17 21:00:00	1.3	795.4	75600	1353186000	246444	15.11	21	11	5
2012-11-17 22:00:00	0.5	1076.7	79200	1353189600	374275	15.11	22	11	5
2012-11-17 23:00:00	1.2	834.2	82800	1353193200	289985	15.11	23	11	5
2012-11-18 00:00:00	0.8	805.1	0	1353196800	281324	15.11	0	11	6
2012-11-18 01:00:00	1.5	795.4	3600	1353200400	246476	15.11	1	11	6
2012-11-18 02:00:00	1.5	795.4	7200	1353204000	246476	15.11	2	11	6
2012-11-18 03:00:00	2.0	1144.6	10800	1353207600	402109	15.11	3	11	6
2012-11-18 04:00:00	1.2	1144.6	14400	1353211200	401964	15.11	4	11	6
2012-11-18 05:00:00	1.5	1134.9	18000	1353214800	397963	15.11	5	11	6
2012-11-18 06:00:00	2.2	1134.9	21600	1353218400	398096	15.11	6	11	6
2012-11-18 07:00:00	2.5	1173.7	25200	1353222000	414601	15.11	7	11	6
2012-11-18 08:00:00	3.9	1251.3	28800	1353225600	449748	15.11	8	11	6
2012-11-18 09:00:00	5.1	1280.4	32400	1353229200	464011	15.11	9	11	6
2012-11-18 10:00:00	6.2	1290.1	36000	1353232800	469353	15.11	10	11	6
2012-11-18 11:00:00	6.7	1251.3	39600	1353236400	451510	15.11	11	11	6
2012-11-18 12:00:00	6.7	1290.1	43200	1353240000	469753	15.11	12	11	6
2012-11-18 13:00:00	7.0	1299.8	46800	1353243600	474674	15.11	13	11	6
2012-11-18 14:00:00	7.0	1299.8	50400	1353247200	474674	15.11	14	11	6
2012-11-18 15:00:00	6.9	1513.2	54000	1353250800	535024	15.11	15	11	6
2012-11-18 16:00:00	6.6	1319.2	57600	1353254400	483720	15.11	16	11	6
2012-11-18 17:00:00	6.6	1008.8	61200	1353258000	350206	15.11	17	11	6
2012-11-18 18:00:00	6.6	1299.8	64800	1353261600	474317	15.11	18	11	6
2012-11-18 19:00:00	6.3	58.2	68400	1353265200	35675	15.11	19	11	6
2012-11-18 20:00:00	6.0	1202.8	72000	1353268800	428993	15.11	20	11	6
2012-11-18 21:00:00	5.8	58.2	75600	1353272400	35675	15.11	21	11	6
2012-11-18 22:00:00	5.5	727.5	79200	1353276000	276297	15.11	22	11	6
2012-11-18 23:00:00	5.5	58.2	82800	1353279600	35675	15.11	23	11	6
2012-11-19 00:00:00	5.5	1222.2	0	1353283200	437356	15.11	0	11	0
2012-11-19 01:00:00	5.5	58.2	3600	1353286800	35675	15.11	1	11	0
2012-11-19 02:00:00	5.5	58.2	7200	1353290400	35675	15.11	2	11	0
2012-11-19 03:00:00	5.5	58.2	10800	1353294000	35675	15.11	3	11	0
2012-11-19 04:00:00	5.5	58.2	14400	1353297600	35675	15.11	4	11	0
2012-11-19 05:00:00	5.2	58.2	18000	1353301200	35675	15.11	5	11	0
2012-11-19 06:00:00	5.2	58.2	21600	1353304800	35675	15.11	6	11	0
2012-11-19 07:00:00	4.7	58.2	25200	1353308400	35675	15.11	7	11	0
2012-11-19 08:00:00	5.2	58.2	28800	1353312000	35675	15.11	8	11	0
2012-11-19 09:00:00	5.8	58.2	32400	1353315600	35675	15.11	9	11	0
2012-11-19 10:00:00	6.6	766.3	36000	1353319200	259199	15.11	10	11	0
2012-11-19 11:00:00	6.9	1290.1	39600	1353322800	469929	15.11	11	11	0
2012-11-19 12:00:00	7.5	1348.3	43200	1353326400	499025	15.11	12	11	0
2012-11-19 13:00:00	7.8	1387.1	46800	1353330000	519154	15.11	13	11	0
2012-11-19 14:00:00	8.0	1387.1	50400	1353333600	519465	15.11	14	11	0
2012-11-19 15:00:00	8.0	1367.7	54000	1353337200	509513	15.11	15	11	0
2012-11-19 16:00:00	7.7	1367.7	57600	1353340800	509072	15.11	16	11	0
2012-11-19 17:00:00	7.7	1348.3	61200	1353344400	499279	15.11	17	11	0
2012-11-19 18:00:00	7.2	1270.7	64800	1353348000	461012	15.11	18	11	0
2012-11-19 19:00:00	6.9	1338.6	68400	1353351600	493542	15.11	19	11	0
2012-11-19 20:00:00	6.4	1173.7	72000	1353355200	416499	15.11	20	11	0
2012-11-19 21:00:00	5.8	766.3	75600	1353358800	258815	15.11	21	11	0
2012-11-19 22:00:00	5.5	1154.3	79200	1353362400	407565	15.11	22	11	0
2012-11-19 23:00:00	5.8	882.7	82800	1353366000	305900	15.11	23	11	0
2012-11-20 00:00:00	5.8	814.8	0	1353369600	284846	15.11	0	11	1
2012-11-20 01:00:00	5.5	785.7	3600	1353373200	249391	15.11	1	11	1
2012-11-20 02:00:00	6.0	766.3	7200	1353376800	258902	15.11	2	11	1
2012-11-20 03:00:00	6.0	863.3	10800	1353380400	299778	15.11	3	11	1
2012-11-20 04:00:00	6.2	853.6	14400	1353384000	296810	15.11	4	11	1
2012-11-20 05:00:00	6.2	834.2	18000	1353387600	290820	15.11	5	11	1
2012-11-20 06:00:00	5.9	853.6	21600	1353391200	296696	15.11	6	11	1
2012-11-20 07:00:00	5.9	863.3	25200	1353394800	299741	15.11	7	11	1
2012-11-20 08:00:00	6.5	1367.7	28800	1353398400	507761	15.11	8	11	1
2012-11-20 09:00:00	7.0	1251.3	32400	1353402000	451767	15.11	9	11	1
2012-11-20 10:00:00	7.6	1193.1	36000	1353405600	426003	15.11	10	11	1
2012-11-20 11:00:00	7.9	970.0	39600	1353409200	337054	15.11	11	11	1
2012-11-20 12:00:00	7.9	1008.8	43200	1353412800	351235	15.11	12	11	1
2012-11-20 13:00:00	8.4	58.2	46800	1353416400	35675	15.11	13	11	1
2012-11-20 14:00:00	8.4	58.2	50400	1353420000	35675	15.11	14	11	1
2012-11-20 15:00:00	8.1	58.2	54000	1353423600	35675	15.11	15	11	1
2012-11-20 16:00:00	7.8	58.2	57600	1353427200	35675	15.11	16	11	1
2012-11-20 17:00:00	7.3	58.2	61200	1353430800	35675	15.11	17	11	1
2012-11-20 18:00:00	7.3	58.2	64800	1353434400	35675	15.11	18	11	1
2012-11-20 19:00:00	5.9	58.2	68400	1353438000	35675	15.11	19	11	1
2012-11-20 20:00:00	4.8	1008.8	72000	1353441600	349242	15.11	20	11	1
2012-11-20 21:00:00	4.5	989.4	75600	1353445200	342036	15.11	21	11	1
2012-11-20 22:00:00	4.2	999.1	79200	1353448800	345481	15.11	22	11	1
2012-11-20 23:00:00	3.4	999.1	82800	1353452400	345287	15.11	23	11	1
2012-11-21 00:00:00	2.8	1008.8	0	1353456000	348730	15.11	0	11	2
2012-11-21 01:00:00	1.9	999.1	3600	1353459600	345034	15.11	1	11	2
2012-11-21 02:00:00	0.8	940.9	7200	1353463200	324344	15.11	2	11	2
2012-11-21 03:00:00	1.4	921.5	10800	1353466800	317826	15.11	3	11	2
2012-11-21 04:00:00	0.8	911.8	14400	1353470400	314541	15.11	4	11	2
2012-11-21 05:00:00	-0.7	873.0	18000	1353474000	301876	15.11	5	11	2
2012-11-21 06:00:00	0.3	873.0	21600	1353477600	301933	15.11	6	11	2
2012-11-21 07:00:00	1.7	863.3	25200	1353481200	298981	15.11	7	11	2
2012-11-21 08:00:00	4.5	873.0	28800	1353484800	302424	15.11	8	11	2
2012-11-21 09:00:00	5.6	911.8	32400	1353488400	315386	15.11	9	11	2
2012-11-21 10:00:00	6.2	785.7	36000	1353492000	249720	15.11	10	11	2
2012-11-21 11:00:00	5.9	1173.7	39600	1353495600	416155	15.11	11	11	2
2012-11-21 12:00:00	6.5	1212.5	43200	1353499200	433679	15.11	12	11	2
2012-11-21 13:00:00	6.2	1241.6	46800	1353502800	446655	15.11	13	11	2
2012-11-21 14:00:00	6.5	1173.7	50400	1353506400	416572	15.11	14	11	2
2012-11-21 15:00:00	5.5	1222.2	54000	1353510000	437356	15.11	15	11	2
2012-11-21 16:00:00	5.7	1231.9	57600	1353513600	441880	15.11	16	11	2
2012-11-21 17:00:00	4.2	1193.1	61200	1353517200	423646	15.11	17	11	2
2012-11-21 18:00:00	4.3	1173.7	64800	1353520800	415229	15.11	18	11	2
2012-11-21 19:00:00	2.4	1183.4	68400	1353524400	418774	15.11	19	11	2
2012-11-21 20:00:00	1.5	1164.0	72000	1353528000	410223	15.11	20	11	2
2012-11-21 21:00:00	0.7	776.0	75600	1353531600	251717	15.11	21	11	2
2012-11-21 22:00:00	0.3	1154.3	79200	1353535200	405916	15.11	22	11	2
2012-11-21 23:00:00	-0.1	1144.6	82800	1353538800	401785	15.11	23	11	2
2012-11-22 00:00:00	-0.4	1144.6	0	1353542400	401751	15.11	0	11	3
2012-11-22 01:00:00	-0.8	1144.6	3600	1353546000	401709	15.11	1	11	3
2012-11-22 02:00:00	-0.8	785.7	7200	1353549600	247944	15.11	2	11	3
2012-11-22 03:00:00	-1.1	776.0	10800	1353553200	251489	15.11	3	11	3
2012-11-22 04:00:00	-1.1	776.0	14400	1353556800	251489	15.11	4	11	3
2012-11-22 05:00:00	-1.7	795.4	18000	1353560400	245986	15.11	5	11	3
2012-11-22 06:00:00	-1.3	795.4	21600	1353564000	246030	15.11	6	11	3
2012-11-22 07:00:00	-0.1	795.4	25200	1353567600	246192	15.11	7	11	3
2012-11-22 08:00:00	3.4	824.5	28800	1353571200	287274	15.11	8	11	3
2012-11-22 09:00:00	5.3	1067.0	32400	1353574800	371671	15.11	9	11	3
2012-11-22 10:00:00	6.0	999.1	36000	1353578400	346218	15.11	10	11	3
2012-11-22 11:00:00	5.8	1270.7	39600	1353582000	459885	15.11	11	11	3
2012-11-22 12:00:00	6.0	1319.2	43200	1353585600	483245	15.11	12	11	3
2012-11-22 13:00:00	6.4	1338.6	46800	1353589200	493095	15.11	13	11	3
2012-11-22 14:00:00	6.7	1377.4	50400	1353592800	512876	15.11	14	11	3
2012-11-22 15:00:00	6.4	1387.1	54000	1353596400	517570	15.11	15	11	3
2012-11-22 16:00:00	5.2	1367.7	57600	1353600000	506791	15.11	16	11	3
2012-11-22 17:00:00	4.5	1338.6	61200	1353603600	491820	15.11	17	11	3
2012-11-22 18:00:00	3.3	1270.7	64800	1353607200	458496	15.11	18	11	3
2012-11-22 19:00:00	2.4	1299.8	68400	1353610800	471943	15.11	19	11	3
2012-11-22 20:00:00	1.7	1270.7	72000	1353614400	457970	15.11	20	11	3
2012-11-22 21:00:00	1.4	989.4	75600	1353618000	341454	15.11	21	11	3
2012-11-22 22:00:00	0.9	1261.0	79200	1353621600	453276	15.11	22	11	3
2012-11-22 23:00:00	-0.2	1251.3	82800	1353625200	448613	15.11	23	11	3
2012-11-23 00:00:00	0.2	1212.5	0	1353628800	431140	15.11	0	11	4
2012-11-23 01:00:00	-0.6	58.2	3600	1353632400	35675	15.11	1	11	4
2012-11-23 02:00:00	-0.9	960.3	7200	1353636000	330930	15.11	2	11	4
2012-11-23 03:00:00	-1.1	970.0	10800	1353639600	334324	15.11	3	11	4
2012-11-23 04:00:00	-0.9	950.6	14400	1353643200	327559	15.11	4	11	4
2012-11-23 05:00:00	-1.5	940.9	18000	1353646800	324190	15.11	5	11	4
2012-11-23 06:00:00	-1.8	989.4	21600	1353650400	341200	15.11	6	11	4
2012-11-23 07:00:00	-0.6	1008.8	25200	1353654000	348336	15.11	7	11	4
2012-11-23 08:00:00	3.3	58.2	28800	1353657600	35675	15.11	8	11	4
2012-11-23 09:00:00	5.1	58.2	32400	1353661200	35675	15.11	9	11	4
2012-11-23 10:00:00	5.6	1144.6	36000	1353664800	403510	15.11	10	11	4
2012-11-23 11:00:00	6.5	1144.6	39600	1353668400	404111	15.11	11	11	4
2012-11-23 12:00:00	7.2	1212.5	43200	1353672000	434258	15.11	12	11	4
2012-11-23 13:00:00	7.9	1193.1	46800	1353675600	426324	15.11	13	11	4
2012-11-23 14:00:00	8.3	1270.7	50400	1353679200	462346	15.11	14	11	4
2012-11-23 15:00:00	8.2	1270.7	54000	1353682800	462197	15.11	15	11	4
2012-11-23 16:00:00	7.9	1261.0	57600	1353686400	457231	15.11	16	11	4
2012-11-23 17:00:00	8.1	1319.2	61200	1353690000	485412	15.11	17	11	4
2012-11-23 18:00:00	8.4	1261.0	64800	1353693600	457931	15.11	18	11	4
2012-11-23 19:00:00	7.6	1338.6	68400	1353697200	494309	15.11	19	11	4
2012-11-23 20:00:00	7.5	1202.8	72000	1353700800	430206	15.11	20	11	4
2012-11-23 21:00:00	6.3	1134.9	75600	1353704400	399887	15.11	21	11	4
2012-11-23 22:00:00	5.3	1202.8	79200	1353708000	428547	15.11	22	11	4
2012-11-23 23:00:00	3.9	1193.1	82800	1353711600	423510	15.11	23	11	4
2012-11-24 00:00:00	2.5	1076.7	0	1353715200	374575	15.11	0	11	5
2012-11-24 01:00:00	1.7	1067.0	3600	1353718800	370632	15.11	1	11	5
2012-11-24 02:00:00	0.4	1125.2	7200	1353722400	393788	15.11	2	11	5
2012-11-24 03:00:00	0.0	1134.9	10800	1353726000	397751	15.11	3	11	5
2012-11-24 04:00:00	-0.3	1125.2	14400	1353729600	393708	15.11	4	11	5
2012-11-24 05:00:00	-0.3	1134.9	18000	1353733200	397717	15.11	5	11	5
2012-11-24 06:00:00	-0.3	1125.2	21600	1353736800	393708	15.11	6	11	5
2012-11-24 07:00:00	-0.2	1134.9	25200	1353740400	397728	15.11	7	11	5
2012-11-24 08:00:00	0.1	1144.6	28800	1353744000	401809	15.11	8	11	5
2012-11-24 09:00:00	0.2	1144.6	32400	1353747600	401821	15.11	9	11	5
2012-11-24 10:00:00	0.4	58.2	36000	1353751200	35675	15.11	10	11	5
2012-11-24 11:00:00	0.4	2051.55	39600	1353754800	757103	15.11	11	11	5
2012-11-24 12:00:00	0.4	2153.4	43200	1353758400	809685	15.11	12	11	5
2012-11-24 13:00:00	0.6	2167.95	46800	1353762000	817493	15.11	13	11	5
2012-11-24 14:00:00	0.4	2386.2	50400	1353765600	738689	15.11	14	11	5
2012-11-24 15:00:00	0.2	2298.9	54000	1353769200	771738	15.11	15	11	5
2012-11-24 16:00:00	-0.1	2255.25	57600	1353772800	812420	15.11	16	11	5
2012-11-24 17:00:00	-0.7	2211.6	61200	1353776400	864319	15.11	17	11	5
2012-11-24 18:00:00	-0.5	2313.45	64800	1353780000	762105	15.11	18	11	5
2012-11-24 19:00:00	-0.5	2138.85	68400	1353783600	801705	15.11	19	11	5
2012-11-24 20:00:00	-0.5	2007.9	72000	1353787200	735117	15.11	20	11	5
2012-11-24 21:00:00	-0.8	1261.0	75600	1353790800	453000	15.11	21	11	5
2012-11-24 22:00:00	-0.8	1993.35	79200	1353794400	727914	15.11	22	11	5
2012-11-24 23:00:00	-0.8	1993.35	82800	1353798000	727914	15.11	23	11	5
2012-11-25 00:00:00	-1.3	1906.05	0	1353801600	686156	15.11	0	11	6
2012-11-25 01:00:00	-1.8	1818.75	3600	1353805200	646349	15.11	1	11	6
2012-11-25 02:00:00	-2.2	1202.8	7200	1353808800	426578	15.11	2	11	6
2012-11-25 03:00:00	-2.4	58.2	10800	1353812400	35675	15.11	3	11	6
2012-11-25 04:00:00	-2.2	58.2	14400	1353816000	35675	15.11	4	11	6
2012-11-25 05:00:00	-2.2	1270.7	18000	1353819600	457344	15.11	5	11	6
2012-11-25 06:00:00	-1.8	1309.5	21600	1353823200	475749	15.11	6	11	6
2012-11-25 07:00:00	-1.5	1241.6	25200	1353826800	444016	15.11	7	11	6
2012-11-25 08:00:00	-0.8	1290.1	28800	1353830400	466622	15.11	8	11	6
2012-11-25 09:00:00	-0.8	1338.6	32400	1353834000	490034	15.11	9	11	6
2012-11-25 10:00:00	-0.7	1057.3	36000	1353837600	366600	15.11	10	11	6
2012-11-25 11:00:00	-0.7	1299.8	39600	1353841200	471248	15.11	11	11	6
2012-11-25 12:00:00	-0.5	1396.8	43200	1353844800	519358	15.11	12	11	6
2012-11-25 13:00:00	-0.1	1445.3	46800	1353848400	544821	15.11	13	11	6
2012-11-25 14:00:00	0.3	1445.3	50400	1353852000	544920	15.11	14	11	6
2012-11-25 15:00:00	0.3	1445.3	54000	1353855600	544920	15.11	15	11	6
2012-11-25 16:00:00	0.0	1416.2	57600	1353859200	529507	15.11	16	11	6
2012-11-25 17:00:00	-1.3	1396.8	61200	1353862800	519218	15.11	17	11	6
2012-11-25 18:00:00	-2.0	1319.2	64800	1353866400	480405	15.11	18	11	6
2012-11-25 19:00:00	-2.9	1144.6	68400	1353870000	401540	15.11	19	11	6
2012-11-25 20:00:00	-3.3	1164.0	72000	1353873600	409700	15.11	20	11	6
2012-11-25 21:00:00	-3.6	1057.3	75600	1353877200	366419	15.11	21	11	6
2012-11-25 22:00:00	-3.8	1096.1	79200	1353880800	381646	15.11	22	11	6
2012-11-25 23:00:00	-3.5	1096.1	82800	1353884400	381661	15.11	23	11	6
2012-11-26 00:00:00	-4.2	1086.4	0	1353888000	377765	15.11	0	11	0
2012-11-26 01:00:00	-4.2	1096.1	3600	1353891600	381627	15.11	1	11	0
2012-11-26 02:00:00	-3.8	1067.0	7200	1353895200	370166	15.11	2	11	0
2012-11-26 03:00:00	-2.6	1096.1	10800	1353898800	381712	15.11	3	11	0
2012-11-26 04:00:00	-1.9	1144.6	14400	1353902400	401612	15.11	4	11	0
2012-11-26 05:00:00	-1.5	1125.2	18000	1353906000	393596	15.11	5	11	0
2012-11-26 06:00:00	-1.9	1154.3	21600	1353909600	405689	15.11	6	11	0
2012-11-26 07:00:00	-1.5	1183.4	25200	1353913200	418168	15.11	7	11	0
2012-11-26 08:00:00	0.3	1231.9	28800	1353916800	439852	15.11	8	11	0
2012-11-26 09:00:00	2.9	1270.7	32400	1353920400	458339	15.11	9	11	0
2012-11-26 10:00:00	4.7	1847.85	36000	1353924000	661913	15.11	10	11	0
2012-11-26 11:00:00	5.3	1993.35	39600	1353927600	731266	15.11	11	11	0
2012-11-26 12:00:00	5.3	2051.55	43200	1353931200	760276	15.11	12	11	0
2012-11-26 13:00:00	5.8	2124.3	46800	1353934800	798267	15.11	13	11	0
2012-11-26 14:00:00	5.4	1455.0	50400	1353938400	552505	15.11	14	11	0
2012-11-26 15:00:00	5.4	2197.05	54000	1353942000	836612	15.11	15	11	0
2012-11-26 16:00:00	3.7	2124.3	57600	1353945600	796326	15.11	16	11	0
2012-11-26 17:00:00	3.2	2109.75	61200	1353949200	788367	15.11	17	11	0
2012-11-26 18:00:00	2.6	1978.8	64800	1353952800	722061	15.11	18	11	0
2012-11-26 19:00:00	1.6	1876.95	68400	1353956400	673419	15.11	19	11	0
2012-11-26 20:00:00	0.7	1818.75	72000	1353960000	646822	15.11	20	11	0
2012-11-26 21:00:00	0.7	1760.55	75600	1353963600	621362	15.11	21	11	0
2012-11-26 22:00:00	1.4	1775.1	79200	1353967200	627827	15.11	22	11	0
2012-11-26 23:00:00	2.6	58.2	82800	1353970800	35675	15.11	23	11	0
2012-11-27 00:00:00	3.1	58.2	0	1353974400	35675	15.11	0	11	1
2012-11-27 01:00:00	3.4	58.2	3600	1353978000	35675	15.11	1	11	1
2012-11-27 02:00:00	3.1	1687.8	7200	1353981600	591430	15.11	2	11	1
2012-11-27 03:00:00	3.8	1687.8	10800	1353985200	591751	15.11	3	11	1
2012-11-27 04:00:00	3.4	1731.45	14400	1353988800	609838	15.11	4	11	1
2012-11-27 05:00:00	3.9	1746.0	18000	1353992400	616312	15.11	5	11	1
2012-11-27 06:00:00	4.2	1775.1	21600	1353996000	629088	15.11	6	11	1
2012-11-27 07:00:00	4.5	1760.55	25200	1353999600	622985	15.11	7	11	1
2012-11-27 08:00:00	4.2	1847.85	28800	1354003200	661507	15.11	8	11	1
2012-11-27 09:00:00	3.9	1935.15	32400	1354006800	701925	15.11	9	11	1
2012-11-27 10:00:00	4.2	1067.0	36000	1354010400	371204	15.11	10	11	1
2012-11-27 11:00:00	3.9	1290.1	39600	1354014000	467954	15.11	11	11	1
2012-11-27 12:00:00	3.4	1319.2	43200	1354017600	481728	15.11	12	11	1
2012-11-27 13:00:00	2.8	1348.3	46800	1354021200	495782	15.11	13	11	1
2012-11-27 14:00:00	3.4	1377.4	50400	1354024800	510714	15.11	14	11	1
2012-11-27 15:00:00	3.7	1396.8	54000	1354028400	520806	15.11	15	11	1
2012-11-27 16:00:00	2.9	1396.8	57600	1354032000	520419	15.11	16	11	1
2012-11-27 17:00:00	2.4	1377.4	61200	1354035600	510255	15.11	17	11	1
2012-11-27 18:00:00	2.4	1319.2	64800	1354039200	481306	15.11	18	11	1
2012-11-27 19:00:00	2.1	1183.4	68400	1354042800	418702	15.11	19	11	1
2012-11-27 20:00:00	1.6	1125.2	72000	1354046400	393965	15.11	20	11	1
2012-11-27 21:00:00	1.0	1067.0	75600	1354050000	370535	15.11	21	11	1
2012-11-27 22:00:00	0.6	1096.1	79200	1354053600	381991	15.11	22	11	1
2012-11-27 23:00:00	0.1	1096.1	82800	1354057200	381933	15.11	23	11	1
2012-11-28 00:00:00	0.6	1086.4	0	1354060800	378121	15.11	0	11	2
2012-11-28 01:00:00	1.3	1096.1	3600	1354064400	382085	15.11	1	11	2
2012-11-28 02:00:00	1.8	1067.0	7200	1354068000	370647	15.11	2	11	2
2012-11-28 03:00:00	1.8	1096.1	10800	1354071600	382164	15.11	3	11	2
2012-11-28 04:00:00	1.8	1008.8	14400	1354075200	348575	15.11	4	11	2
2012-11-28 05:00:00	1.3	1154.3	18000	1354078800	406066	15.11	5	11	2
2012-11-28 06:00:00	0.9	1144.6	21600	1354082400	401917	15.11	6	11	2
2012-11-28 07:00:00	0.3	1173.7	25200	1354086000	414187	15.11	7	11	2
2012-11-28 08:00:00	0.3	1212.5	28800	1354089600	431155	15.11	8	11	2
2012-11-28 09:00:00	1.1	1261.0	32400	1354093200	453317	15.11	9	11	2
2012-11-28 10:00:00	1.7	58.2	36000	1354096800	35675	15.11	10	11	2
2012-11-28 11:00:00	2.2	1920.6	39600	1354100400	693986	15.11	11	11	2
2012-11-28 12:00:00	2.8	1964.25	43200	1354104000	715124	15.11	12	11	2
2012-11-28 13:00:00	2.8	1949.7	46800	1354107600	708124	15.11	13	11	2
2012-11-28 14:00:00	3.0	2007.9	50400	1354111200	736583	15.11	14	11	2
2012-11-28 15:00:00	2.3	2022.45	54000	1354114800	743364	15.11	15	11	2
2012-11-28 16:00:00	1.0	2051.55	57600	1354118400	757322	15.11	16	11	2
2012-11-28 17:00:00	0.4	2051.55	61200	1354122000	757103	15.11	17	11	2
2012-11-28 18:00:00	-0.2	1949.7	64800	1354125600	706981	15.11	18	11	2
2012-11-28 19:00:00	-1.2	1862.4	68400	1354129200	666067	15.11	19	11	2
2012-11-28 20:00:00	-1.5	1818.75	72000	1354132800	646392	15.11	20	11	2
2012-11-28 21:00:00	-2.4	1469.55	75600	1354136400	557408	15.11	21	11	2
2012-11-28 22:00:00	-2.6	58.2	79200	1354140000	35675	15.11	22	11	2
2012-11-28 23:00:00	-2.9	1484.1	82800	1354143600	568942	15.11	23	11	2
2012-11-29 00:00:00	-2.8	1484.1	0	1354147200	568689	15.11	0	11	3
2012-11-29 01:00:00	-3.3	1484.1	3600	1354150800	568926	15.11	1	11	3
2012-11-29 02:00:00	-3.3	1411.35	7200	1354154400	526465	15.11	2	11	3
2012-11-29 03:00:00	-2.8	1396.8	10800	1354158000	519014	15.11	3	11	3
2012-11-29 04:00:00	-3.1	1396.8	14400	1354161600	518981	15.11	4	11	3
2012-11-29 05:00:00	-3.1	1367.7	18000	1354165200	504206	15.11	5	11	3
2012-11-29 06:00:00	-3.5	1396.8	21600	1354168800	518939	15.11	6	11	3
2012-11-29 07:00:00	-1.3	1425.9	25200	1354172400	534327	15.11	7	11	3
2012-11-29 08:00:00	1.1	58.2	28800	1354176000	35675	15.11	8	11	3
2012-11-29 09:00:00	2.1	2197.05	32400	1354179600	833932	15.11	9	11	3
2012-11-29 10:00:00	3.0	1096.1	36000	1354183200	382407	15.11	10	11	3
2012-11-29 11:00:00	3.1	1396.8	39600	1354186800	520512	15.11	11	11	3
2012-11-29 12:00:00	3.1	1358.0	43200	1354190400	500769	15.11	12	11	3
2012-11-29 13:00:00	3.4	1455.0	46800	1354194000	551325	15.11	13	11	3
2012-11-29 14:00:00	3.6	1445.3	50400	1354197600	546226	15.11	14	11	3
2012-11-29 15:00:00	3.0	1455.0	54000	1354201200	551131	15.11	15	11	3
2012-11-29 16:00:00	2.0	1474.4	57600	1354204800	576860	15.11	16	11	3
2012-11-29 17:00:00	1.4	1435.6	61200	1354208400	540095	15.11	17	11	3
2012-11-29 18:00:00	0.2	1416.2	64800	1354212000	529553	15.11	18	11	3
2012-11-29 19:00:00	-0.2	1299.8	68400	1354215600	471325	15.11	19	11	3
2012-11-29 20:00:00	-0.8	1261.0	72000	1354219200	453000	15.11	20	11	3
2012-11-29 21:00:00	-1.4	1096.1	75600	1354222800	381795	15.11	21	11	3
2012-11-29 22:00:00	-2.2	1154.3	79200	1354226400	405665	15.11	22	11	3
2012-11-29 23:00:00	-1.9	1144.6	82800	1354230000	401612	15.11	23	11	3
2012-11-30 00:00:00	-2.6	1125.2	0	1354233600	393515	15.11	0	11	4
2012-11-30 01:00:00	-2.6	1115.5	3600	1354237200	389545	15.11	1	11	4
2012-11-30 02:00:00	-2.9	1096.1	7200	1354240800	381694	15.11	2	11	4
2012-11-30 03:00:00	-2.9	1183.4	10800	1354244400	418054	15.11	3	11	4
2012-11-30 04:00:00	-3.7	1173.7	14400	1354248000	413820	15.11	4	11	4
2012-11-30 05:00:00	-3.8	1144.6	18000	1354251600	401486	15.11	5	11	4
2012-11-30 06:00:00	-3.8	1183.4	21600	1354255200	417995	15.11	6	11	4
2012-11-30 07:00:00	-2.9	1164.0	25200	1354258800	409726	15.11	7	11	4
2012-11-30 08:00:00	-0.1	1222.2	28800	1354262400	435427	15.11	8	11	4
2012-11-30 09:00:00	2.6	1290.1	32400	1354266000	467384	15.11	9	11	4
2012-11-30 10:00:00	4.0	1484.1	36000	1354269600	570889	15.11	10	11	4
2012-11-30 11:00:00	4.2	1978.8	39600	1354273200	723192	15.11	11	11	4
2012-11-30 12:00:00	4.2	2080.65	43200	1354276800	774111	15.11	12	11	4
2012-11-30 13:00:00	4.4	2124.3	46800	1354280400	796892	15.11	13	11	4
2012-11-30 14:00:00	4.6	2095.2	50400	1354284000	781934	15.11	14	11	4
2012-11-30 15:00:00	4.4	2095.2	54000	1354287600	781762	15.11	15	11	4
2012-11-30 16:00:00	4.0	2022.45	57600	1354291200	744540	15.11	16	11	4
2012-11-30 17:00:00	3.1	1949.7	61200	1354294800	708306	15.11	17	11	4
2012-11-30 18:00:00	2.1	2458.95	64800	1354298400	744625	15.11	18	11	4
2012-11-30 19:00:00	3.6	1920.6	68400	1354302000	694794	15.11	19	11	4
2012-11-30 20:00:00	2.7	1833.3	72000	1354305600	654013	15.11	20	11	4
2012-11-30 21:00:00	0.9	1469.55	75600	1354309200	558129	15.11	21	11	4
2012-11-30 22:00:00	2.6	1804.2	79200	1354312800	640994	15.11	22	11	4
2012-11-30 23:00:00	2.3	1818.75	82800	1354316400	647329	15.11	23	11	4
