	Twet	Load	Hour(s)	TimeStamp(s)	Power	Tset	Hour	month	DayofWeek
2011-12-01 00:00:00	0.8	58.2	0	1322697600	35675	15.11	0	12	3
2011-12-01 01:00:00	0.6	58.2	3600	1322701200	35675	15.11	1	12	3
2011-12-01 02:00:00	0.2	58.2	7200	1322704800	35675	15.11	2	12	3
2011-12-01 03:00:00	0.2	58.2	10800	1322708400	35675	15.11	3	12	3
2011-12-01 04:00:00	0.2	58.2	14400	1322712000	35675	15.11	4	12	3
2011-12-01 05:00:00	0.2	58.2	18000	1322715600	35675	15.11	5	12	3
2011-12-01 06:00:00	0.4	58.2	21600	1322719200	35675	15.11	6	12	3
2011-12-01 07:00:00	0.8	58.2	25200	1322722800	35675	15.11	7	12	3
2011-12-01 08:00:00	1.9	58.2	28800	1322726400	35675	15.11	8	12	3
2011-12-01 09:00:00	3.4	746.9	32400	1322730000	277949	15.11	9	12	3
2011-12-01 10:00:00	4.1	58.2	36000	1322733600	35675	15.11	10	12	3
2011-12-01 11:00:00	5.0	58.2	39600	1322737200	35675	15.11	11	12	3
2011-12-01 12:00:00	4.9	58.2	43200	1322740800	35675	15.11	12	12	3
2011-12-01 13:00:00	5.6	698.4	46800	1322744400	260977	15.11	13	12	3
2011-12-01 14:00:00	5.6	649.9	50400	1322748000	236794	15.11	14	12	3
2011-12-01 15:00:00	5.7	649.9	54000	1322751600	236827	15.11	15	12	3
2011-12-01 16:00:00	4.4	698.4	57600	1322755200	260598	15.11	16	12	3
2011-12-01 17:00:00	2.8	58.2	61200	1322758800	35675	15.11	17	12	3
2011-12-01 18:00:00	2.8	58.2	64800	1322762400	35675	15.11	18	12	3
2011-12-01 19:00:00	2.2	58.2	68400	1322766000	35675	15.11	19	12	3
2011-12-01 20:00:00	1.9	58.2	72000	1322769600	35675	15.11	20	12	3
2011-12-01 21:00:00	0.3	58.2	75600	1322773200	35675	15.11	21	12	3
2011-12-01 22:00:00	-0.1	58.2	79200	1322776800	35675	15.11	22	12	3
2011-12-01 23:00:00	-0.6	58.2	82800	1322780400	35675	15.11	23	12	3
2011-12-02 00:00:00	-0.8	58.2	0	1322784000	35675	15.11	0	12	4
2011-12-02 01:00:00	-0.8	58.2	3600	1322787600	35675	15.11	1	12	4
2011-12-02 02:00:00	-1.7	58.2	7200	1322791200	35675	15.11	2	12	4
2011-12-02 03:00:00	-2.8	58.2	10800	1322794800	35675	15.11	3	12	4
2011-12-02 04:00:00	-2.2	58.2	14400	1322798400	35675	15.11	4	12	4
2011-12-02 05:00:00	-3.1	58.2	18000	1322802000	35675	15.11	5	12	4
2011-12-02 06:00:00	-2.4	58.2	21600	1322805600	35675	15.11	6	12	4
2011-12-02 07:00:00	-2.2	58.2	25200	1322809200	35675	15.11	7	12	4
2011-12-02 08:00:00	1.7	58.2	28800	1322812800	35675	15.11	8	12	4
2011-12-02 09:00:00	4.4	58.2	32400	1322816400	35675	15.11	9	12	4
2011-12-02 10:00:00	5.4	58.2	36000	1322820000	35675	15.11	10	12	4
2011-12-02 11:00:00	5.8	58.2	39600	1322823600	35675	15.11	11	12	4
2011-12-02 12:00:00	6.5	58.2	43200	1322827200	35675	15.11	12	12	4
2011-12-02 13:00:00	7.0	58.2	46800	1322830800	35675	15.11	13	12	4
2011-12-02 14:00:00	6.5	58.2	50400	1322834400	35675	15.11	14	12	4
2011-12-02 15:00:00	5.2	58.2	54000	1322838000	35675	15.11	15	12	4
2011-12-02 16:00:00	4.8	58.2	57600	1322841600	35675	15.11	16	12	4
2011-12-02 17:00:00	4.2	58.2	61200	1322845200	35675	15.11	17	12	4
2011-12-02 18:00:00	3.9	58.2	64800	1322848800	35675	15.11	18	12	4
2011-12-02 19:00:00	4.1	58.2	68400	1322852400	35675	15.11	19	12	4
2011-12-02 20:00:00	3.5	58.2	72000	1322856000	35675	15.11	20	12	4
2011-12-02 21:00:00	2.9	58.2	75600	1322859600	35675	15.11	21	12	4
2011-12-02 22:00:00	2.2	58.2	79200	1322863200	35675	15.11	22	12	4
2011-12-02 23:00:00	1.0	58.2	82800	1322866800	35675	15.11	23	12	4
2011-12-03 00:00:00	0.0	58.2	0	1322870400	35675	15.11	0	12	5
2011-12-03 01:00:00	-0.6	58.2	3600	1322874000	35675	15.11	1	12	5
2011-12-03 02:00:00	-0.6	58.2	7200	1322877600	35675	15.11	2	12	5
2011-12-03 03:00:00	-1.2	58.2	10800	1322881200	35675	15.11	3	12	5
2011-12-03 04:00:00	-1.5	58.2	14400	1322884800	35675	15.11	4	12	5
2011-12-03 05:00:00	-2.4	58.2	18000	1322888400	35675	15.11	5	12	5
2011-12-03 06:00:00	-2.0	58.2	21600	1322892000	35675	15.11	6	12	5
2011-12-03 07:00:00	0.0	58.2	25200	1322895600	35675	15.11	7	12	5
2011-12-03 08:00:00	2.2	58.2	28800	1322899200	35675	15.11	8	12	5
2011-12-03 09:00:00	2.4	58.2	32400	1322902800	35675	15.11	9	12	5
2011-12-03 10:00:00	3.4	58.2	36000	1322906400	35675	15.11	10	12	5
2011-12-03 11:00:00	3.7	58.2	39600	1322910000	35675	15.11	11	12	5
2011-12-03 12:00:00	3.8	58.2	43200	1322913600	35675	15.11	12	12	5
2011-12-03 13:00:00	4.3	552.9	46800	1322917200	193371	15.11	13	12	5
2011-12-03 14:00:00	4.2	58.2	50400	1322920800	35675	15.11	14	12	5
2011-12-03 15:00:00	4.5	446.2	54000	1322924400	154338	15.11	15	12	5
2011-12-03 16:00:00	2.9	58.2	57600	1322928000	35675	15.11	16	12	5
2011-12-03 17:00:00	2.8	465.6	61200	1322931600	160634	15.11	17	12	5
2011-12-03 18:00:00	2.7	417.1	64800	1322935200	145060	15.11	18	12	5
2011-12-03 19:00:00	1.5	475.3	68400	1322938800	163879	15.11	19	12	5
2011-12-03 20:00:00	1.1	58.2	72000	1322942400	35675	15.11	20	12	5
2011-12-03 21:00:00	2.8	58.2	75600	1322946000	35675	15.11	21	12	5
2011-12-03 22:00:00	1.8	58.2	79200	1322949600	35675	15.11	22	12	5
2011-12-03 23:00:00	1.0	58.2	82800	1322953200	35675	15.11	23	12	5
2011-12-04 00:00:00	0.4	58.2	0	1322956800	35675	15.11	0	12	6
2011-12-04 01:00:00	-0.4	58.2	3600	1322960400	35675	15.11	1	12	6
2011-12-04 02:00:00	-0.4	58.2	7200	1322964000	35675	15.11	2	12	6
2011-12-04 03:00:00	-0.9	58.2	10800	1322967600	35675	15.11	3	12	6
2011-12-04 04:00:00	-2.0	58.2	14400	1322971200	35675	15.11	4	12	6
2011-12-04 05:00:00	-1.5	58.2	18000	1322974800	35675	15.11	5	12	6
2011-12-04 06:00:00	-0.9	58.2	21600	1322978400	35675	15.11	6	12	6
2011-12-04 07:00:00	-0.4	58.2	25200	1322982000	35675	15.11	7	12	6
2011-12-04 08:00:00	3.1	58.2	28800	1322985600	35675	15.11	8	12	6
2011-12-04 09:00:00	6.4	58.2	32400	1322989200	35675	15.11	9	12	6
2011-12-04 10:00:00	7.6	58.2	36000	1322992800	35675	15.11	10	12	6
2011-12-04 11:00:00	8.7	58.2	39600	1322996400	35675	15.11	11	12	6
2011-12-04 12:00:00	7.8	58.2	43200	1323000000	35675	15.11	12	12	6
2011-12-04 13:00:00	8.6	58.2	46800	1323003600	35675	15.11	13	12	6
2011-12-04 14:00:00	8.8	58.2	50400	1323007200	35675	15.11	14	12	6
2011-12-04 15:00:00	9.2	58.2	54000	1323010800	35675	15.11	15	12	6
2011-12-04 16:00:00	8.4	58.2	57600	1323014400	35675	15.11	16	12	6
2011-12-04 17:00:00	7.6	58.2	61200	1323018000	35675	15.11	17	12	6
2011-12-04 18:00:00	6.2	58.2	64800	1323021600	35675	15.11	18	12	6
2011-12-04 19:00:00	5.9	58.2	68400	1323025200	35675	15.11	19	12	6
2011-12-04 20:00:00	4.8	58.2	72000	1323028800	35675	15.11	20	12	6
2011-12-04 21:00:00	4.5	58.2	75600	1323032400	35675	15.11	21	12	6
2011-12-04 22:00:00	3.9	58.2	79200	1323036000	35675	15.11	22	12	6
2011-12-04 23:00:00	3.9	58.2	82800	1323039600	35675	15.11	23	12	6
2011-12-05 00:00:00	2.8	58.2	0	1323043200	35675	15.11	0	12	0
2011-12-05 01:00:00	3.0	58.2	3600	1323046800	35675	15.11	1	12	0
2011-12-05 02:00:00	2.8	58.2	7200	1323050400	35675	15.11	2	12	0
2011-12-05 03:00:00	2.8	58.2	10800	1323054000	35675	15.11	3	12	0
2011-12-05 04:00:00	2.8	58.2	14400	1323057600	35675	15.11	4	12	0
2011-12-05 05:00:00	3.0	58.2	18000	1323061200	35675	15.11	5	12	0
2011-12-05 06:00:00	3.8	58.2	21600	1323064800	35675	15.11	6	12	0
2011-12-05 07:00:00	3.8	58.2	25200	1323068400	35675	15.11	7	12	0
2011-12-05 08:00:00	5.5	58.2	28800	1323072000	35675	15.11	8	12	0
2011-12-05 09:00:00	8.0	58.2	32400	1323075600	35675	15.11	9	12	0
2011-12-05 10:00:00	8.9	58.2	36000	1323079200	35675	15.11	10	12	0
2011-12-05 11:00:00	9.7	58.2	39600	1323082800	35675	15.11	11	12	0
2011-12-05 12:00:00	10.2	58.2	43200	1323086400	35675	15.11	12	12	0
2011-12-05 13:00:00	11.0	58.2	46800	1323090000	35675	15.11	13	12	0
2011-12-05 14:00:00	11.2	58.2	50400	1323093600	35675	15.11	14	12	0
2011-12-05 15:00:00	11.0	58.2	54000	1323097200	35675	15.11	15	12	0
2011-12-05 16:00:00	10.7	58.2	57600	1323100800	35675	15.11	16	12	0
2011-12-05 17:00:00	10.5	58.2	61200	1323104400	35675	15.11	17	12	0
2011-12-05 18:00:00	10.5	58.2	64800	1323108000	35675	15.11	18	12	0
2011-12-05 19:00:00	10.2	58.2	68400	1323111600	35675	15.11	19	12	0
2011-12-05 20:00:00	10.5	58.2	72000	1323115200	35675	15.11	20	12	0
2011-12-05 21:00:00	12.1	58.2	75600	1323118800	35930	15.11	21	12	0
2011-12-05 22:00:00	12.9	58.2	79200	1323122400	36665	15.11	22	12	0
2011-12-05 23:00:00	13.5	58.2	82800	1323126000	37713	15.11	23	12	0
2011-12-06 00:00:00	13.5	58.2	0	1323129600	37713	15.11	0	12	1
2011-12-06 01:00:00	13.5	58.2	3600	1323133200	37713	15.11	1	12	1
2011-12-06 02:00:00	13.8	58.2	7200	1323136800	38299	16.11	2	12	1
2011-12-06 03:00:00	13.0	58.2	10800	1323140400	36903	15.11	3	12	1
2011-12-06 04:00:00	13.0	58.2	14400	1323144000	36903	15.11	4	12	1
2011-12-06 05:00:00	13.2	58.2	18000	1323147600	37195	15.11	5	12	1
2011-12-06 06:00:00	14.6	58.2	21600	1323151200	39781	16.11	6	12	1
2011-12-06 07:00:00	14.6	58.2	25200	1323154800	39781	16.11	7	12	1
2011-12-06 08:00:00	14.9	58.2	28800	1323158400	40247	17.11	8	12	1
2011-12-06 09:00:00	15.1	58.2	32400	1323162000	40564	17.11	9	12	1
2011-12-06 10:00:00	15.4	58.2	36000	1323165600	41179	17.11	10	12	1
2011-12-06 11:00:00	15.4	58.2	39600	1323169200	41179	17.11	11	12	1
2011-12-06 12:00:00	15.7	58.2	43200	1323172800	41754	17.11	12	12	1
2011-12-06 13:00:00	16.0	58.2	46800	1323176400	42090	18.11	13	12	1
2011-12-06 14:00:00	16.0	58.2	50400	1323180000	42090	18.11	14	12	1
2011-12-06 15:00:00	16.0	58.2	54000	1323183600	42090	18.11	15	12	1
2011-12-06 16:00:00	16.0	58.2	57600	1323187200	42090	18.11	16	12	1
2011-12-06 17:00:00	16.0	58.2	61200	1323190800	42090	18.11	17	12	1
2011-12-06 18:00:00	16.0	58.2	64800	1323194400	42090	18.11	18	12	1
2011-12-06 19:00:00	16.2	58.2	68400	1323198000	42391	18.11	19	12	1
2011-12-06 20:00:00	16.5	58.2	72000	1323201600	43022	18.11	20	12	1
2011-12-06 21:00:00	16.3	58.2	75600	1323205200	42648	18.11	21	12	1
2011-12-06 22:00:00	16.3	58.2	79200	1323208800	42648	18.11	22	12	1
2011-12-06 23:00:00	16.3	727.5	82800	1323212400	337954	19.11	23	12	1
2011-12-07 00:00:00	16.3	58.2	0	1323216000	42648	18.11	0	12	2
2011-12-07 01:00:00	15.7	58.2	3600	1323219600	41754	17.11	1	12	2
2011-12-07 02:00:00	15.7	58.2	7200	1323223200	41754	17.11	2	12	2
2011-12-07 03:00:00	16.0	58.2	10800	1323226800	42090	18.11	3	12	2
2011-12-07 04:00:00	16.0	58.2	14400	1323230400	42090	18.11	4	12	2
2011-12-07 05:00:00	15.7	58.2	18000	1323234000	41754	17.11	5	12	2
2011-12-07 06:00:00	14.6	58.2	21600	1323237600	39781	16.11	6	12	2
2011-12-07 07:00:00	14.3	58.2	25200	1323241200	39237	16.11	7	12	2
2011-12-07 08:00:00	14.1	58.2	28800	1323244800	38924	16.11	8	12	2
2011-12-07 09:00:00	13.2	58.2	32400	1323248400	37195	15.11	9	12	2
2011-12-07 10:00:00	12.9	58.2	36000	1323252000	36665	15.11	10	12	2
2011-12-07 11:00:00	13.0	58.2	39600	1323255600	36903	15.11	11	12	2
2011-12-07 12:00:00	12.4	58.2	43200	1323259200	36013	15.11	12	12	2
2011-12-07 13:00:00	12.4	58.2	46800	1323262800	36013	15.11	13	12	2
2011-12-07 14:00:00	11.6	58.2	50400	1323266400	35675	15.11	14	12	2
2011-12-07 15:00:00	11.0	562.6	54000	1323270000	202793	15.11	15	12	2
2011-12-07 16:00:00	10.8	543.2	57600	1323273600	193910	15.11	16	12	2
2011-12-07 17:00:00	9.4	717.8	61200	1323277200	274401	15.11	17	12	2
2011-12-07 18:00:00	8.3	766.3	64800	1323280800	260569	15.11	18	12	2
2011-12-07 19:00:00	6.9	756.6	68400	1323284400	267625	15.11	19	12	2
2011-12-07 20:00:00	5.8	58.2	72000	1323288000	35675	15.11	20	12	2
2011-12-07 21:00:00	4.0	58.2	75600	1323291600	35675	15.11	21	12	2
2011-12-07 22:00:00	2.6	58.2	79200	1323295200	35675	15.11	22	12	2
2011-12-07 23:00:00	2.6	58.2	82800	1323298800	35675	15.11	23	12	2
2011-12-08 00:00:00	2.7	58.2	0	1323302400	35675	15.11	0	12	3
2011-12-08 01:00:00	2.8	58.2	3600	1323306000	35675	15.11	1	12	3
2011-12-08 02:00:00	1.3	58.2	7200	1323309600	35675	15.11	2	12	3
2011-12-08 03:00:00	0.7	58.2	10800	1323313200	35675	15.11	3	12	3
2011-12-08 04:00:00	-0.2	58.2	14400	1323316800	35675	15.11	4	12	3
2011-12-08 05:00:00	-0.3	58.2	18000	1323320400	35675	15.11	5	12	3
2011-12-08 06:00:00	-0.8	58.2	21600	1323324000	35675	15.11	6	12	3
2011-12-08 07:00:00	-0.5	58.2	25200	1323327600	35675	15.11	7	12	3
2011-12-08 08:00:00	0.4	58.2	28800	1323331200	35675	15.11	8	12	3
2011-12-08 09:00:00	0.7	58.2	32400	1323334800	35675	15.11	9	12	3
2011-12-08 10:00:00	1.7	58.2	36000	1323338400	35675	15.11	10	12	3
2011-12-08 11:00:00	2.0	58.2	39600	1323342000	35675	15.11	11	12	3
2011-12-08 12:00:00	2.4	58.2	43200	1323345600	35675	15.11	12	12	3
2011-12-08 13:00:00	2.7	1154.3	46800	1323349200	406360	15.11	13	12	3
2011-12-08 14:00:00	2.7	543.2	50400	1323352800	189234	15.11	14	12	3
2011-12-08 15:00:00	2.4	834.2	54000	1323356400	290083	15.11	15	12	3
2011-12-08 16:00:00	1.2	717.8	57600	1323360000	270022	15.11	16	12	3
2011-12-08 17:00:00	0.9	766.3	61200	1323363600	257379	15.11	17	12	3
2011-12-08 18:00:00	0.8	688.7	64800	1323367200	254877	15.11	18	12	3
2011-12-08 19:00:00	-0.3	679.0	68400	1323370800	249875	15.11	19	12	3
2011-12-08 20:00:00	-0.3	475.3	72000	1323374400	163803	15.11	20	12	3
2011-12-08 21:00:00	-0.8	58.2	75600	1323378000	35675	15.11	21	12	3
2011-12-08 22:00:00	-0.8	407.4	79200	1323381600	142046	15.11	22	12	3
2011-12-08 23:00:00	-1.1	417.1	82800	1323385200	144933	15.11	23	12	3
2011-12-09 00:00:00	-1.5	407.4	0	1323388800	142032	15.11	0	12	4
2011-12-09 01:00:00	-1.7	407.4	3600	1323392400	142028	15.11	1	12	4
2011-12-09 02:00:00	-2.0	58.2	7200	1323396000	35675	15.11	2	12	4
2011-12-09 03:00:00	-2.0	58.2	10800	1323399600	35675	15.11	3	12	4
2011-12-09 04:00:00	-2.2	58.2	14400	1323403200	35675	15.11	4	12	4
2011-12-09 05:00:00	-2.6	58.2	18000	1323406800	35675	15.11	5	12	4
2011-12-09 06:00:00	-2.6	58.2	21600	1323410400	35675	15.11	6	12	4
2011-12-09 07:00:00	-1.7	58.2	25200	1323414000	35675	15.11	7	12	4
2011-12-09 08:00:00	1.6	58.2	28800	1323417600	35675	15.11	8	12	4
2011-12-09 09:00:00	3.5	58.2	32400	1323421200	35675	15.11	9	12	4
2011-12-09 10:00:00	5.0	58.2	36000	1323424800	35675	15.11	10	12	4
2011-12-09 11:00:00	5.9	58.2	39600	1323428400	35675	15.11	11	12	4
2011-12-09 12:00:00	6.3	58.2	43200	1323432000	35675	15.11	12	12	4
2011-12-09 13:00:00	5.9	58.2	46800	1323435600	35675	15.11	13	12	4
2011-12-09 14:00:00	5.7	58.2	50400	1323439200	35675	15.11	14	12	4
2011-12-09 15:00:00	5.7	58.2	54000	1323442800	35675	15.11	15	12	4
2011-12-09 16:00:00	4.8	58.2	57600	1323446400	35675	15.11	16	12	4
2011-12-09 17:00:00	2.9	58.2	61200	1323450000	35675	15.11	17	12	4
2011-12-09 18:00:00	2.3	58.2	64800	1323453600	35675	15.11	18	12	4
2011-12-09 19:00:00	1.1	58.2	68400	1323457200	35675	15.11	19	12	4
2011-12-09 20:00:00	1.6	58.2	72000	1323460800	35675	15.11	20	12	4
2011-12-09 21:00:00	1.3	58.2	75600	1323464400	35675	15.11	21	12	4
2011-12-09 22:00:00	0.7	58.2	79200	1323468000	35675	15.11	22	12	4
2011-12-09 23:00:00	1.1	58.2	82800	1323471600	35675	15.11	23	12	4
2011-12-10 00:00:00	1.1	58.2	0	1323475200	35675	15.11	0	12	5
2011-12-10 01:00:00	0.5	58.2	3600	1323478800	35675	15.11	1	12	5
2011-12-10 02:00:00	0.0	58.2	7200	1323482400	35675	15.11	2	12	5
2011-12-10 03:00:00	0.3	436.5	10800	1323486000	150970	15.11	3	12	5
2011-12-10 04:00:00	0.7	436.5	14400	1323489600	150983	15.11	4	12	5
2011-12-10 05:00:00	0.9	58.2	18000	1323493200	35675	15.11	5	12	5
2011-12-10 06:00:00	0.6	58.2	21600	1323496800	35675	15.11	6	12	5
2011-12-10 07:00:00	0.8	58.2	25200	1323500400	35675	15.11	7	12	5
2011-12-10 08:00:00	2.0	58.2	28800	1323504000	35675	15.11	8	12	5
2011-12-10 09:00:00	2.9	58.2	32400	1323507600	35675	15.11	9	12	5
2011-12-10 10:00:00	3.5	58.2	36000	1323511200	35675	15.11	10	12	5
2011-12-10 11:00:00	3.3	698.4	39600	1323514800	260312	15.11	11	12	5
2011-12-10 12:00:00	2.6	766.3	43200	1323518400	257847	15.11	12	12	5
2011-12-10 13:00:00	2.3	766.3	46800	1323522000	257753	15.11	13	12	5
2011-12-10 14:00:00	2.3	727.5	50400	1323525600	275415	15.11	14	12	5
2011-12-10 15:00:00	0.8	834.2	54000	1323529200	289958	15.11	15	12	5
2011-12-10 16:00:00	-0.3	834.2	57600	1323532800	289896	15.11	16	12	5
2011-12-10 17:00:00	-0.8	892.4	61200	1323536400	308082	15.11	17	12	5
2011-12-10 18:00:00	-2.0	940.9	64800	1323540000	324166	15.11	18	12	5
2011-12-10 20:00:00	-2.4	824.5	72000	1323547200	286900	15.11	20	12	5
2011-12-10 21:00:00	-3.4	58.2	75600	1323550800	35675	15.11	21	12	5
2011-12-10 22:00:00	-3.5	727.5	79200	1323554400	274728	15.11	22	12	5
2011-12-10 23:00:00	-3.1	58.2	82800	1323558000	35675	15.11	23	12	5
2011-12-11 00:00:00	-3.1	58.2	0	1323561600	35675	15.11	0	12	6
2011-12-11 01:00:00	-3.3	58.2	3600	1323565200	35675	15.11	1	12	6
2011-12-11 02:00:00	-3.3	58.2	7200	1323568800	35675	15.11	2	12	6
2011-12-11 03:00:00	-3.6	58.2	10800	1323572400	35675	15.11	3	12	6
2011-12-11 04:00:00	-5.4	58.2	14400	1323576000	35675	15.11	4	12	6
2011-12-11 05:00:00	-5.4	58.2	18000	1323579600	35675	15.11	5	12	6
2011-12-11 06:00:00	-5.8	58.2	21600	1323583200	35675	15.11	6	12	6
2011-12-11 07:00:00	-4.9	58.2	25200	1323586800	35675	15.11	7	12	6
2011-12-11 08:00:00	-2.0	58.2	28800	1323590400	35675	15.11	8	12	6
2011-12-11 09:00:00	-0.6	58.2	32400	1323594000	35675	15.11	9	12	6
2011-12-11 10:00:00	-0.5	417.1	36000	1323597600	144947	15.11	10	12	6
2011-12-11 11:00:00	-0.3	58.2	39600	1323601200	35675	15.11	11	12	6
2011-12-11 12:00:00	-0.4	58.2	43200	1323604800	35675	15.11	12	12	6
2011-12-11 13:00:00	-0.1	1057.3	46800	1323608400	366652	15.11	13	12	6
2011-12-11 14:00:00	0.1	475.3	50400	1323612000	163817	15.11	14	12	6
2011-12-11 15:00:00	-0.1	902.1	54000	1323615600	311282	15.11	15	12	6
2011-12-11 16:00:00	-0.9	824.5	57600	1323619200	286957	15.11	16	12	6
2011-12-11 17:00:00	-1.5	640.2	61200	1323622800	230985	15.11	17	12	6
2011-12-11 18:00:00	-2.1	669.3	64800	1323626400	244936	15.11	18	12	6
2011-12-11 19:00:00	-2.9	640.2	68400	1323630000	230914	15.11	19	12	6
2011-12-11 20:00:00	-3.6	446.2	72000	1323633600	153987	15.11	20	12	6
2011-12-11 21:00:00	-3.6	426.8	75600	1323637200	147852	15.11	21	12	6
2011-12-11 22:00:00	-4.0	397.7	79200	1323640800	139173	15.11	22	12	6
2011-12-11 23:00:00	-4.0	397.7	82800	1323644400	139173	15.11	23	12	6
2011-12-12 00:00:00	-4.3	58.2	0	1323648000	35675	15.11	0	12	0
2011-12-12 01:00:00	-5.1	58.2	3600	1323651600	35675	15.11	1	12	0
2011-12-12 02:00:00	-5.1	388.0	7200	1323655200	136412	15.11	2	12	0
2011-12-12 03:00:00	-5.1	494.7	10800	1323658800	170535	15.11	3	12	0
2011-12-12 04:00:00	-5.6	58.2	14400	1323662400	35675	15.11	4	12	0
2011-12-12 05:00:00	-5.1	58.2	18000	1323666000	35675	15.11	5	12	0
2011-12-12 06:00:00	-5.6	58.2	21600	1323669600	35675	15.11	6	12	0
2011-12-12 07:00:00	-5.1	58.2	25200	1323673200	35675	15.11	7	12	0
2011-12-12 08:00:00	-2.0	58.2	28800	1323676800	35675	15.11	8	12	0
2011-12-12 09:00:00	-0.3	58.2	32400	1323680400	35675	15.11	9	12	0
2011-12-12 10:00:00	1.7	58.2	36000	1323684000	35675	15.11	10	12	0
2011-12-12 11:00:00	1.2	58.2	39600	1323687600	35675	15.11	11	12	0
2011-12-12 12:00:00	1.9	58.2	43200	1323691200	35675	15.11	12	12	0
2011-12-12 13:00:00	2.8	58.2	46800	1323694800	35675	15.11	13	12	0
2011-12-12 14:00:00	3.3	426.8	50400	1323698400	148068	15.11	14	12	0
2011-12-12 15:00:00	2.7	58.2	54000	1323702000	35675	15.11	15	12	0
2011-12-12 16:00:00	1.5	58.2	57600	1323705600	35675	15.11	16	12	0
2011-12-12 17:00:00	0.3	58.2	61200	1323709200	35675	15.11	17	12	0
2011-12-12 18:00:00	-0.5	58.2	64800	1323712800	35675	15.11	18	12	0
2011-12-12 19:00:00	-0.3	785.7	68400	1323716400	247983	15.11	19	12	0
2011-12-12 20:00:00	-1.5	58.2	72000	1323720000	35675	15.11	20	12	0
2011-12-12 21:00:00	-1.5	58.2	75600	1323723600	35675	15.11	21	12	0
2011-12-12 22:00:00	-1.9	58.2	79200	1323727200	35675	15.11	22	12	0
2011-12-12 23:00:00	-2.2	58.2	82800	1323730800	35675	15.11	23	12	0
2011-12-13 00:00:00	-2.4	58.2	0	1323734400	35675	15.11	0	12	1
2011-12-13 01:00:00	-2.7	58.2	3600	1323738000	35675	15.11	1	12	1
2011-12-13 02:00:00	-3.3	58.2	7200	1323741600	35675	15.11	2	12	1
2011-12-13 03:00:00	-4.2	58.2	10800	1323745200	35675	15.11	3	12	1
2011-12-13 04:00:00	-4.8	58.2	14400	1323748800	35675	15.11	4	12	1
2011-12-13 05:00:00	-4.4	58.2	18000	1323752400	35675	15.11	5	12	1
2011-12-13 06:00:00	-4.8	58.2	21600	1323756000	35675	15.11	6	12	1
2011-12-13 07:00:00	-2.6	58.2	25200	1323759600	35675	15.11	7	12	1
2011-12-13 08:00:00	0.5	58.2	28800	1323763200	35675	15.11	8	12	1
2011-12-13 09:00:00	2.9	58.2	32400	1323766800	35675	15.11	9	12	1
2011-12-13 10:00:00	3.4	58.2	36000	1323770400	35675	15.11	10	12	1
2011-12-13 11:00:00	4.0	58.2	39600	1323774000	35675	15.11	11	12	1
2011-12-13 12:00:00	3.6	58.2	43200	1323777600	35675	15.11	12	12	1
2011-12-13 13:00:00	3.6	58.2	46800	1323781200	35675	15.11	13	12	1
2011-12-13 14:00:00	4.3	58.2	50400	1323784800	35675	15.11	14	12	1
2011-12-13 15:00:00	3.7	58.2	54000	1323788400	35675	15.11	15	12	1
2011-12-13 16:00:00	2.2	58.2	57600	1323792000	35675	15.11	16	12	1
2011-12-13 17:00:00	1.9	58.2	61200	1323795600	35675	15.11	17	12	1
2011-12-13 18:00:00	0.9	58.2	64800	1323799200	35675	15.11	18	12	1
2011-12-13 19:00:00	0.1	58.2	68400	1323802800	35675	15.11	19	12	1
2011-12-13 20:00:00	0.3	746.9	72000	1323806400	277269	15.11	20	12	1
2011-12-13 21:00:00	1.2	58.2	75600	1323810000	35675	15.11	21	12	1
2011-12-13 22:00:00	0.0	407.4	79200	1323813600	142064	15.11	22	12	1
2011-12-13 23:00:00	-0.7	417.1	82800	1323817200	144942	15.11	23	12	1
2011-12-14 00:00:00	-0.8	436.5	0	1323820800	150939	15.11	0	12	2
2011-12-14 01:00:00	0.1	417.1	3600	1323824400	144962	15.11	1	12	2
2011-12-14 02:00:00	0.0	58.2	7200	1323828000	35675	15.11	2	12	2
2011-12-14 03:00:00	-0.5	58.2	10800	1323831600	35675	15.11	3	12	2
2011-12-14 04:00:00	-0.3	58.2	14400	1323835200	35675	15.11	4	12	2
2011-12-14 05:00:00	0.7	58.2	18000	1323838800	35675	15.11	5	12	2
2011-12-14 06:00:00	0.5	58.2	21600	1323842400	35675	15.11	6	12	2
2011-12-14 07:00:00	1.7	58.2	25200	1323846000	35675	15.11	7	12	2
2011-12-14 08:00:00	3.2	58.2	28800	1323849600	35675	15.11	8	12	2
2011-12-14 09:00:00	4.6	58.2	32400	1323853200	35675	15.11	9	12	2
2011-12-14 10:00:00	5.1	58.2	36000	1323856800	35675	15.11	10	12	2
2011-12-14 11:00:00	5.6	58.2	39600	1323860400	35675	15.11	11	12	2
2011-12-14 12:00:00	6.1	58.2	43200	1323864000	35675	15.11	12	12	2
2011-12-14 13:00:00	6.1	620.8	46800	1323867600	223298	15.11	13	12	2
2011-12-14 14:00:00	5.8	58.2	50400	1323871200	35675	15.11	14	12	2
2011-12-14 15:00:00	5.5	58.2	54000	1323874800	35675	15.11	15	12	2
2011-12-14 16:00:00	5.2	436.5	57600	1323878400	151301	15.11	16	12	2
2011-12-14 17:00:00	5.2	601.4	61200	1323882000	214249	15.11	17	12	2
2011-12-14 18:00:00	5.2	601.4	64800	1323885600	214249	15.11	18	12	2
2011-12-14 19:00:00	5.2	58.2	68400	1323889200	35675	15.11	19	12	2
2011-12-14 20:00:00	4.9	58.2	72000	1323892800	35675	15.11	20	12	2
2011-12-14 21:00:00	5.1	58.2	75600	1323896400	35675	15.11	21	12	2
2011-12-14 22:00:00	5.4	58.2	79200	1323900000	35675	15.11	22	12	2
2011-12-14 23:00:00	4.9	58.2	82800	1323903600	35675	15.11	23	12	2
2011-12-15 00:00:00	4.4	58.2	0	1323907200	35675	15.11	0	12	3
2011-12-15 01:00:00	4.1	58.2	3600	1323910800	35675	15.11	1	12	3
2011-12-15 02:00:00	4.3	58.2	7200	1323914400	35675	15.11	2	12	3
2011-12-15 03:00:00	5.3	58.2	10800	1323918000	35675	15.11	3	12	3
2011-12-15 04:00:00	5.5	58.2	14400	1323921600	35675	15.11	4	12	3
2011-12-15 05:00:00	5.5	58.2	18000	1323925200	35675	15.11	5	12	3
2011-12-15 06:00:00	5.0	58.2	21600	1323928800	35675	15.11	6	12	3
2011-12-15 07:00:00	5.1	58.2	25200	1323932400	35675	15.11	7	12	3
2011-12-15 08:00:00	6.1	58.2	28800	1323936000	35675	15.11	8	12	3
2011-12-15 09:00:00	7.7	58.2	32400	1323939600	35675	15.11	9	12	3
2011-12-15 10:00:00	9.0	58.2	36000	1323943200	35675	15.11	10	12	3
2011-12-15 11:00:00	10.0	58.2	39600	1323946800	35675	15.11	11	12	3
2011-12-15 12:00:00	11.0	58.2	43200	1323950400	35675	15.11	12	12	3
2011-12-15 13:00:00	11.2	58.2	46800	1323954000	35675	15.11	13	12	3
2011-12-15 14:00:00	11.7	58.2	50400	1323957600	35675	15.11	14	12	3
2011-12-15 15:00:00	11.7	58.2	54000	1323961200	35675	15.11	15	12	3
2011-12-15 16:00:00	12.0	58.2	57600	1323964800	35915	15.11	16	12	3
2011-12-15 17:00:00	12.5	58.2	61200	1323968400	36064	15.11	17	12	3
2011-12-15 18:00:00	12.5	58.2	64800	1323972000	36064	15.11	18	12	3
2011-12-15 19:00:00	12.5	58.2	68400	1323975600	36064	15.11	19	12	3
2011-12-15 20:00:00	12.7	58.2	72000	1323979200	36252	15.11	20	12	3
2011-12-15 21:00:00	12.5	58.2	75600	1323982800	36064	15.11	21	12	3
2011-12-15 22:00:00	12.5	58.2	79200	1323986400	36064	15.11	22	12	3
2011-12-15 23:00:00	12.5	58.2	82800	1323990000	36064	15.11	23	12	3
2011-12-16 00:00:00	12.3	58.2	0	1323993600	35977	15.11	0	12	4
2011-12-16 01:00:00	11.8	58.2	3600	1323997200	35675	15.11	1	12	4
2011-12-16 02:00:00	11.8	58.2	7200	1324000800	35675	15.11	2	12	4
2011-12-16 03:00:00	9.3	58.2	10800	1324004400	35675	15.11	3	12	4
2011-12-16 04:00:00	7.9	58.2	14400	1324008000	35675	15.11	4	12	4
2011-12-16 05:00:00	5.3	58.2	18000	1324011600	35675	15.11	5	12	4
2011-12-16 06:00:00	4.4	58.2	21600	1324015200	35675	15.11	6	12	4
2011-12-16 07:00:00	3.6	58.2	25200	1324018800	35675	15.11	7	12	4
2011-12-16 08:00:00	3.8	58.2	28800	1324022400	35675	15.11	8	12	4
2011-12-16 09:00:00	3.9	58.2	32400	1324026000	35675	15.11	9	12	4
2011-12-16 10:00:00	3.1	58.2	36000	1324029600	35675	15.11	10	12	4
2011-12-16 11:00:00	2.5	58.2	39600	1324033200	35675	15.11	11	12	4
2011-12-16 12:00:00	2.6	58.2	43200	1324036800	35675	15.11	12	12	4
2011-12-16 13:00:00	2.6	58.2	46800	1324040400	35675	15.11	13	12	4
2011-12-16 14:00:00	2.5	58.2	50400	1324044000	35675	15.11	14	12	4
2011-12-16 15:00:00	2.2	58.2	54000	1324047600	35675	15.11	15	12	4
2011-12-16 16:00:00	2.0	58.2	57600	1324051200	35675	15.11	16	12	4
2011-12-16 17:00:00	2.0	58.2	61200	1324054800	35675	15.11	17	12	4
2011-12-16 18:00:00	2.2	58.2	64800	1324058400	35675	15.11	18	12	4
2011-12-16 19:00:00	2.0	58.2	68400	1324062000	35675	15.11	19	12	4
2011-12-16 20:00:00	1.9	58.2	72000	1324065600	35675	15.11	20	12	4
2011-12-16 21:00:00	2.0	58.2	75600	1324069200	35675	15.11	21	12	4
2011-12-16 22:00:00	1.6	58.2	79200	1324072800	35675	15.11	22	12	4
2011-12-16 23:00:00	1.7	58.2	82800	1324076400	35675	15.11	23	12	4
2011-12-17 00:00:00	1.4	58.2	0	1324080000	35675	15.11	0	12	5
2011-12-17 01:00:00	1.4	58.2	3600	1324083600	35675	15.11	1	12	5
2011-12-17 02:00:00	0.6	58.2	7200	1324087200	35675	15.11	2	12	5
2011-12-17 03:00:00	0.1	58.2	10800	1324090800	35675	15.11	3	12	5
2011-12-17 04:00:00	-0.3	58.2	14400	1324094400	35675	15.11	4	12	5
2011-12-17 05:00:00	0.0	58.2	18000	1324098000	35675	15.11	5	12	5
2011-12-17 06:00:00	0.1	58.2	21600	1324101600	35675	15.11	6	12	5
2011-12-17 07:00:00	0.1	58.2	25200	1324105200	35675	15.11	7	12	5
2011-12-17 08:00:00	0.4	58.2	28800	1324108800	35675	15.11	8	12	5
2011-12-17 09:00:00	0.9	58.2	32400	1324112400	35675	15.11	9	12	5
2011-12-17 10:00:00	0.7	58.2	36000	1324116000	35675	15.11	10	12	5
2011-12-17 11:00:00	0.7	58.2	39600	1324119600	35675	15.11	11	12	5
2011-12-17 12:00:00	1.2	58.2	43200	1324123200	35675	15.11	12	12	5
2011-12-17 13:00:00	1.5	58.2	46800	1324126800	35675	15.11	13	12	5
2011-12-17 14:00:00	1.0	58.2	50400	1324130400	35675	15.11	14	12	5
2011-12-17 15:00:00	0.7	58.2	54000	1324134000	35675	15.11	15	12	5
2011-12-17 16:00:00	0.7	58.2	57600	1324137600	35675	15.11	16	12	5
2011-12-17 18:00:00	0.1	58.2	64800	1324144800	35675	15.11	18	12	5
2011-12-17 19:00:00	-0.1	58.2	68400	1324148400	35675	15.11	19	12	5
2011-12-17 20:00:00	-0.8	58.2	72000	1324152000	35675	15.11	20	12	5
2011-12-17 21:00:00	-1.3	58.2	75600	1324155600	35675	15.11	21	12	5
2011-12-17 22:00:00	-1.9	58.2	79200	1324159200	35675	15.11	22	12	5
2011-12-17 23:00:00	-1.3	58.2	82800	1324162800	35675	15.11	23	12	5
2011-12-18 00:00:00	-1.9	58.2	0	1324166400	35675	15.11	0	12	6
2011-12-18 01:00:00	-1.0	58.2	3600	1324170000	35675	15.11	1	12	6
2011-12-18 02:00:00	-1.2	58.2	7200	1324173600	35675	15.11	2	12	6
2011-12-18 03:00:00	-1.3	58.2	10800	1324177200	35675	15.11	3	12	6
2011-12-18 04:00:00	-1.3	58.2	14400	1324180800	35675	15.11	4	12	6
2011-12-18 05:00:00	-2.4	58.2	18000	1324184400	35675	15.11	5	12	6
2011-12-18 06:00:00	-2.4	58.2	21600	1324188000	35675	15.11	6	12	6
2011-12-18 07:00:00	-1.3	58.2	25200	1324191600	35675	15.11	7	12	6
2011-12-18 08:00:00	-0.8	58.2	28800	1324195200	35675	15.11	8	12	6
2011-12-18 09:00:00	0.4	58.2	32400	1324198800	35675	15.11	9	12	6
2011-12-18 10:00:00	0.1	58.2	36000	1324202400	35675	15.11	10	12	6
2011-12-18 11:00:00	0.6	58.2	39600	1324206000	35675	15.11	11	12	6
2011-12-18 12:00:00	1.7	58.2	43200	1324209600	35675	15.11	12	12	6
2011-12-18 13:00:00	0.6	58.2	46800	1324213200	35675	15.11	13	12	6
2011-12-18 14:00:00	1.2	58.2	50400	1324216800	35675	15.11	14	12	6
2011-12-18 15:00:00	0.6	58.2	54000	1324220400	35675	15.11	15	12	6
2011-12-18 16:00:00	0.0	58.2	57600	1324224000	35675	15.11	16	12	6
2011-12-18 17:00:00	-1.4	58.2	61200	1324227600	35675	15.11	17	12	6
2011-12-18 18:00:00	-1.7	58.2	64800	1324231200	35675	15.11	18	12	6
2011-12-18 19:00:00	-2.0	58.2	68400	1324234800	35675	15.11	19	12	6
2011-12-18 20:00:00	-2.8	58.2	72000	1324238400	35675	15.11	20	12	6
2011-12-18 21:00:00	-2.8	58.2	75600	1324242000	35675	15.11	21	12	6
2011-12-18 22:00:00	-3.5	58.2	79200	1324245600	35675	15.11	22	12	6
2011-12-18 23:00:00	-3.5	58.2	82800	1324249200	35675	15.11	23	12	6
2011-12-19 00:00:00	-3.5	58.2	0	1324252800	35675	15.11	0	12	0
2011-12-19 01:00:00	-4.4	58.2	3600	1324256400	35675	15.11	1	12	0
2011-12-19 02:00:00	-4.0	58.2	7200	1324260000	35675	15.11	2	12	0
2011-12-19 03:00:00	-4.6	58.2	10800	1324263600	35675	15.11	3	12	0
2011-12-19 04:00:00	-3.5	58.2	14400	1324267200	35675	15.11	4	12	0
2011-12-19 05:00:00	-4.0	58.2	18000	1324270800	35675	15.11	5	12	0
2011-12-19 06:00:00	-3.1	58.2	21600	1324274400	35675	15.11	6	12	0
2011-12-19 07:00:00	-2.6	58.2	25200	1324278000	35675	15.11	7	12	0
2011-12-19 08:00:00	-0.8	58.2	28800	1324281600	35675	15.11	8	12	0
2011-12-19 09:00:00	0.6	58.2	32400	1324285200	35675	15.11	9	12	0
2011-12-19 10:00:00	1.9	58.2	36000	1324288800	35675	15.11	10	12	0
2011-12-19 11:00:00	3.2	58.2	39600	1324292400	35675	15.11	11	12	0
2011-12-19 12:00:00	3.6	58.2	43200	1324296000	35675	15.11	12	12	0
2011-12-19 13:00:00	4.2	58.2	46800	1324299600	35675	15.11	13	12	0
2011-12-19 14:00:00	4.1	58.2	50400	1324303200	35675	15.11	14	12	0
2011-12-19 15:00:00	4.5	58.2	54000	1324306800	35675	15.11	15	12	0
2011-12-19 16:00:00	4.4	58.2	57600	1324310400	35675	15.11	16	12	0
2011-12-19 17:00:00	4.5	58.2	61200	1324314000	35675	15.11	17	12	0
2011-12-19 18:00:00	4.2	58.2	64800	1324317600	35675	15.11	18	12	0
2011-12-19 19:00:00	4.5	58.2	68400	1324321200	35675	15.11	19	12	0
2011-12-19 20:00:00	4.8	58.2	72000	1324324800	35675	15.11	20	12	0
2011-12-19 21:00:00	5.0	58.2	75600	1324328400	35675	15.11	21	12	0
2011-12-19 22:00:00	5.2	58.2	79200	1324332000	35675	15.11	22	12	0
2011-12-19 23:00:00	5.2	58.2	82800	1324335600	35675	15.11	23	12	0
2011-12-20 00:00:00	4.9	58.2	0	1324339200	35675	15.11	0	12	1
2011-12-20 01:00:00	5.1	58.2	3600	1324342800	35675	15.11	1	12	1
2011-12-20 02:00:00	5.3	58.2	7200	1324346400	35675	15.11	2	12	1
2011-12-20 03:00:00	5.3	58.2	10800	1324350000	35675	15.11	3	12	1
2011-12-20 04:00:00	5.7	58.2	14400	1324353600	35675	15.11	4	12	1
2011-12-20 05:00:00	6.4	58.2	18000	1324357200	35675	15.11	5	12	1
2011-12-20 06:00:00	6.7	58.2	21600	1324360800	35675	15.11	6	12	1
2011-12-20 07:00:00	6.9	58.2	25200	1324364400	35675	15.11	7	12	1
2011-12-20 08:00:00	7.3	58.2	28800	1324368000	35675	15.11	8	12	1
2011-12-20 09:00:00	7.6	58.2	32400	1324371600	35675	15.11	9	12	1
2011-12-20 10:00:00	7.7	58.2	36000	1324375200	35675	15.11	10	12	1
2011-12-20 11:00:00	7.7	58.2	39600	1324378800	35675	15.11	11	12	1
2011-12-20 12:00:00	8.1	58.2	43200	1324382400	35675	15.11	12	12	1
2011-12-20 13:00:00	8.2	58.2	46800	1324386000	35675	15.11	13	12	1
2011-12-20 14:00:00	7.9	58.2	50400	1324389600	35675	15.11	14	12	1
2011-12-20 15:00:00	7.7	931.2	54000	1324393200	323267	15.11	15	12	1
2011-12-20 16:00:00	6.8	494.7	57600	1324396800	171602	15.11	16	12	1
2011-12-20 17:00:00	5.7	640.2	61200	1324400400	232202	15.11	17	12	1
2011-12-20 18:00:00	6.2	601.4	64800	1324404000	214571	15.11	18	12	1
2011-12-20 19:00:00	6.4	591.7	68400	1324407600	210367	15.11	19	12	1
2011-12-20 20:00:00	5.6	58.2	72000	1324411200	35675	15.11	20	12	1
2011-12-20 21:00:00	6.1	58.2	75600	1324414800	35675	15.11	21	12	1
2011-12-20 22:00:00	5.9	58.2	79200	1324418400	35675	15.11	22	12	1
2011-12-20 23:00:00	5.9	58.2	82800	1324422000	35675	15.11	23	12	1
2011-12-21 00:00:00	5.6	58.2	0	1324425600	35675	15.11	0	12	2
2011-12-21 01:00:00	5.6	58.2	3600	1324429200	35675	15.11	1	12	2
2011-12-21 02:00:00	6.1	58.2	7200	1324432800	35675	15.11	2	12	2
2011-12-21 03:00:00	5.9	58.2	10800	1324436400	35675	15.11	3	12	2
2011-12-21 04:00:00	6.4	58.2	14400	1324440000	35675	15.11	4	12	2
2011-12-21 05:00:00	6.4	58.2	18000	1324443600	35675	15.11	5	12	2
2011-12-21 06:00:00	6.1	58.2	21600	1324447200	35675	15.11	6	12	2
2011-12-21 07:00:00	6.4	58.2	25200	1324450800	35675	15.11	7	12	2
2011-12-21 08:00:00	7.8	58.2	28800	1324454400	35675	15.11	8	12	2
2011-12-21 09:00:00	9.1	58.2	32400	1324458000	35675	15.11	9	12	2
2011-12-21 10:00:00	10.2	58.2	36000	1324461600	35675	15.11	10	12	2
2011-12-21 11:00:00	13.1	58.2	39600	1324465200	37045	15.11	11	12	2
2011-12-21 12:00:00	13.7	58.2	43200	1324468800	38160	15.11	12	12	2
2011-12-21 13:00:00	13.7	940.9	46800	1324472400	368391	16.11	13	12	2
2011-12-21 14:00:00	14.0	58.2	50400	1324476000	38652	16.11	14	12	2
2011-12-21 15:00:00	14.6	465.6	54000	1324479600	188646	17.11	15	12	2
2011-12-21 16:00:00	14.9	58.2	57600	1324483200	40247	17.11	16	12	2
2011-12-21 17:00:00	14.9	426.8	61200	1324486800	176496	17.11	17	12	2
2011-12-21 18:00:00	15.6	58.2	64800	1324490400	41545	17.11	18	12	2
2011-12-21 19:00:00	15.6	58.2	68400	1324494000	41545	17.11	19	12	2
2011-12-21 20:00:00	15.6	58.2	72000	1324497600	41545	17.11	20	12	2
2011-12-21 21:00:00	15.1	58.2	75600	1324501200	40564	17.11	21	12	2
2011-12-21 22:00:00	14.6	58.2	79200	1324504800	39781	16.11	22	12	2
2011-12-21 23:00:00	12.9	58.2	82800	1324508400	36665	15.11	23	12	2
2011-12-22 00:00:00	11.9	58.2	0	1324512000	35765	15.11	0	12	3
2011-12-22 01:00:00	10.8	58.2	3600	1324515600	35675	15.11	1	12	3
2011-12-22 02:00:00	10.7	58.2	7200	1324519200	35675	15.11	2	12	3
2011-12-22 03:00:00	8.8	58.2	10800	1324522800	35675	15.11	3	12	3
2011-12-22 04:00:00	8.0	58.2	14400	1324526400	35675	15.11	4	12	3
2011-12-22 05:00:00	7.5	58.2	18000	1324530000	35675	15.11	5	12	3
2011-12-22 06:00:00	6.9	58.2	21600	1324533600	35675	15.11	6	12	3
2011-12-22 07:00:00	6.1	58.2	25200	1324537200	35675	15.11	7	12	3
2011-12-22 08:00:00	8.3	58.2	28800	1324540800	35675	15.11	8	12	3
2011-12-22 09:00:00	9.7	58.2	32400	1324544400	35675	15.11	9	12	3
2011-12-22 10:00:00	10.2	58.2	36000	1324548000	35675	15.11	10	12	3
2011-12-22 11:00:00	11.0	58.2	39600	1324551600	35675	15.11	11	12	3
2011-12-22 12:00:00	11.0	58.2	43200	1324555200	35675	15.11	12	12	3
2011-12-22 13:00:00	11.0	989.4	46800	1324558800	350274	15.11	13	12	3
2011-12-22 14:00:00	10.7	582.0	50400	1324562400	210379	15.11	14	12	3
2011-12-22 15:00:00	10.5	873.0	54000	1324566000	307507	15.11	15	12	3
2011-12-22 16:00:00	9.4	601.4	57600	1324569600	216567	15.11	16	12	3
2011-12-22 17:00:00	8.4	523.8	61200	1324573200	183250	15.11	17	12	3
2011-12-22 18:00:00	8.6	630.5	64800	1324576800	229137	15.11	18	12	3
2011-12-22 19:00:00	8.9	601.4	68400	1324580400	216039	15.11	19	12	3
2011-12-22 20:00:00	9.4	446.2	72000	1324584000	155975	15.11	20	12	3
2011-12-22 21:00:00	8.8	58.2	75600	1324587600	35675	15.11	21	12	3
2011-12-22 22:00:00	9.1	417.1	79200	1324591200	146496	15.11	22	12	3
2011-12-22 23:00:00	9.1	58.2	82800	1324594800	35675	15.11	23	12	3
2011-12-23 00:00:00	9.1	58.2	0	1324598400	35675	15.11	0	12	4
2011-12-23 01:00:00	9.1	58.2	3600	1324602000	35675	15.11	1	12	4
2011-12-23 02:00:00	9.1	58.2	7200	1324605600	35675	15.11	2	12	4
2011-12-23 03:00:00	9.1	58.2	10800	1324609200	35675	15.11	3	12	4
2011-12-23 04:00:00	8.6	58.2	14400	1324612800	35675	15.11	4	12	4
2011-12-23 05:00:00	8.3	58.2	18000	1324616400	35675	15.11	5	12	4
2011-12-23 06:00:00	8.6	58.2	21600	1324620000	35675	15.11	6	12	4
2011-12-23 07:00:00	8.3	58.2	25200	1324623600	35675	15.11	7	12	4
2011-12-23 08:00:00	8.1	58.2	28800	1324627200	35675	15.11	8	12	4
2011-12-23 09:00:00	8.1	58.2	32400	1324630800	35675	15.11	9	12	4
2011-12-23 10:00:00	7.7	58.2	36000	1324634400	35675	15.11	10	12	4
2011-12-23 11:00:00	6.7	58.2	39600	1324638000	35675	15.11	11	12	4
2011-12-23 12:00:00	6.2	58.2	43200	1324641600	35675	15.11	12	12	4
2011-12-23 13:00:00	6.4	58.2	46800	1324645200	35675	15.11	13	12	4
2011-12-23 14:00:00	5.6	58.2	50400	1324648800	35675	15.11	14	12	4
2011-12-23 15:00:00	5.1	58.2	54000	1324652400	35675	15.11	15	12	4
2011-12-23 16:00:00	4.2	58.2	57600	1324656000	35675	15.11	16	12	4
2011-12-23 17:00:00	3.4	58.2	61200	1324659600	35675	15.11	17	12	4
2011-12-23 18:00:00	2.7	58.2	64800	1324663200	35675	15.11	18	12	4
2011-12-23 19:00:00	2.4	58.2	68400	1324666800	35675	15.11	19	12	4
2011-12-23 20:00:00	1.4	58.2	72000	1324670400	35675	15.11	20	12	4
2011-12-23 21:00:00	1.8	58.2	75600	1324674000	35675	15.11	21	12	4
2011-12-23 22:00:00	3.0	58.2	79200	1324677600	35675	15.11	22	12	4
2011-12-23 23:00:00	3.1	58.2	82800	1324681200	35675	15.11	23	12	4
2011-12-24 00:00:00	2.9	58.2	0	1324684800	35675	15.11	0	12	5
2011-12-24 01:00:00	2.3	58.2	3600	1324688400	35675	15.11	1	12	5
2011-12-24 02:00:00	2.8	58.2	7200	1324692000	35675	15.11	2	12	5
2011-12-24 03:00:00	2.7	58.2	10800	1324695600	35675	15.11	3	12	5
2011-12-24 04:00:00	2.3	58.2	14400	1324699200	35675	15.11	4	12	5
2011-12-24 05:00:00	2.4	58.2	18000	1324702800	35675	15.11	5	12	5
2011-12-24 06:00:00	2.4	58.2	21600	1324706400	35675	15.11	6	12	5
2011-12-24 07:00:00	1.7	58.2	25200	1324710000	35675	15.11	7	12	5
2011-12-24 08:00:00	3.1	58.2	28800	1324713600	35675	15.11	8	12	5
2011-12-24 09:00:00	1.4	58.2	32400	1324717200	35675	15.11	9	12	5
2011-12-24 10:00:00	1.4	58.2	36000	1324720800	35675	15.11	10	12	5
2011-12-24 11:00:00	2.0	58.2	39600	1324724400	35675	15.11	11	12	5
2011-12-24 12:00:00	1.6	58.2	43200	1324728000	35675	15.11	12	12	5
2011-12-24 13:00:00	1.9	58.2	46800	1324731600	35675	15.11	13	12	5
2011-12-24 14:00:00	1.7	58.2	50400	1324735200	35675	15.11	14	12	5
2011-12-24 15:00:00	1.6	58.2	54000	1324738800	35675	15.11	15	12	5
2011-12-24 16:00:00	0.6	58.2	57600	1324742400	35675	15.11	16	12	5
2011-12-24 17:00:00	-0.3	58.2	61200	1324746000	35675	15.11	17	12	5
2011-12-24 18:00:00	-1.0	58.2	64800	1324749600	35675	15.11	18	12	5
2011-12-24 19:00:00	-1.2	58.2	68400	1324753200	35675	15.11	19	12	5
2011-12-24 20:00:00	-1.2	58.2	72000	1324756800	35675	15.11	20	12	5
2011-12-24 21:00:00	-2.2	58.2	75600	1324760400	35675	15.11	21	12	5
2011-12-24 22:00:00	-2.0	58.2	79200	1324764000	35675	15.11	22	12	5
2011-12-24 23:00:00	-3.1	58.2	82800	1324767600	35675	15.11	23	12	5
2011-12-25 00:00:00	-2.8	58.2	0	1324771200	35675	15.11	0	12	6
2011-12-25 01:00:00	-2.9	58.2	3600	1324774800	35675	15.11	1	12	6
2011-12-25 02:00:00	-2.9	58.2	7200	1324778400	35675	15.11	2	12	6
2011-12-25 03:00:00	-3.3	58.2	10800	1324782000	35675	15.11	3	12	6
2011-12-25 04:00:00	-3.7	58.2	14400	1324785600	35675	15.11	4	12	6
2011-12-25 05:00:00	-3.5	58.2	18000	1324789200	35675	15.11	5	12	6
2011-12-25 06:00:00	-3.8	58.2	21600	1324792800	35675	15.11	6	12	6
2011-12-25 07:00:00	-3.5	58.2	25200	1324796400	35675	15.11	7	12	6
2011-12-25 08:00:00	0.0	58.2	28800	1324800000	35675	15.11	8	12	6
2011-12-25 09:00:00	1.9	58.2	32400	1324803600	35675	15.11	9	12	6
2011-12-25 10:00:00	2.8	58.2	36000	1324807200	35675	15.11	10	12	6
2011-12-25 11:00:00	3.4	58.2	39600	1324810800	35675	15.11	11	12	6
2011-12-25 12:00:00	4.0	58.2	43200	1324814400	35675	15.11	12	12	6
2011-12-25 13:00:00	4.6	58.2	46800	1324818000	35675	15.11	13	12	6
2011-12-25 14:00:00	4.5	58.2	50400	1324821600	35675	15.11	14	12	6
2011-12-25 15:00:00	4.3	58.2	54000	1324825200	35675	15.11	15	12	6
2011-12-25 16:00:00	3.5	58.2	57600	1324828800	35675	15.11	16	12	6
2011-12-25 17:00:00	2.3	58.2	61200	1324832400	35675	15.11	17	12	6
2011-12-25 18:00:00	1.5	58.2	64800	1324836000	35675	15.11	18	12	6
2011-12-25 19:00:00	0.3	58.2	68400	1324839600	35675	15.11	19	12	6
2011-12-25 20:00:00	-0.8	58.2	72000	1324843200	35675	15.11	20	12	6
2011-12-25 21:00:00	-0.6	58.2	75600	1324846800	35675	15.11	21	12	6
2011-12-25 22:00:00	1.3	58.2	79200	1324850400	35675	15.11	22	12	6
2011-12-25 23:00:00	1.5	58.2	82800	1324854000	35675	15.11	23	12	6
2011-12-26 00:00:00	1.1	58.2	0	1324857600	35675	15.11	0	12	0
2011-12-26 01:00:00	2.8	58.2	3600	1324861200	35675	15.11	1	12	0
2011-12-26 02:00:00	3.5	58.2	7200	1324864800	35675	15.11	2	12	0
2011-12-26 03:00:00	3.0	58.2	10800	1324868400	35675	15.11	3	12	0
2011-12-26 04:00:00	2.5	58.2	14400	1324872000	35675	15.11	4	12	0
2011-12-26 05:00:00	1.5	58.2	18000	1324875600	35675	15.11	5	12	0
2011-12-26 06:00:00	0.9	58.2	21600	1324879200	35675	15.11	6	12	0
2011-12-26 07:00:00	1.2	58.2	25200	1324882800	35675	15.11	7	12	0
2011-12-26 08:00:00	2.9	58.2	28800	1324886400	35675	15.11	8	12	0
2011-12-26 09:00:00	3.6	58.2	32400	1324890000	35675	15.11	9	12	0
2011-12-26 10:00:00	3.3	58.2	36000	1324893600	35675	15.11	10	12	0
2011-12-26 11:00:00	3.6	58.2	39600	1324897200	35675	15.11	11	12	0
2011-12-26 12:00:00	3.4	58.2	43200	1324900800	35675	15.11	12	12	0
2011-12-26 13:00:00	4.2	58.2	46800	1324904400	35675	15.11	13	12	0
2011-12-26 14:00:00	4.2	58.2	50400	1324908000	35675	15.11	14	12	0
2011-12-26 15:00:00	3.6	58.2	54000	1324911600	35675	15.11	15	12	0
2011-12-26 16:00:00	2.4	58.2	57600	1324915200	35675	15.11	16	12	0
2011-12-26 17:00:00	1.4	58.2	61200	1324918800	35675	15.11	17	12	0
2011-12-26 18:00:00	-0.1	58.2	64800	1324922400	35675	15.11	18	12	0
2011-12-26 19:00:00	-0.1	58.2	68400	1324926000	35675	15.11	19	12	0
2011-12-26 20:00:00	-1.3	58.2	72000	1324929600	35675	15.11	20	12	0
2011-12-26 21:00:00	-1.2	58.2	75600	1324933200	35675	15.11	21	12	0
2011-12-26 22:00:00	-1.5	58.2	79200	1324936800	35675	15.11	22	12	0
2011-12-26 23:00:00	-2.0	58.2	82800	1324940400	35675	15.11	23	12	0
2011-12-27 00:00:00	-1.0	58.2	0	1324944000	35675	15.11	0	12	1
2011-12-27 01:00:00	0.5	58.2	3600	1324947600	35675	15.11	1	12	1
2011-12-27 02:00:00	2.0	58.2	7200	1324951200	35675	15.11	2	12	1
2011-12-27 03:00:00	2.3	58.2	10800	1324954800	35675	15.11	3	12	1
2011-12-27 04:00:00	2.6	58.2	14400	1324958400	35675	15.11	4	12	1
2011-12-27 05:00:00	2.6	58.2	18000	1324962000	35675	15.11	5	12	1
2011-12-27 06:00:00	2.4	58.2	21600	1324965600	35675	15.11	6	12	1
2011-12-27 07:00:00	2.4	58.2	25200	1324969200	35675	15.11	7	12	1
2011-12-27 08:00:00	3.0	58.2	28800	1324972800	35675	15.11	8	12	1
2011-12-27 09:00:00	3.2	58.2	32400	1324976400	35675	15.11	9	12	1
2011-12-27 10:00:00	4.1	58.2	36000	1324980000	35675	15.11	10	12	1
2011-12-27 11:00:00	5.1	58.2	39600	1324983600	35675	15.11	11	12	1
2011-12-27 12:00:00	5.3	58.2	43200	1324987200	35675	15.11	12	12	1
2011-12-27 13:00:00	5.3	58.2	46800	1324990800	35675	15.11	13	12	1
2011-12-27 14:00:00	6.4	58.2	50400	1324994400	35675	15.11	14	12	1
2011-12-27 15:00:00	11.6	58.2	54000	1324998000	35675	15.11	15	12	1
2011-12-27 16:00:00	11.3	58.2	57600	1325001600	35675	15.11	16	12	1
2011-12-27 17:00:00	11.3	58.2	61200	1325005200	35675	15.11	17	12	1
2011-12-27 18:00:00	9.1	58.2	64800	1325008800	35675	15.11	18	12	1
2011-12-27 19:00:00	7.5	58.2	68400	1325012400	35675	15.11	19	12	1
2011-12-27 20:00:00	6.9	58.2	72000	1325016000	35675	15.11	20	12	1
2011-12-27 21:00:00	6.1	58.2	75600	1325019600	35675	15.11	21	12	1
2011-12-27 22:00:00	6.4	58.2	79200	1325023200	35675	15.11	22	12	1
2011-12-27 23:00:00	6.1	58.2	82800	1325026800	35675	15.11	23	12	1
2011-12-28 00:00:00	5.1	58.2	0	1325030400	35675	15.11	0	12	2
2011-12-28 01:00:00	3.5	58.2	3600	1325034000	35675	15.11	1	12	2
2011-12-28 02:00:00	2.9	58.2	7200	1325037600	35675	15.11	2	12	2
2011-12-28 03:00:00	2.3	58.2	10800	1325041200	35675	15.11	3	12	2
2011-12-28 04:00:00	2.3	58.2	14400	1325044800	35675	15.11	4	12	2
2011-12-28 05:00:00	3.2	58.2	18000	1325048400	35675	15.11	5	12	2
2011-12-28 06:00:00	2.7	58.2	21600	1325052000	35675	15.11	6	12	2
2011-12-28 07:00:00	2.7	58.2	25200	1325055600	35675	15.11	7	12	2
2011-12-28 08:00:00	3.6	58.2	28800	1325059200	35675	15.11	8	12	2
2011-12-28 09:00:00	3.3	58.2	32400	1325062800	35675	15.11	9	12	2
2011-12-28 10:00:00	2.8	58.2	36000	1325066400	35675	15.11	10	12	2
2011-12-28 11:00:00	3.0	58.2	39600	1325070000	35675	15.11	11	12	2
2011-12-28 12:00:00	2.4	58.2	43200	1325073600	35675	15.11	12	12	2
2011-12-28 13:00:00	1.7	58.2	46800	1325077200	35675	15.11	13	12	2
2011-12-28 14:00:00	1.0	58.2	50400	1325080800	35675	15.11	14	12	2
2011-12-28 15:00:00	0.1	58.2	54000	1325084400	35675	15.11	15	12	2
2011-12-28 16:00:00	-0.6	58.2	57600	1325088000	35675	15.11	16	12	2
2011-12-28 17:00:00	-1.6	58.2	61200	1325091600	35675	15.11	17	12	2
2011-12-28 18:00:00	-2.3	58.2	64800	1325095200	35675	15.11	18	12	2
2011-12-28 19:00:00	-2.3	58.2	68400	1325098800	35675	15.11	19	12	2
2011-12-28 20:00:00	-2.5	58.2	72000	1325102400	35675	15.11	20	12	2
2011-12-28 21:00:00	-2.5	58.2	75600	1325106000	35675	15.11	21	12	2
2011-12-28 22:00:00	-2.8	58.2	79200	1325109600	35675	15.11	22	12	2
2011-12-28 23:00:00	-3.2	58.2	82800	1325113200	35675	15.11	23	12	2
2011-12-29 00:00:00	-3.2	58.2	0	1325116800	35675	15.11	0	12	3
2011-12-29 01:00:00	-4.0	58.2	3600	1325120400	35675	15.11	1	12	3
2011-12-29 02:00:00	-3.4	58.2	7200	1325124000	35675	15.11	2	12	3
2011-12-29 03:00:00	-4.0	58.2	10800	1325127600	35675	15.11	3	12	3
2011-12-29 04:00:00	-4.5	58.2	14400	1325131200	35675	15.11	4	12	3
2011-12-29 05:00:00	-5.1	58.2	18000	1325134800	35675	15.11	5	12	3
2011-12-29 06:00:00	-4.7	58.2	21600	1325138400	35675	15.11	6	12	3
2011-12-29 07:00:00	-3.8	58.2	25200	1325142000	35675	15.11	7	12	3
2011-12-29 08:00:00	-2.2	58.2	28800	1325145600	35675	15.11	8	12	3
2011-12-29 09:00:00	-0.8	58.2	32400	1325149200	35675	15.11	9	12	3
2011-12-29 10:00:00	-0.2	58.2	36000	1325152800	35675	15.11	10	12	3
2011-12-29 11:00:00	0.2	58.2	39600	1325156400	35675	15.11	11	12	3
2011-12-29 12:00:00	0.4	58.2	43200	1325160000	35675	15.11	12	12	3
2011-12-29 13:00:00	1.0	58.2	46800	1325163600	35675	15.11	13	12	3
2011-12-29 14:00:00	1.4	58.2	50400	1325167200	35675	15.11	14	12	3
2011-12-29 15:00:00	1.8	58.2	54000	1325170800	35675	15.11	15	12	3
2011-12-29 16:00:00	0.6	58.2	57600	1325174400	35675	15.11	16	12	3
2011-12-29 17:00:00	0.3	58.2	61200	1325178000	35675	15.11	17	12	3
2011-12-29 18:00:00	-0.6	58.2	64800	1325181600	35675	15.11	18	12	3
2011-12-29 19:00:00	-0.6	58.2	68400	1325185200	35675	15.11	19	12	3
2011-12-29 20:00:00	-0.6	58.2	72000	1325188800	35675	15.11	20	12	3
2011-12-29 21:00:00	-0.8	58.2	75600	1325192400	35675	15.11	21	12	3
2011-12-29 22:00:00	-0.2	58.2	79200	1325196000	35675	15.11	22	12	3
2011-12-29 23:00:00	0.7	58.2	82800	1325199600	35675	15.11	23	12	3
2011-12-30 00:00:00	-0.2	426.8	0	1325203200	147919	15.11	0	12	4
2011-12-30 01:00:00	-1.7	756.6	3600	1325206800	265296	15.11	1	12	4
2011-12-30 02:00:00	-1.7	814.8	7200	1325210400	284049	15.11	2	12	4
2011-12-30 03:00:00	-2.6	843.9	10800	1325214000	292748	15.11	3	12	4
2011-12-30 04:00:00	-2.2	863.3	14400	1325217600	298758	15.11	4	12	4
2011-12-30 05:00:00	-2.8	921.5	18000	1325221200	317570	15.11	5	12	4
2011-12-30 06:00:00	-1.7	911.8	21600	1325224800	314389	15.11	6	12	4
2011-12-30 07:00:00	-1.1	950.6	25200	1325228400	327547	15.11	7	12	4
2011-12-30 08:00:00	1.6	737.2	28800	1325232000	288135	15.11	8	12	4
2011-12-30 09:00:00	3.6	708.1	32400	1325235600	265427	15.11	9	12	4
2011-12-30 10:00:00	4.7	485.0	36000	1325239200	167572	15.11	10	12	4
2011-12-30 11:00:00	5.4	465.6	39600	1325242800	160934	15.11	11	12	4
2011-12-30 12:00:00	6.4	417.1	43200	1325246400	145454	15.11	12	12	4
2011-12-30 13:00:00	6.4	417.1	46800	1325250000	145454	15.11	13	12	4
2011-12-30 14:00:00	6.4	426.8	50400	1325253600	148451	15.11	14	12	4
2011-12-30 15:00:00	6.0	426.8	54000	1325257200	148369	15.11	15	12	4
2011-12-30 16:00:00	4.4	475.3	57600	1325260800	164120	15.11	16	12	4
2011-12-30 17:00:00	4.3	659.6	61200	1325264400	241100	15.11	17	12	4
2011-12-30 18:00:00	4.2	737.2	64800	1325268000	288767	15.11	18	12	4
2011-12-30 19:00:00	3.5	698.4	68400	1325271600	260361	15.11	19	12	4
2011-12-30 20:00:00	3.8	1037.9	72000	1325275200	359849	15.11	20	12	4
2011-12-30 21:00:00	4.0	911.8	75600	1325278800	314946	15.11	21	12	4
2011-12-30 22:00:00	4.3	970.0	79200	1325282400	335020	15.11	22	12	4
2011-12-30 23:00:00	4.8	649.9	82800	1325286000	236547	15.11	23	12	4
2011-12-31 00:00:00	5.1	58.2	0	1325289600	35675	15.11	0	12	5
2011-12-31 01:00:00	6.2	58.2	3600	1325293200	35675	15.11	1	12	5
2011-12-31 02:00:00	7.9	58.2	7200	1325296800	35675	15.11	2	12	5
2011-12-31 03:00:00	7.6	58.2	10800	1325300400	35675	15.11	3	12	5
2011-12-31 04:00:00	5.7	58.2	14400	1325304000	35675	15.11	4	12	5
2011-12-31 05:00:00	5.1	58.2	18000	1325307600	35675	15.11	5	12	5
2011-12-31 06:00:00	5.6	58.2	21600	1325311200	35675	15.11	6	12	5
2011-12-31 07:00:00	5.3	58.2	25200	1325314800	35675	15.11	7	12	5
2011-12-31 08:00:00	8.3	58.2	28800	1325318400	35675	15.11	8	12	5
2011-12-31 09:00:00	9.4	58.2	32400	1325322000	35675	15.11	9	12	5
2011-12-31 10:00:00	9.7	58.2	36000	1325325600	35675	15.11	10	12	5
2011-12-31 11:00:00	10.0	58.2	39600	1325329200	35675	15.11	11	12	5
2011-12-31 12:00:00	9.0	58.2	43200	1325332800	35675	15.11	12	12	5
2011-12-31 13:00:00	8.2	58.2	46800	1325336400	35675	15.11	13	12	5
2011-12-31 14:00:00	8.0	58.2	50400	1325340000	35675	15.11	14	12	5
2011-12-31 15:00:00	7.7	58.2	54000	1325343600	35675	15.11	15	12	5
2011-12-31 16:00:00	7.4	58.2	57600	1325347200	35675	15.11	16	12	5
2011-12-31 18:00:00	6.9	58.2	64800	1325354400	35675	15.11	18	12	5
2011-12-31 19:00:00	7.4	58.2	68400	1325358000	35675	15.11	19	12	5
2011-12-31 20:00:00	7.1	58.2	72000	1325361600	35675	15.11	20	12	5
2011-12-31 21:00:00	6.3	58.2	75600	1325365200	35675	15.11	21	12	5
2011-12-31 22:00:00	5.2	58.2	79200	1325368800	35675	15.11	22	12	5
2011-12-31 23:00:00	4.7	58.2	82800	1325372400	35675	15.11	23	12	5
