	Twet	Load	Hour(s)	TimeStamp(s)	Power	Tset	Hour	month	DayofWeek
2012-12-01 00:00:00	2.6	1804.2	0	1354320000	640994	15.11	0	12	5
2012-12-01 01:00:00	2.3	58.2	3600	1354323600	35675	15.11	1	12	5
2012-12-01 02:00:00	2.7	1469.55	7200	1354327200	558855	15.11	2	12	5
2012-12-01 03:00:00	2.2	1440.45	10800	1354330800	542987	15.11	3	12	5
2012-12-01 04:00:00	2.4	1440.45	14400	1354334400	543074	15.11	4	12	5
2012-12-01 05:00:00	2.0	1396.8	18000	1354338000	520031	15.11	5	12	5
2012-12-01 06:00:00	3.1	1425.9	21600	1354341600	535688	15.11	6	12	5
2012-12-01 07:00:00	3.9	58.2	25200	1354345200	35675	15.11	7	12	5
2012-12-01 08:00:00	4.7	58.2	28800	1354348800	35675	15.11	8	12	5
2012-12-01 09:00:00	5.0	1876.95	32400	1354352400	675512	15.11	9	12	5
2012-12-01 10:00:00	5.0	1115.5	36000	1354356000	391020	15.11	10	12	5
2012-12-01 11:00:00	5.6	1464.7	39600	1354359600	557895	15.11	11	12	5
2012-12-01 12:00:00	6.2	1493.8	43200	1354363200	557486	15.11	12	12	5
2012-12-01 13:00:00	7.0	1464.7	46800	1354366800	559226	15.11	13	12	5
2012-12-01 14:00:00	7.4	1513.2	50400	1354370400	535800	15.11	14	12	5
2012-12-01 15:00:00	7.4	1522.9	54000	1354374000	526614	15.11	15	12	5
2012-12-01 16:00:00	6.3	1532.6	57600	1354377600	517944	15.11	16	12	5
2012-12-01 18:00:00	3.9	1348.3	64800	1354384800	496313	15.11	18	12	5
2012-12-01 19:00:00	2.8	1222.2	68400	1354388400	436044	15.11	19	12	5
2012-12-01 20:00:00	3.0	1125.2	72000	1354392000	394263	15.11	20	12	5
2012-12-01 21:00:00	2.8	1096.1	75600	1354395600	382360	15.11	21	12	5
2012-12-01 22:00:00	1.4	1125.2	79200	1354399200	393931	15.11	22	12	5
2012-12-01 23:00:00	1.9	1115.5	82800	1354402800	390037	15.11	23	12	5
2012-12-02 00:00:00	2.2	1125.2	0	1354406400	394078	15.11	0	12	6
2012-12-02 01:00:00	3.0	1125.2	3600	1354410000	394263	15.11	1	12	6
2012-12-02 02:00:00	1.9	1096.1	7200	1354413600	382181	15.11	2	12	6
2012-12-02 03:00:00	3.8	1105.8	10800	1354417200	386552	15.11	3	12	6
2012-12-02 04:00:00	4.4	1193.1	14400	1354420800	423747	15.11	4	12	6
2012-12-02 05:00:00	4.4	1193.1	18000	1354424400	423747	15.11	5	12	6
2012-12-02 06:00:00	4.4	1202.8	21600	1354428000	428036	15.11	6	12	6
2012-12-02 07:00:00	4.4	1222.2	25200	1354431600	436721	15.11	7	12	6
2012-12-02 08:00:00	4.4	1270.7	28800	1354435200	459043	15.11	8	12	6
2012-12-02 09:00:00	5.0	1387.1	32400	1354438800	516544	15.11	9	12	6
2012-12-02 10:00:00	6.1	58.2	36000	1354442400	35675	15.11	10	12	6
2012-12-02 11:00:00	6.7	1440.45	39600	1354446000	545815	15.11	11	12	6
2012-12-02 12:00:00	8.3	58.2	43200	1354449600	35675	15.11	12	12	6
2012-12-02 13:00:00	9.4	58.2	46800	1354453200	35675	15.11	13	12	6
2012-12-02 14:00:00	9.9	58.2	50400	1354456800	35675	15.11	14	12	6
2012-12-02 15:00:00	9.9	58.2	54000	1354460400	35675	15.11	15	12	6
2012-12-02 16:00:00	8.3	58.2	57600	1354464000	35675	15.11	16	12	6
2012-12-02 17:00:00	8.8	58.2	61200	1354467600	35675	15.11	17	12	6
2012-12-02 18:00:00	8.6	58.2	64800	1354471200	35675	15.11	18	12	6
2012-12-02 19:00:00	8.6	1484.1	68400	1354474800	576231	15.11	19	12	6
2012-12-02 20:00:00	9.1	1455.0	72000	1354478400	558246	15.11	20	12	6
2012-12-02 21:00:00	8.8	58.2	75600	1354482000	35675	15.11	21	12	6
2012-12-02 22:00:00	8.8	1382.25	79200	1354485600	518567	15.11	22	12	6
2012-12-02 23:00:00	8.6	1353.15	82800	1354489200	503216	15.11	23	12	6
2012-12-03 00:00:00	8.0	1396.8	0	1354492800	524496	15.11	0	12	0
2012-12-03 01:00:00	7.5	1367.7	3600	1354496400	508809	15.11	1	12	0
2012-12-03 02:00:00	6.6	58.2	7200	1354500000	35675	15.11	2	12	0
2012-12-03 03:00:00	6.6	1731.45	10800	1354503600	612449	15.11	3	12	0
2012-12-03 04:00:00	5.5	1644.15	14400	1354507200	575085	15.11	4	12	0
2012-12-03 05:00:00	5.5	1294.95	18000	1354510800	471183	15.11	5	12	0
2012-12-03 06:00:00	5.3	1294.95	21600	1354514400	471055	15.11	6	12	0
2012-12-03 07:00:00	5.8	1338.6	25200	1354518000	492635	15.11	7	12	0
2012-12-03 08:00:00	9.7	1309.5	28800	1354521600	484495	15.11	8	12	0
2012-12-03 09:00:00	12.0	1367.7	32400	1354525200	541733	15.11	9	12	0
2012-12-03 10:00:00	13.5	1115.5	36000	1354528800	441019	16.11	10	12	0
2012-12-03 11:00:00	14.9	1425.9	39600	1354532400	631171	18.11	11	12	0
2012-12-03 12:00:00	14.9	1474.4	43200	1354536000	661220	18.11	12	12	0
2012-12-03 13:00:00	15.4	1474.4	46800	1354539600	687924	15.11	13	12	0
2012-12-03 14:00:00	15.4	1484.1	50400	1354543200	693793	15.11	14	12	0
2012-12-03 15:00:00	15.2	1522.9	54000	1354546800	713378	15.11	15	12	0
2012-12-03 16:00:00	14.0	1503.5	57600	1354550400	662157	17.11	16	12	0
2012-12-03 17:00:00	12.6	1464.7	61200	1354554000	609434	16.11	17	12	0
2012-12-03 18:00:00	12.3	1328.9	64800	1354557600	527458	16.11	18	12	0
2012-12-03 19:00:00	11.3	1261.0	68400	1354561200	472099	15.11	19	12	0
2012-12-03 20:00:00	11.8	1096.1	72000	1354564800	401150	15.11	20	12	0
2012-12-03 21:00:00	10.2	1076.7	75600	1354568400	381342	15.11	21	12	0
2012-12-03 22:00:00	10.2	1057.3	79200	1354572000	373540	15.11	22	12	0
2012-12-03 23:00:00	9.4	1067.0	82800	1354575600	375519	15.11	23	12	0
2012-12-04 00:00:00	8.6	1047.6	0	1354579200	366721	15.11	0	12	1
2012-12-04 01:00:00	8.6	1047.6	3600	1354582800	366721	15.11	1	12	1
2012-12-04 02:00:00	8.3	1076.7	7200	1354586400	377824	15.11	2	12	1
2012-12-04 03:00:00	7.5	1115.5	10800	1354590000	392763	15.11	3	12	1
2012-12-04 04:00:00	8.0	1193.1	14400	1354593600	426438	15.11	4	12	1
2012-12-04 05:00:00	7.7	1173.7	18000	1354597200	417603	15.11	5	12	1
2012-12-04 06:00:00	8.3	1193.1	21600	1354600800	426813	15.11	6	12	1
2012-12-04 07:00:00	9.1	1222.2	25200	1354604400	441242	15.11	7	12	1
2012-12-04 08:00:00	10.5	1270.7	28800	1354608000	469425	15.11	8	12	1
2012-12-04 09:00:00	11.6	1367.7	32400	1354611600	533007	15.11	9	12	1
2012-12-04 10:00:00	12.8	1324.05	36000	1354615200	532547	16.11	10	12	1
2012-12-04 11:00:00	14.3	1382.25	39600	1354618800	595358	17.11	11	12	1
2012-12-04 12:00:00	15.2	1455.0	43200	1354622400	655445	18.11	12	12	1
2012-12-04 13:00:00	15.4	1455.0	46800	1354626000	676308	15.11	13	12	1
2012-12-04 14:00:00	14.8	1469.55	50400	1354629600	656321	18.11	14	12	1
2012-12-04 15:00:00	14.5	1338.6	54000	1354633200	574151	18.11	15	12	1
2012-12-04 16:00:00	13.8	1396.8	57600	1354636800	592922	17.11	16	12	1
2012-12-04 17:00:00	12.8	1353.15	61200	1354640400	548625	16.11	17	12	1
2012-12-04 18:00:00	12.0	1338.6	64800	1354644000	525588	15.11	18	12	1
2012-12-04 19:00:00	11.0	1440.45	68400	1354647600	564105	15.11	19	12	1
2012-12-04 20:00:00	12.3	1396.8	72000	1354651200	564911	16.11	20	12	1
2012-12-04 21:00:00	13.0	1309.5	75600	1354654800	528599	16.11	21	12	1
2012-12-04 22:00:00	13.2	1367.7	79200	1354658400	565911	16.11	22	12	1
2012-12-04 23:00:00	12.9	1353.15	82800	1354662000	550631	16.11	23	12	1
2012-12-05 00:00:00	12.7	1367.7	0	1354665600	554903	16.11	0	12	2
2012-12-05 01:00:00	12.2	1280.4	3600	1354669200	499230	15.11	1	12	2
2012-12-05 02:00:00	12.5	1280.4	7200	1354672800	504425	16.11	2	12	2
2012-12-05 03:00:00	11.5	1280.4	10800	1354676400	484776	15.11	3	12	2
2012-12-05 04:00:00	12.2	1265.85	14400	1354680000	491549	15.11	4	12	2
2012-12-05 05:00:00	9.7	1251.3	18000	1354683600	456353	15.11	5	12	2
2012-12-05 06:00:00	8.3	1251.3	21600	1354687200	453246	15.11	6	12	2
2012-12-05 07:00:00	8.0	1265.85	25200	1354690800	459635	15.11	7	12	2
2012-12-05 08:00:00	7.1	1265.85	28800	1354694400	458639	15.11	8	12	2
2012-12-05 09:00:00	6.6	1309.5	32400	1354698000	479001	15.11	9	12	2
2012-12-05 10:00:00	6.7	1222.2	36000	1354701600	438200	15.11	10	12	2
2012-12-05 11:00:00	6.7	1377.4	39600	1354705200	512876	15.11	11	12	2
2012-12-05 12:00:00	7.2	1387.1	43200	1354708800	518371	15.11	12	12	2
2012-12-05 13:00:00	7.2	1425.9	46800	1354712400	538636	15.11	13	12	2
2012-12-05 14:00:00	7.0	1455.0	50400	1354716000	553966	15.11	14	12	2
2012-12-05 15:00:00	6.1	1464.7	54000	1354719600	558304	15.11	15	12	2
2012-12-05 16:00:00	5.0	1484.1	57600	1354723200	571817	15.11	16	12	2
2012-12-05 17:00:00	4.6	1474.4	61200	1354726800	578158	15.11	17	12	2
2012-12-05 18:00:00	3.8	1435.6	64800	1354730400	541165	15.11	18	12	2
2012-12-05 19:00:00	3.2	1358.0	68400	1354734000	500816	15.11	19	12	2
2012-12-05 20:00:00	2.0	1348.3	72000	1354737600	495476	15.11	20	12	2
2012-12-05 21:00:00	1.4	1183.4	75600	1354741200	418556	15.11	21	12	2
2012-12-05 22:00:00	0.1	1319.2	79200	1354744800	480713	15.11	22	12	2
2012-12-05 23:00:00	0.0	1328.9	82800	1354748400	485416	15.11	23	12	2
2012-12-06 00:00:00	-0.5	1319.2	0	1354752000	480609	15.11	0	12	3
2012-12-06 01:00:00	-1.2	1309.5	3600	1354755600	475824	15.11	1	12	3
2012-12-06 02:00:00	-1.9	1183.4	7200	1354759200	418132	15.11	2	12	3
2012-12-06 03:00:00	-2.2	1183.4	10800	1354762800	418107	15.11	3	12	3
2012-12-06 04:00:00	-2.6	1416.2	14400	1354766400	529067	15.11	4	12	3
2012-12-06 05:00:00	-3.3	1173.7	18000	1354770000	413845	15.11	5	12	3
2012-12-06 06:00:00	-2.7	1193.1	21600	1354773600	422285	15.11	6	12	3
2012-12-06 07:00:00	-1.7	1231.9	25200	1354777200	439599	15.11	7	12	3
2012-12-06 08:00:00	-1.0	1299.8	28800	1354780800	471205	15.11	8	12	3
2012-12-06 09:00:00	-1.0	1377.4	32400	1354784400	509371	15.11	9	12	3
2012-12-06 10:00:00	-0.5	1251.3	36000	1354788000	448571	15.11	10	12	3
2012-12-06 11:00:00	-0.1	1590.8	39600	1354791600	492321	15.11	11	12	3
2012-12-06 12:00:00	0.6	1668.4	43200	1354795200	582775	15.11	12	12	3
2012-12-06 13:00:00	0.9	1678.1	46800	1354798800	586794	15.11	13	12	3
2012-12-06 14:00:00	1.1	1668.4	50400	1354802400	582877	15.11	14	12	3
2012-12-06 15:00:00	1.2	1726.6	54000	1354806000	607019	15.11	15	12	3
2012-12-06 16:00:00	0.1	1794.5	57600	1354809600	635975	15.11	16	12	3
2012-12-06 17:00:00	-0.7	1561.7	61200	1354813200	498936	15.11	17	12	3
2012-12-06 18:00:00	-1.4	1571.4	64800	1354816800	495664	15.11	18	12	3
2012-12-06 19:00:00	-1.4	1532.6	68400	1354820400	514176	15.11	19	12	3
2012-12-06 20:00:00	-1.5	1493.8	72000	1354824000	553876	15.11	20	12	3
2012-12-06 21:00:00	-2.2	1251.3	75600	1354827600	448376	15.11	21	12	3
2012-12-06 22:00:00	-1.7	1474.4	79200	1354831200	575798	15.11	22	12	3
2012-12-06 23:00:00	-1.9	1425.9	82800	1354834800	534232	15.11	23	12	3
2012-12-07 00:00:00	-1.5	1338.6	0	1354838400	489933	15.11	0	12	4
2012-12-07 01:00:00	-0.6	1280.4	3600	1354842000	462074	15.11	1	12	4
2012-12-07 02:00:00	-0.8	1222.2	7200	1354845600	435336	15.11	2	12	4
2012-12-07 03:00:00	-0.2	1212.5	10800	1354849200	431084	15.11	3	12	4
2012-12-07 04:00:00	0.2	1231.9	14400	1354852800	439837	15.11	4	12	4
2012-12-07 05:00:00	0.7	1222.2	18000	1354856400	435551	15.11	5	12	4
2012-12-07 06:00:00	1.4	1231.9	21600	1354860000	440055	15.11	6	12	4
2012-12-07 07:00:00	2.4	1678.1	25200	1354863600	587184	15.11	7	12	4
2012-12-07 08:00:00	3.1	1425.9	28800	1354867200	535688	15.11	8	12	4
2012-12-07 09:00:00	3.7	1513.2	32400	1354870800	532659	15.11	9	12	4
2012-12-07 10:00:00	4.3	1057.3	36000	1354874400	367456	15.11	10	12	4
2012-12-07 11:00:00	4.8	1096.1	39600	1354878000	383016	15.11	11	12	4
2012-12-07 12:00:00	5.7	1202.8	43200	1354881600	428795	15.11	12	12	4
2012-12-07 13:00:00	6.0	1222.2	46800	1354885200	437683	15.11	13	12	4
2012-12-07 14:00:00	6.5	1183.4	50400	1354888800	420796	15.11	14	12	4
2012-12-07 15:00:00	6.8	1202.8	54000	1354892400	429583	15.11	15	12	4
2012-12-07 16:00:00	6.7	1222.2	57600	1354896000	438200	15.11	16	12	4
2012-12-07 17:00:00	7.0	1222.2	61200	1354899600	438450	15.11	17	12	4
2012-12-07 18:00:00	7.0	1222.2	64800	1354903200	438450	15.11	18	12	4
2012-12-07 19:00:00	7.5	1212.5	68400	1354906800	434544	15.11	19	12	4
2012-12-07 20:00:00	7.8	1222.2	72000	1354910400	439239	15.11	20	12	4
2012-12-07 21:00:00	7.7	1047.6	75600	1354914000	365796	15.11	21	12	4
2012-12-07 22:00:00	8.0	1183.4	79200	1354917600	422165	15.11	22	12	4
2012-12-07 23:00:00	8.0	1173.7	82800	1354921200	417927	15.11	23	12	4
2012-12-08 00:00:00	7.7	1173.7	0	1354924800	417603	15.11	0	12	5
2012-12-08 01:00:00	7.7	1164.0	3600	1354928400	413405	15.11	1	12	5
2012-12-08 02:00:00	7.7	1047.6	7200	1354932000	365796	15.11	2	12	5
2012-12-08 03:00:00	7.7	1047.6	10800	1354935600	365796	15.11	3	12	5
2012-12-08 04:00:00	7.7	1047.6	14400	1354939200	365796	15.11	4	12	5
2012-12-08 05:00:00	7.7	1047.6	18000	1354942800	365796	15.11	5	12	5
2012-12-08 06:00:00	7.7	1037.9	21600	1354946400	362058	15.11	6	12	5
2012-12-08 07:00:00	7.7	1047.6	25200	1354950000	365796	15.11	7	12	5
2012-12-08 08:00:00	8.3	1067.0	28800	1354953600	373974	15.11	8	12	5
2012-12-08 09:00:00	8.8	1086.4	32400	1354957200	382335	15.11	9	12	5
2012-12-08 10:00:00	9.1	1265.85	36000	1354960800	461556	15.11	10	12	5
2012-12-08 11:00:00	9.7	1076.7	39600	1354964400	380008	15.11	11	12	5
2012-12-08 12:00:00	9.9	1047.6	43200	1354968000	368899	15.11	12	12	5
2012-12-08 13:00:00	10.5	1076.7	46800	1354971600	382415	15.11	13	12	5
2012-12-08 15:00:00	10.7	58.2	54000	1354978800	35675	15.11	15	12	5
2012-12-08 16:00:00	9.4	1891.5	57600	1354982400	690028	15.11	16	12	5
2012-12-08 17:00:00	9.7	1862.4	61200	1354986000	677685	15.11	17	12	5
2012-12-08 18:00:00	10.0	1804.2	64800	1354989600	652396	15.11	18	12	5
2012-12-08 19:00:00	9.4	1484.1	68400	1354993200	579368	15.11	19	12	5
2012-12-08 20:00:00	9.7	1455.0	72000	1354996800	560819	15.11	20	12	5
2012-12-08 21:00:00	9.7	1251.3	75600	1355000400	456353	15.11	21	12	5
2012-12-08 22:00:00	10.0	1455.0	79200	1355004000	562582	15.11	22	12	5
2012-12-08 23:00:00	10.0	1367.7	82800	1355007600	515457	15.11	23	12	5
2012-12-09 00:00:00	10.0	1338.6	0	1355011200	500443	15.11	0	12	6
2012-12-09 01:00:00	10.0	1309.5	3600	1355014800	485775	15.11	1	12	6
2012-12-09 02:00:00	10.0	1265.85	7200	1355018400	464419	15.11	2	12	6
2012-12-09 03:00:00	9.4	1265.85	10800	1355022000	462325	15.11	3	12	6
2012-12-09 04:00:00	9.4	1294.95	14400	1355025600	476333	15.11	4	12	6
2012-12-09 05:00:00	9.4	1294.95	18000	1355029200	476333	15.11	5	12	6
2012-12-09 06:00:00	9.4	1309.5	21600	1355032800	483462	15.11	6	12	6
2012-12-09 07:00:00	9.4	1338.6	25200	1355036400	497974	15.11	7	12	6
2012-12-09 08:00:00	9.4	1033.05	28800	1355040000	362239	15.11	8	12	6
2012-12-09 09:00:00	8.8	1003.95	32400	1355043600	350372	15.11	9	12	6
2012-12-09 10:00:00	8.8	1154.3	36000	1355047200	410609	15.11	10	12	6
2012-12-09 11:00:00	7.8	1125.2	39600	1355050800	397066	15.11	11	12	6
2012-12-09 12:00:00	7.7	1173.7	43200	1355054400	417603	15.11	12	12	6
2012-12-09 13:00:00	7.7	1193.1	46800	1355058000	426106	15.11	13	12	6
2012-12-09 14:00:00	8.0	1231.9	50400	1355061600	443892	15.11	14	12	6
2012-12-09 15:00:00	8.0	1251.3	54000	1355065200	452834	15.11	15	12	6
2012-12-09 16:00:00	8.0	1299.8	57600	1355068800	475819	15.11	16	12	6
2012-12-09 17:00:00	8.0	1202.8	61200	1355072400	430748	15.11	17	12	6
2012-12-09 18:00:00	8.0	1251.3	64800	1355076000	452834	15.11	18	12	6
2012-12-09 19:00:00	8.3	1241.6	68400	1355079600	448750	15.11	19	12	6
2012-12-09 20:00:00	8.3	1231.9	72000	1355083200	444291	15.11	20	12	6
2012-12-09 21:00:00	7.7	1154.3	75600	1355086800	409243	15.11	21	12	6
2012-12-09 22:00:00	7.7	1193.1	79200	1355090400	426106	15.11	22	12	6
2012-12-09 23:00:00	7.2	1183.4	82800	1355094000	421360	15.11	23	12	6
2012-12-10 00:00:00	7.2	1193.1	0	1355097600	425624	15.11	0	12	0
2012-12-10 01:00:00	7.2	1173.7	3600	1355101200	417132	15.11	1	12	0
2012-12-10 02:00:00	7.2	1154.3	7200	1355104800	408781	15.11	2	12	0
2012-12-10 03:00:00	7.2	1105.8	10800	1355108400	388523	15.11	3	12	0
2012-12-10 04:00:00	7.2	1076.7	14400	1355112000	376791	15.11	4	12	0
2012-12-10 05:00:00	7.7	1067.0	18000	1355115600	373377	15.11	5	12	0
2012-12-10 06:00:00	7.7	1047.6	21600	1355119200	365796	15.11	6	12	0
2012-12-10 07:00:00	8.8	1037.9	25200	1355122800	363219	15.11	7	12	0
2012-12-10 08:00:00	8.8	1047.6	28800	1355126400	366971	15.11	8	12	0
2012-12-10 09:00:00	10.0	1067.0	32400	1355130000	376846	15.11	9	12	0
2012-12-10 10:00:00	13.3	1309.5	36000	1355133600	535789	16.11	10	12	0
2012-12-10 11:00:00	13.8	58.2	39600	1355137200	38299	16.11	11	12	0
2012-12-10 12:00:00	14.4	1862.4	43200	1355140800	778193	17.11	12	12	0
2012-12-10 13:00:00	14.9	1847.85	46800	1355144400	781859	18.11	13	12	0
2012-12-10 14:00:00	14.9	1290.1	50400	1355148000	552473	18.11	14	12	0
2012-12-10 15:00:00	14.9	1309.5	54000	1355151600	563219	18.11	15	12	0
2012-12-10 16:00:00	14.6	1309.5	57600	1355155200	559112	18.11	16	12	0
2012-12-10 17:00:00	14.6	1309.5	61200	1355158800	559112	18.11	17	12	0
2012-12-10 18:00:00	14.3	1251.3	64800	1355162400	521608	17.11	18	12	0
2012-12-10 19:00:00	14.5	1493.8	68400	1355166000	666727	18.11	19	12	0
2012-12-10 20:00:00	14.2	1154.3	72000	1355169600	469738	17.11	20	12	0
2012-12-10 21:00:00	14.8	1294.95	75600	1355173200	553682	18.11	21	12	0
2012-12-10 22:00:00	14.6	999.1	79200	1355176800	405779	17.11	22	12	0
2012-12-10 23:00:00	14.0	989.4	82800	1355180400	392568	17.11	23	12	0
2012-12-11 00:00:00	11.5	989.4	0	1355184000	353465	15.11	0	12	1
2012-12-11 01:00:00	8.1	989.4	3600	1355187600	344258	15.11	1	12	1
2012-12-11 02:00:00	7.5	1280.4	7200	1355191200	465909	15.11	2	12	1
2012-12-11 03:00:00	7.5	1236.75	10800	1355194800	445545	15.11	3	12	1
2012-12-11 04:00:00	6.9	1222.2	14400	1355198400	438364	15.11	4	12	1
2012-12-11 05:00:00	6.4	1236.75	18000	1355202000	444581	15.11	5	12	1
2012-12-11 06:00:00	5.1	1236.75	21600	1355205600	443719	15.11	6	12	1
2012-12-11 07:00:00	4.9	1280.4	25200	1355209200	463893	15.11	7	12	1
2012-12-11 08:00:00	5.0	1382.25	28800	1355212800	514061	15.11	8	12	1
2012-12-11 09:00:00	5.0	1455.0	32400	1355216400	552231	15.11	9	12	1
2012-12-11 10:00:00	4.8	1164.0	36000	1355220000	411306	15.11	10	12	1
2012-12-11 11:00:00	5.0	1261.0	39600	1355223600	454846	15.11	11	12	1
2012-12-11 12:00:00	5.7	1290.1	43200	1355227200	468998	15.11	12	12	1
2012-12-11 13:00:00	5.3	1290.1	46800	1355230800	468739	15.11	13	12	1
2012-12-11 14:00:00	5.4	1309.5	50400	1355234400	478121	15.11	14	12	1
2012-12-11 15:00:00	4.6	1290.1	54000	1355238000	468327	15.11	15	12	1
2012-12-11 16:00:00	4.0	1319.2	57600	1355241600	482028	15.11	16	12	1
2012-12-11 17:00:00	3.5	1309.5	61200	1355245200	477068	15.11	17	12	1
2012-12-11 18:00:00	3.0	1241.6	64800	1355248800	444909	15.11	18	12	1
2012-12-11 19:00:00	2.5	1125.2	68400	1355252400	394142	15.11	19	12	1
2012-12-11 20:00:00	2.2	1067.0	72000	1355256000	370714	15.11	20	12	1
2012-12-11 21:00:00	1.8	1164.0	75600	1355259600	410281	15.11	21	12	1
2012-12-11 22:00:00	1.3	591.7	79200	1355263200	209274	15.11	22	12	1
2012-12-11 23:00:00	1.3	785.7	82800	1355266800	248264	15.11	23	12	1
2012-12-12 00:00:00	0.9	795.4	0	1355270400	246356	15.11	0	12	2
2012-12-12 01:00:00	0.5	785.7	3600	1355274000	248110	15.11	1	12	2
2012-12-12 02:00:00	0.5	1144.6	7200	1355277600	401860	15.11	2	12	2
2012-12-12 03:00:00	0.0	1144.6	10800	1355281200	401797	15.11	3	12	2
2012-12-12 04:00:00	0.3	1144.6	14400	1355284800	401834	15.11	4	12	2
2012-12-12 05:00:00	0.0	1134.9	18000	1355288400	397751	15.11	5	12	2
2012-12-12 06:00:00	0.1	1183.4	21600	1355292000	418348	15.11	6	12	2
2012-12-12 07:00:00	0.7	1183.4	25200	1355295600	418435	15.11	7	12	2
2012-12-12 08:00:00	1.5	1231.9	28800	1355299200	440077	15.11	8	12	2
2012-12-12 09:00:00	2.2	1241.6	32400	1355302800	444658	15.11	9	12	2
2012-12-12 10:00:00	2.7	970.0	36000	1355306400	334694	15.11	10	12	2
2012-12-12 11:00:00	3.0	1513.2	39600	1355310000	532301	15.11	11	12	2
2012-12-12 12:00:00	2.5	1309.5	43200	1355313600	476642	15.11	12	12	2
2012-12-12 13:00:00	2.5	1328.9	46800	1355317200	486078	15.11	13	12	2
2012-12-12 14:00:00	2.8	1387.1	50400	1355320800	515385	15.11	14	12	2
2012-12-12 15:00:00	3.0	1387.1	54000	1355324400	515477	15.11	15	12	2
2012-12-12 16:00:00	2.6	1348.3	57600	1355328000	495697	15.11	16	12	2
2012-12-12 17:00:00	2.4	1367.7	61200	1355331600	505340	15.11	17	12	2
2012-12-12 18:00:00	1.9	1251.3	64800	1355335200	449024	15.11	18	12	2
2012-12-12 19:00:00	1.9	1173.7	68400	1355338800	414462	15.11	19	12	2
2012-12-12 20:00:00	1.6	58.2	72000	1355342400	35675	15.11	20	12	2
2012-12-12 21:00:00	1.3	960.3	75600	1355346000	331105	15.11	21	12	2
2012-12-12 22:00:00	1.3	58.2	79200	1355349600	35675	15.11	22	12	2
2012-12-12 23:00:00	0.8	999.1	82800	1355353200	344907	15.11	23	12	2
2012-12-13 00:00:00	0.6	989.4	0	1355356800	341372	15.11	0	12	3
2012-12-13 01:00:00	0.6	960.3	3600	1355360400	331039	15.11	1	12	3
2012-12-13 02:00:00	0.3	940.9	7200	1355364000	324304	15.11	2	12	3
2012-12-13 03:00:00	0.3	921.5	10800	1355367600	317735	15.11	3	12	3
2012-12-13 04:00:00	0.3	902.1	14400	1355371200	311308	15.11	4	12	3
2012-12-13 05:00:00	0.1	863.3	18000	1355374800	298867	15.11	5	12	3
2012-12-13 06:00:00	-0.2	882.7	21600	1355378400	304992	15.11	6	12	3
2012-12-13 07:00:00	-0.2	931.2	25200	1355382000	320967	15.11	7	12	3
2012-12-13 08:00:00	0.9	999.1	28800	1355385600	344917	15.11	8	12	3
2012-12-13 09:00:00	2.0	58.2	32400	1355389200	35675	15.11	9	12	3
2012-12-13 10:00:00	2.0	766.3	36000	1355392800	257680	15.11	10	12	3
2012-12-13 11:00:00	2.3	1261.0	39600	1355396400	453618	15.11	11	12	3
2012-12-13 12:00:00	2.5	1290.1	43200	1355400000	467349	15.11	12	12	3
2012-12-13 13:00:00	2.0	1261.0	46800	1355403600	453532	15.11	13	12	3
2012-12-13 14:00:00	2.5	1290.1	50400	1355407200	467349	15.11	14	12	3
2012-12-13 15:00:00	2.5	1193.1	54000	1355410800	423035	15.11	15	12	3
2012-12-13 16:00:00	1.5	1164.0	57600	1355414400	410223	15.11	16	12	3
2012-12-13 17:00:00	0.4	1154.3	61200	1355418000	405929	15.11	17	12	3
2012-12-13 18:00:00	-0.3	1164.0	64800	1355421600	409958	15.11	18	12	3
2012-12-13 19:00:00	-1.2	1115.5	68400	1355425200	389649	15.11	19	12	3
2012-12-13 20:00:00	-1.5	766.3	72000	1355428800	257105	15.11	20	12	3
2012-12-13 21:00:00	-2.6	756.6	75600	1355432400	265234	15.11	21	12	3
2012-12-13 22:00:00	-2.0	824.5	79200	1355436000	286914	15.11	22	12	3
2012-12-13 23:00:00	-2.6	795.4	82800	1355439600	245911	15.11	23	12	3
2012-12-14 00:00:00	-2.6	785.7	0	1355443200	247737	15.11	0	12	4
2012-12-14 01:00:00	-2.6	785.7	3600	1355446800	247737	15.11	1	12	4
2012-12-14 02:00:00	-3.7	756.6	7200	1355450400	265200	15.11	2	12	4
2012-12-14 03:00:00	-3.8	863.3	10800	1355454000	298705	15.11	3	12	4
2012-12-14 04:00:00	-4.2	843.9	14400	1355457600	292701	15.11	4	12	4
2012-12-14 05:00:00	-4.4	843.9	18000	1355461200	292696	15.11	5	12	4
2012-12-14 06:00:00	-4.2	843.9	21600	1355464800	292701	15.11	6	12	4
2012-12-14 07:00:00	-3.5	853.6	25200	1355468400	295699	15.11	7	12	4
2012-12-14 08:00:00	0.0	911.8	28800	1355472000	314483	15.11	8	12	4
2012-12-14 09:00:00	2.1	1435.6	32400	1355475600	540367	15.11	9	12	4
2012-12-14 10:00:00	3.4	921.5	36000	1355479200	318078	15.11	10	12	4
2012-12-14 11:00:00	4.4	1358.0	39600	1355482800	501429	15.11	11	12	4
2012-12-14 12:00:00	5.0	1367.7	43200	1355486400	506665	15.11	12	12	4
2012-12-14 13:00:00	4.9	1319.2	46800	1355490000	482524	15.11	13	12	4
2012-12-14 14:00:00	4.9	1387.1	50400	1355493600	516483	15.11	14	12	4
2012-12-14 15:00:00	4.3	1416.2	54000	1355497200	531210	15.11	15	12	4
2012-12-14 16:00:00	2.9	1435.6	57600	1355500800	540722	15.11	16	12	4
2012-12-14 17:00:00	3.3	1367.7	61200	1355504400	505747	15.11	17	12	4
2012-12-14 18:00:00	2.2	1309.5	64800	1355508000	476540	15.11	18	12	4
2012-12-14 19:00:00	1.5	1231.9	68400	1355511600	440077	15.11	19	12	4
2012-12-14 20:00:00	0.3	1164.0	72000	1355515200	410034	15.11	20	12	4
2012-12-14 21:00:00	-0.6	921.5	75600	1355518800	317676	15.11	21	12	4
2012-12-14 22:00:00	-0.6	950.6	79200	1355522400	327578	15.11	22	12	4
2012-12-14 23:00:00	0.6	970.0	82800	1355526000	334448	15.11	23	12	4
2012-12-15 00:00:00	-0.3	940.9	0	1355529600	324261	15.11	0	12	5
2012-12-15 01:00:00	-1.0	921.5	3600	1355533200	317653	15.11	1	12	5
2012-12-15 02:00:00	-1.0	911.8	7200	1355536800	314424	15.11	2	12	5
2012-12-15 03:00:00	-1.0	911.8	10800	1355540400	314424	15.11	3	12	5
2012-12-15 04:00:00	-1.0	911.8	14400	1355544000	314424	15.11	4	12	5
2012-12-15 05:00:00	-1.0	902.1	18000	1355547600	311230	15.11	5	12	5
2012-12-15 06:00:00	-1.0	911.8	21600	1355551200	314424	15.11	6	12	5
2012-12-15 07:00:00	-0.8	931.2	25200	1355554800	320929	15.11	7	12	5
2012-12-15 08:00:00	2.0	999.1	28800	1355558400	345048	15.11	8	12	5
2012-12-15 09:00:00	3.5	58.2	32400	1355562000	35675	15.11	9	12	5
2012-12-15 10:00:00	4.3	776.0	36000	1355565600	252578	15.11	10	12	5
2012-12-15 11:00:00	4.5	1270.7	39600	1355569200	459097	15.11	11	12	5
2012-12-15 13:00:00	5.2	1348.3	46800	1355576400	497051	15.11	13	12	5
2012-12-15 14:00:00	5.2	1367.7	50400	1355580000	506791	15.11	14	12	5
2012-12-15 15:00:00	4.9	1416.2	54000	1355583600	531564	15.11	15	12	5
2012-12-15 16:00:00	4.5	1406.5	57600	1355587200	526263	15.11	16	12	5
2012-12-15 17:00:00	4.8	1416.2	61200	1355590800	531502	15.11	17	12	5
2012-12-15 18:00:00	4.8	1328.9	64800	1355594400	487211	15.11	18	12	5
2012-12-15 19:00:00	4.5	1183.4	68400	1355598000	419546	15.11	19	12	5
2012-12-15 20:00:00	4.1	1154.3	72000	1355601600	406820	15.11	20	12	5
2012-12-15 21:00:00	4.6	766.3	75600	1355605200	258357	15.11	21	12	5
2012-12-15 22:00:00	5.1	1067.0	79200	1355608800	371570	15.11	22	12	5
2012-12-15 23:00:00	5.4	1067.0	82800	1355612400	371725	15.11	23	12	5
2012-12-16 00:00:00	5.3	1067.0	0	1355616000	371671	15.11	0	12	6
2012-12-16 01:00:00	5.6	1076.7	3600	1355619600	375677	15.11	1	12	6
2012-12-16 02:00:00	5.6	776.0	7200	1355623200	253022	15.11	2	12	6
2012-12-16 03:00:00	5.9	834.2	10800	1355626800	290714	15.11	3	12	6
2012-12-16 04:00:00	5.6	824.5	14400	1355630400	287687	15.11	4	12	6
2012-12-16 05:00:00	5.9	814.8	18000	1355634000	284876	15.11	5	12	6
2012-12-16 06:00:00	5.9	1096.1	21600	1355637600	383643	15.11	6	12	6
2012-12-16 07:00:00	6.4	1144.6	25200	1355641200	404040	15.11	7	12	6
2012-12-16 08:00:00	6.6	1173.7	28800	1355644800	416646	15.11	8	12	6
2012-12-16 09:00:00	7.5	1212.5	32400	1355648400	434544	15.11	9	12	6
2012-12-16 10:00:00	7.5	921.5	36000	1355652000	319789	15.11	10	12	6
2012-12-16 11:00:00	7.6	1328.9	39600	1355655600	489505	15.11	11	12	6
2012-12-16 12:00:00	7.8	1338.6	43200	1355659200	494570	15.11	12	12	6
2012-12-16 13:00:00	7.8	1328.9	46800	1355662800	489762	15.11	13	12	6
2012-12-16 14:00:00	8.1	1367.7	50400	1355666400	509674	15.11	14	12	6
2012-12-16 15:00:00	8.3	1425.9	54000	1355670000	540374	15.11	15	12	6
2012-12-16 16:00:00	8.0	1396.8	57600	1355673600	524496	15.11	16	12	6
2012-12-16 17:00:00	8.3	1328.9	61200	1355677200	490515	15.11	17	12	6
2012-12-16 18:00:00	8.3	1309.5	64800	1355680800	480980	15.11	18	12	6
2012-12-16 19:00:00	8.3	1231.9	68400	1355684400	444291	15.11	19	12	6
2012-12-16 20:00:00	8.3	1212.5	72000	1355688000	435480	15.11	20	12	6
2012-12-16 21:00:00	8.0	931.2	75600	1355691600	323524	15.11	21	12	6
2012-12-16 22:00:00	8.6	1222.2	79200	1355695200	440317	15.11	22	12	6
2012-12-16 23:00:00	8.8	58.2	82800	1355698800	35675	15.11	23	12	6
2012-12-17 00:00:00	8.8	58.2	0	1355702400	35675	15.11	0	12	0
2012-12-17 01:00:00	8.8	1008.8	3600	1355706000	352180	15.11	1	12	0
2012-12-17 02:00:00	8.8	931.2	7200	1355709600	324313	15.11	2	12	0
2012-12-17 03:00:00	8.8	931.2	10800	1355713200	324313	15.11	3	12	0
2012-12-17 04:00:00	9.4	931.2	14400	1355716800	325062	15.11	4	12	0
2012-12-17 05:00:00	9.1	911.8	18000	1355720400	318045	15.11	5	12	0
2012-12-17 06:00:00	9.4	931.2	21600	1355724000	325062	15.11	6	12	0
2012-12-17 07:00:00	9.4	999.1	25200	1355727600	349404	15.11	7	12	0
2012-12-17 08:00:00	9.4	58.2	28800	1355731200	35675	15.11	8	12	0
2012-12-17 09:00:00	9.4	58.2	32400	1355734800	35675	15.11	9	12	0
2012-12-17 10:00:00	9.4	1076.7	36000	1355738400	379396	15.11	10	12	0
2012-12-17 11:00:00	8.8	1493.8	39600	1355742000	561957	15.11	11	12	0
2012-12-17 12:00:00	8.8	1571.4	43200	1355745600	504246	15.11	12	12	0
2012-12-17 13:00:00	8.8	1503.5	46800	1355749200	549329	15.11	13	12	0
2012-12-17 14:00:00	8.8	1464.7	50400	1355752800	562616	15.11	14	12	0
2012-12-17 15:00:00	8.3	1522.9	54000	1355756400	528569	15.11	15	12	0
2012-12-17 16:00:00	8.8	1833.3	57600	1355760000	660980	15.11	16	12	0
2012-12-17 17:00:00	8.8	1901.2	61200	1355763600	692515	15.11	17	12	0
2012-12-17 18:00:00	8.8	1425.9	64800	1355767200	541554	15.11	18	12	0
2012-12-17 19:00:00	9.4	1086.4	68400	1355770800	383308	15.11	19	12	0
2012-12-17 20:00:00	9.4	1076.7	72000	1355774400	379396	15.11	20	12	0
2012-12-17 21:00:00	9.4	1067.0	75600	1355778000	375519	15.11	21	12	0
2012-12-17 22:00:00	10.5	1057.3	79200	1355781600	374563	15.11	22	12	0
2012-12-17 23:00:00	11.1	1057.3	82800	1355785200	377583	15.11	23	12	0
2012-12-18 00:00:00	11.1	1057.3	0	1355788800	377583	15.11	0	12	1
2012-12-18 01:00:00	11.1	1076.7	3600	1355792400	385594	15.11	1	12	1
2012-12-18 02:00:00	11.9	1173.7	7200	1355796000	438599	15.11	2	12	1
2012-12-18 03:00:00	11.0	1212.5	10800	1355799600	445248	15.11	3	12	1
2012-12-18 04:00:00	10.0	1212.5	14400	1355803200	439366	15.11	4	12	1
2012-12-18 05:00:00	9.1	1251.3	18000	1355806800	454702	15.11	5	12	1
2012-12-18 06:00:00	8.3	1290.1	21600	1355810400	471591	15.11	6	12	1
2012-12-18 07:00:00	8.0	1348.3	25200	1355814000	499705	15.11	7	12	1
2012-12-18 08:00:00	8.6	1425.9	28800	1355817600	541041	15.11	8	12	1
2012-12-18 09:00:00	10.2	58.2	32400	1355821200	35675	15.11	9	12	1
2012-12-18 10:00:00	9.9	999.1	36000	1355824800	350326	15.11	10	12	1
2012-12-18 11:00:00	9.5	58.2	39600	1355828400	35675	15.11	11	12	1
2012-12-18 12:00:00	9.2	58.2	43200	1355832000	35675	15.11	12	12	1
2012-12-18 13:00:00	8.2	58.2	46800	1355835600	35675	15.11	13	12	1
2012-12-18 14:00:00	7.0	979.7	50400	1355839200	339818	15.11	14	12	1
2012-12-18 15:00:00	6.3	999.1	54000	1355842800	346407	15.11	15	12	1
2012-12-18 16:00:00	5.3	1008.8	57600	1355846400	349443	15.11	16	12	1
2012-12-18 17:00:00	4.7	999.1	61200	1355850000	345635	15.11	17	12	1
2012-12-18 18:00:00	4.4	1008.8	64800	1355853600	349108	15.11	18	12	1
2012-12-18 19:00:00	3.7	999.1	68400	1355857200	345353	15.11	19	12	1
2012-12-18 20:00:00	3.1	58.2	72000	1355860800	35675	15.11	20	12	1
2012-12-18 21:00:00	2.5	989.4	75600	1355864400	341600	15.11	21	12	1
2012-12-18 22:00:00	2.5	979.7	79200	1355868000	338114	15.11	22	12	1
2012-12-18 23:00:00	2.2	940.9	82800	1355871600	324488	15.11	23	12	1
2012-12-19 00:00:00	2.0	950.6	0	1355875200	327806	15.11	0	12	2
2012-12-19 01:00:00	1.8	58.2	3600	1355878800	35675	15.11	1	12	2
2012-12-19 02:00:00	1.8	999.1	7200	1355882400	345021	15.11	2	12	2
2012-12-19 03:00:00	1.0	989.4	10800	1355886000	341411	15.11	3	12	2
2012-12-19 04:00:00	-0.2	970.0	14400	1355889600	334384	15.11	4	12	2
2012-12-19 05:00:00	0.7	989.4	18000	1355893200	341382	15.11	5	12	2
2012-12-19 06:00:00	1.3	970.0	21600	1355896800	334515	15.11	6	12	2
2012-12-19 07:00:00	1.6	979.7	25200	1355900400	337995	15.11	7	12	2
2012-12-19 08:00:00	2.8	989.4	28800	1355904000	341649	15.11	8	12	2
2012-12-19 09:00:00	5.7	1067.0	32400	1355907600	371902	15.11	9	12	2
2012-12-19 10:00:00	6.5	1571.4	36000	1355911200	499682	15.11	10	12	2
2012-12-19 11:00:00	6.8	1649.0	39600	1355914800	578358	15.11	11	12	2
2012-12-19 12:00:00	7.1	1784.8	43200	1355918400	636161	15.11	12	12	2
2012-12-19 13:00:00	6.5	1794.5	46800	1355922000	639718	15.11	13	12	2
2012-12-19 14:00:00	6.3	1833.3	50400	1355925600	656836	15.11	14	12	2
2012-12-19 15:00:00	6.0	1843.0	54000	1355929200	660910	15.11	15	12	2
2012-12-19 16:00:00	5.7	1833.3	57600	1355932800	656218	15.11	16	12	2
2012-12-19 17:00:00	5.7	1697.5	61200	1355936400	597203	15.11	17	12	2
2012-12-19 18:00:00	4.7	1115.5	64800	1355940000	390869	15.11	18	12	2
2012-12-19 19:00:00	4.2	1008.8	68400	1355943600	349048	15.11	19	12	2
2012-12-19 20:00:00	3.9	1067.0	72000	1355947200	371108	15.11	20	12	2
2012-12-19 21:00:00	3.6	1028.2	75600	1355950800	356126	15.11	21	12	2
2012-12-19 22:00:00	3.3	999.1	79200	1355954400	345266	15.11	22	12	2
2012-12-19 23:00:00	2.4	989.4	82800	1355958000	341585	15.11	23	12	2
2012-12-20 00:00:00	1.1	989.4	0	1355961600	341422	15.11	0	12	3
2012-12-20 01:00:00	0.0	1067.0	3600	1355965200	370424	15.11	1	12	3
2012-12-20 02:00:00	0.0	1193.1	7200	1355968800	422558	15.11	2	12	3
2012-12-20 03:00:00	0.4	1173.7	10800	1355972400	414201	15.11	3	12	3
2012-12-20 04:00:00	1.6	1154.3	14400	1355976000	406119	15.11	4	12	3
2012-12-20 05:00:00	1.3	1212.5	18000	1355979600	431328	15.11	5	12	3
2012-12-20 06:00:00	1.0	1241.6	21600	1355983200	444379	15.11	6	12	3
2012-12-20 07:00:00	1.3	1338.6	25200	1355986800	490465	15.11	7	12	3
2012-12-20 08:00:00	3.1	1600.5	28800	1355990400	556338	15.11	8	12	3
2012-12-20 09:00:00	3.4	970.0	32400	1355994000	334816	15.11	9	12	3
2012-12-20 10:00:00	3.4	58.2	36000	1355997600	35675	15.11	10	12	3
2012-12-20 11:00:00	3.4	1493.8	39600	1356001200	555912	15.11	11	12	3
2012-12-20 12:00:00	3.5	1270.7	43200	1356004800	458584	15.11	12	12	3
2012-12-20 13:00:00	3.7	1290.1	46800	1356008400	467853	15.11	13	12	3
2012-12-20 14:00:00	3.6	1202.8	50400	1356012000	427668	15.11	14	12	3
2012-12-20 15:00:00	4.0	58.2	54000	1356015600	35675	15.11	15	12	3
2012-12-20 16:00:00	4.0	58.2	57600	1356019200	35675	15.11	16	12	3
2012-12-20 17:00:00	4.2	58.2	61200	1356022800	35675	15.11	17	12	3
2012-12-20 18:00:00	4.7	58.2	64800	1356026400	35675	15.11	18	12	3
2012-12-20 19:00:00	4.8	58.2	68400	1356030000	35675	15.11	19	12	3
2012-12-20 20:00:00	5.0	979.7	72000	1356033600	338701	15.11	20	12	3
2012-12-20 21:00:00	6.1	999.1	75600	1356037200	346278	15.11	21	12	3
2012-12-20 22:00:00	7.5	999.1	79200	1356040800	347292	15.11	22	12	3
2012-12-20 23:00:00	9.4	970.0	82800	1356044400	338755	15.11	23	12	3
2012-12-21 00:00:00	11.6	970.0	0	1356048000	346838	15.11	0	12	4
2012-12-21 01:00:00	12.7	989.4	3600	1356051600	372915	16.11	1	12	4
2012-12-21 02:00:00	13.2	989.4	7200	1356055200	378708	16.11	2	12	4
2012-12-21 03:00:00	11.8	970.0	10800	1356058800	348765	15.11	3	12	4
2012-12-21 04:00:00	5.7	970.0	14400	1356062400	335518	15.11	4	12	4
2012-12-21 05:00:00	4.4	989.4	18000	1356066000	342006	15.11	5	12	4
2012-12-21 06:00:00	3.5	960.3	21600	1356069600	331416	15.11	6	12	4
2012-12-21 07:00:00	2.6	960.3	25200	1356073200	331264	15.11	7	12	4
2012-12-21 08:00:00	2.1	999.1	28800	1356076800	345062	15.11	8	12	4
2012-12-21 09:00:00	1.7	979.7	32400	1356080400	338007	15.11	9	12	4
2012-12-21 10:00:00	1.7	999.1	36000	1356084000	345008	15.11	10	12	4
2012-12-21 11:00:00	1.5	999.1	39600	1356087600	344984	15.11	11	12	4
2012-12-21 12:00:00	1.3	979.7	43200	1356091200	337961	15.11	12	12	4
2012-12-21 13:00:00	0.8	979.7	46800	1356094800	337911	15.11	13	12	4
2012-12-21 14:00:00	0.7	970.0	50400	1356098400	334457	15.11	14	12	4
2012-12-21 15:00:00	0.8	960.3	54000	1356102000	331057	15.11	15	12	4
2012-12-21 16:00:00	0.5	950.6	57600	1356105600	327657	15.11	16	12	4
2012-12-21 17:00:00	0.4	979.7	61200	1356109200	337875	15.11	17	12	4
2012-12-21 18:00:00	0.0	931.2	64800	1356112800	320980	15.11	18	12	4
2012-12-21 19:00:00	0.2	931.2	68400	1356116400	320994	15.11	19	12	4
2012-12-21 20:00:00	0.0	979.7	72000	1356120000	337842	15.11	20	12	4
2012-12-21 21:00:00	-0.2	931.2	75600	1356123600	320967	15.11	21	12	4
2012-12-21 22:00:00	0.2	931.2	79200	1356127200	320994	15.11	22	12	4
2012-12-21 23:00:00	0.4	921.5	82800	1356130800	317742	15.11	23	12	4
2012-12-22 00:00:00	0.0	931.2	0	1356134400	320980	15.11	0	12	5
2012-12-22 01:00:00	0.2	989.4	3600	1356138000	341337	15.11	1	12	5
2012-12-22 02:00:00	0.0	1047.6	7200	1356141600	362935	15.11	2	12	5
2012-12-22 03:00:00	0.0	1028.2	10800	1356145200	355589	15.11	3	12	5
2012-12-22 04:00:00	0.0	1037.9	14400	1356148800	359244	15.11	4	12	5
2012-12-22 05:00:00	0.0	1018.5	18000	1356152400	351968	15.11	5	12	5
2012-12-22 06:00:00	0.0	1018.5	21600	1356156000	351968	15.11	6	12	5
2012-12-22 07:00:00	0.0	1028.2	25200	1356159600	355589	15.11	7	12	5
2012-12-22 08:00:00	0.0	999.1	28800	1356163200	344834	15.11	8	12	5
2012-12-22 09:00:00	0.0	950.6	32400	1356166800	327619	15.11	9	12	5
2012-12-22 10:00:00	0.0	1396.8	36000	1356170400	519459	15.11	10	12	5
2012-12-22 11:00:00	0.4	1464.7	39600	1356174000	555354	15.11	11	12	5
2012-12-22 12:00:00	0.7	1484.1	43200	1356177600	569720	15.11	12	12	5
2012-12-22 13:00:00	0.7	1484.1	46800	1356181200	569720	15.11	13	12	5
2012-12-22 14:00:00	1.0	1513.2	50400	1356184800	531330	15.11	14	12	5
2012-12-22 15:00:00	0.7	1561.7	54000	1356188400	499356	15.11	15	12	5
2012-12-22 16:00:00	0.1	1493.8	57600	1356192000	554269	15.11	16	12	5
2012-12-22 17:00:00	-0.3	1435.6	61200	1356195600	539628	15.11	17	12	5
2012-12-22 18:00:00	-0.8	1328.9	64800	1356199200	485281	15.11	18	12	5
2012-12-22 19:00:00	-0.5	1290.1	68400	1356202800	466665	15.11	19	12	5
2012-12-22 20:00:00	-1.4	960.3	72000	1356206400	330900	15.11	20	12	5
2012-12-22 21:00:00	-1.4	1290.1	75600	1356210000	466543	15.11	21	12	5
2012-12-22 22:00:00	-1.9	1251.3	79200	1356213600	448406	15.11	22	12	5
2012-12-22 23:00:00	-1.9	1261.0	82800	1356217200	452872	15.11	23	12	5
2012-12-23 00:00:00	-1.9	1280.4	0	1356220800	461912	15.11	0	12	6
2012-12-23 01:00:00	-2.6	970.0	3600	1356224400	334245	15.11	1	12	6
2012-12-23 02:00:00	-2.6	960.3	7200	1356228000	330841	15.11	2	12	6
2012-12-23 03:00:00	-2.9	950.6	10800	1356231600	327459	15.11	3	12	6
2012-12-23 04:00:00	-3.3	960.3	14400	1356235200	330811	15.11	4	12	6
2012-12-23 05:00:00	-3.8	999.1	18000	1356238800	344616	15.11	5	12	6
2012-12-23 06:00:00	-4.2	58.2	21600	1356242400	35675	15.11	6	12	6
2012-12-23 07:00:00	-3.8	58.2	25200	1356246000	35675	15.11	7	12	6
2012-12-23 08:00:00	-2.0	1513.2	28800	1356249600	530578	15.11	8	12	6
2012-12-23 09:00:00	-1.1	921.5	32400	1356253200	317648	15.11	9	12	6
2012-12-23 10:00:00	-0.5	485.0	36000	1356256800	167185	15.11	10	12	6
2012-12-23 11:00:00	0.7	620.8	39600	1356260400	222168	15.11	11	12	6
2012-12-23 12:00:00	1.2	620.8	43200	1356264000	222216	15.11	12	12	6
2012-12-23 13:00:00	1.7	630.5	46800	1356267600	226734	15.11	13	12	6
2012-12-23 14:00:00	2.0	640.2	50400	1356271200	231308	15.11	14	12	6
2012-12-23 15:00:00	1.2	669.3	54000	1356274800	245227	15.11	15	12	6
2012-12-23 16:00:00	0.7	649.9	57600	1356278400	235753	15.11	16	12	6
2012-12-23 17:00:00	-0.7	640.2	61200	1356282000	231037	15.11	17	12	6
2012-12-23 18:00:00	-0.5	669.3	64800	1356285600	245049	15.11	18	12	6
2012-12-23 19:00:00	-1.9	649.9	68400	1356289200	235554	15.11	19	12	6
2012-12-23 20:00:00	-2.4	921.5	72000	1356292800	317586	15.11	20	12	6
2012-12-23 21:00:00	-2.2	601.4	75600	1356296400	213295	15.11	21	12	6
2012-12-23 22:00:00	-3.5	611.1	79200	1356300000	217551	15.11	22	12	6
2012-12-23 23:00:00	-2.2	601.4	82800	1356303600	213295	15.11	23	12	6
2012-12-24 00:00:00	-2.9	601.4	0	1356307200	213267	15.11	0	12	0
2012-12-24 01:00:00	-3.1	911.8	3600	1356310800	314332	15.11	1	12	0
2012-12-24 02:00:00	-3.3	911.8	7200	1356314400	314325	15.11	2	12	0
2012-12-24 03:00:00	-3.1	911.8	10800	1356318000	314332	15.11	3	12	0
2012-12-24 04:00:00	-3.7	902.1	14400	1356321600	311120	15.11	4	12	0
2012-12-24 05:00:00	-3.1	892.4	18000	1356325200	307984	15.11	5	12	0
2012-12-24 06:00:00	-2.8	892.4	21600	1356328800	307994	15.11	6	12	0
2012-12-24 07:00:00	-2.2	892.4	25200	1356332400	308018	15.11	7	12	0
2012-12-24 08:00:00	-1.0	902.1	28800	1356336000	311230	15.11	8	12	0
2012-12-24 09:00:00	0.1	1290.1	32400	1356339600	466762	15.11	9	12	0
2012-12-24 10:00:00	0.4	1455.0	36000	1356343200	550132	15.11	10	12	0
2012-12-24 11:00:00	0.8	1445.3	39600	1356346800	545058	15.11	11	12	0
2012-12-24 12:00:00	0.6	1493.8	43200	1356350400	554354	15.11	12	12	0
2012-12-24 13:00:00	1.0	1493.8	46800	1356354000	554467	15.11	13	12	0
2012-12-24 14:00:00	0.6	1484.1	50400	1356357600	569380	15.11	14	12	0
2012-12-24 15:00:00	0.3	1455.0	54000	1356361200	550105	15.11	15	12	0
2012-12-24 16:00:00	0.8	1425.9	57600	1356364800	534788	15.11	16	12	0
2012-12-24 17:00:00	1.4	1309.5	61200	1356368400	476308	15.11	17	12	0
2012-12-24 18:00:00	1.4	1270.7	64800	1356372000	457896	15.11	18	12	0
2012-12-24 19:00:00	1.4	1212.5	68400	1356375600	431348	15.11	19	12	0
2012-12-24 20:00:00	1.4	1290.1	72000	1356379200	467031	15.11	20	12	0
2012-12-24 21:00:00	1.4	58.2	75600	1356382800	35675	15.11	21	12	0
2012-12-24 22:00:00	1.6	58.2	79200	1356386400	35675	15.11	22	12	0
2012-12-24 23:00:00	1.6	58.2	82800	1356390000	35675	15.11	23	12	0
2012-12-25 00:00:00	1.6	1008.8	0	1356393600	348549	15.11	0	12	1
2012-12-25 01:00:00	1.6	1251.3	3600	1356397200	448950	15.11	1	12	1
2012-12-25 02:00:00	1.6	1231.9	7200	1356400800	440099	15.11	2	12	1
2012-12-25 03:00:00	0.8	58.2	10800	1356404400	35675	15.11	3	12	1
2012-12-25 04:00:00	0.5	1222.2	14400	1356408000	435518	15.11	4	12	1
2012-12-25 05:00:00	0.0	1241.6	18000	1356411600	444207	15.11	5	12	1
2012-12-25 06:00:00	-0.2	1270.7	21600	1356415200	457592	15.11	6	12	1
2012-12-25 07:00:00	-0.7	1309.5	25200	1356418800	475895	15.11	7	12	1
2012-12-25 08:00:00	1.2	1367.7	28800	1356422400	504941	15.11	8	12	1
2012-12-25 09:00:00	3.2	601.4	32400	1356426000	213766	15.11	9	12	1
2012-12-25 10:00:00	4.9	1251.3	36000	1356429600	450287	15.11	10	12	1
2012-12-25 11:00:00	6.0	1309.5	39600	1356433200	478530	15.11	11	12	1
2012-12-25 12:00:00	5.3	1338.6	43200	1356436800	492298	15.11	12	12	1
2012-12-25 13:00:00	5.6	1367.7	46800	1356440400	507058	15.11	13	12	1
2012-12-25 14:00:00	5.1	1377.4	50400	1356444000	511650	15.11	14	12	1
2012-12-25 15:00:00	4.2	1358.0	54000	1356447600	501320	15.11	15	12	1
2012-12-25 16:00:00	3.2	1348.3	57600	1356451200	495968	15.11	16	12	1
2012-12-25 17:00:00	2.9	1299.8	61200	1356454800	472126	15.11	17	12	1
2012-12-25 18:00:00	2.6	931.2	64800	1356458400	321232	15.11	18	12	1
2012-12-25 19:00:00	1.9	601.4	68400	1356462000	213584	15.11	19	12	1
2012-12-25 20:00:00	1.4	591.7	72000	1356465600	209284	15.11	20	12	1
2012-12-25 21:00:00	1.2	601.4	75600	1356469200	213511	15.11	21	12	1
2012-12-25 22:00:00	0.7	591.7	79200	1356472800	209223	15.11	22	12	1
2012-12-25 23:00:00	0.3	591.7	82800	1356476400	209194	15.11	23	12	1
2012-12-26 00:00:00	-1.6	591.7	0	1356480000	209085	15.11	0	12	2
2012-12-26 01:00:00	-0.5	611.1	3600	1356483600	217693	15.11	1	12	2
2012-12-26 02:00:00	-0.8	1222.2	7200	1356487200	435336	15.11	2	12	2
2012-12-26 03:00:00	-1.3	1154.3	10800	1356490800	405740	15.11	3	12	2
2012-12-26 04:00:00	-1.3	1105.8	14400	1356494400	385704	15.11	4	12	2
2012-12-26 05:00:00	-1.0	1144.6	18000	1356498000	401690	15.11	5	12	2
2012-12-26 06:00:00	-0.8	1154.3	21600	1356501600	405788	15.11	6	12	2
2012-12-26 07:00:00	-0.8	1154.3	25200	1356505200	405788	15.11	7	12	2
2012-12-26 08:00:00	-0.8	1231.9	28800	1356508800	439699	15.11	8	12	2
2012-12-26 09:00:00	-0.4	999.1	32400	1356512400	344802	15.11	9	12	2
2012-12-26 10:00:00	-0.2	1261.0	36000	1356516000	453085	15.11	10	12	2
2012-12-26 11:00:00	0.1	1261.0	39600	1356519600	453132	15.11	11	12	2
2012-12-26 12:00:00	0.1	1309.5	43200	1356523200	476027	15.11	12	12	2
2012-12-26 13:00:00	0.6	1328.9	46800	1356526800	485536	15.11	13	12	2
2012-12-26 14:00:00	1.4	1358.0	50400	1356530400	500127	15.11	14	12	2
2012-12-26 15:00:00	1.9	1367.7	54000	1356534000	505156	15.11	15	12	2
2012-12-26 16:00:00	2.5	1328.9	57600	1356537600	486078	15.11	16	12	2
2012-12-26 17:00:00	4.7	1290.1	61200	1356541200	468383	15.11	17	12	2
2012-12-26 18:00:00	8.0	1222.2	64800	1356544800	439475	15.11	18	12	2
2012-12-26 19:00:00	7.7	1212.5	68400	1356548400	434752	15.11	19	12	2
2012-12-26 20:00:00	7.7	999.1	72000	1356552000	347460	15.11	20	12	2
2012-12-26 21:00:00	7.5	1173.7	75600	1356555600	417406	15.11	21	12	2
2012-12-26 22:00:00	6.9	999.1	79200	1356559200	346827	15.11	22	12	2
2012-12-26 23:00:00	6.4	950.6	82800	1356562800	329042	15.11	23	12	2
2012-12-27 00:00:00	5.0	950.6	0	1356566400	328408	15.11	0	12	3
2012-12-27 01:00:00	2.8	989.4	3600	1356570000	341649	15.11	1	12	3
2012-12-27 02:00:00	2.0	950.6	7200	1356573600	327806	15.11	2	12	3
2012-12-27 03:00:00	2.0	911.8	10800	1356577200	314652	15.11	3	12	3
2012-12-27 04:00:00	1.8	873.0	14400	1356580800	302047	15.11	4	12	3
2012-12-27 05:00:00	1.6	873.0	18000	1356584400	302029	15.11	5	12	3
2012-12-27 06:00:00	1.0	911.8	21600	1356588000	314557	15.11	6	12	3
2012-12-27 07:00:00	0.3	999.1	25200	1356591600	344860	15.11	7	12	3
2012-12-27 08:00:00	0.8	58.2	28800	1356595200	35675	15.11	8	12	3
2012-12-27 09:00:00	1.1	1261.0	32400	1356598800	453317	15.11	9	12	3
2012-12-27 10:00:00	1.4	1309.5	36000	1356602400	476308	15.11	10	12	3
2012-12-27 11:00:00	1.1	1348.3	39600	1356606000	495211	15.11	11	12	3
2012-12-27 12:00:00	1.2	1406.5	43200	1356609600	524776	15.11	12	12	3
2012-12-27 13:00:00	0.7	1406.5	46800	1356613200	524634	15.11	13	12	3
2012-12-27 14:00:00	0.4	1474.4	50400	1356616800	576264	15.11	14	12	3
2012-12-27 15:00:00	0.4	1406.5	54000	1356620400	524558	15.11	15	12	3
2012-12-27 16:00:00	0.2	1396.8	57600	1356624000	519504	15.11	16	12	3
2012-12-27 17:00:00	0.2	1319.2	61200	1356627600	480732	15.11	17	12	3
2012-12-27 18:00:00	0.2	1309.5	64800	1356631200	476046	15.11	18	12	3
2012-12-27 19:00:00	0.4	1328.9	68400	1356634800	485494	15.11	19	12	3
2012-12-27 20:00:00	0.4	1270.7	72000	1356638400	457691	15.11	20	12	3
2012-12-27 21:00:00	0.4	1309.5	75600	1356642000	476084	15.11	21	12	3
2012-12-27 22:00:00	0.4	1299.8	79200	1356645600	471432	15.11	22	12	3
2012-12-27 23:00:00	0.0	1280.4	82800	1356649200	462166	15.11	23	12	3
2012-12-28 00:00:00	0.0	1270.7	0	1356652800	457623	15.11	0	12	4
2012-12-28 01:00:00	0.1	1231.9	3600	1356656400	439821	15.11	1	12	4
2012-12-28 02:00:00	0.1	1231.9	7200	1356660000	439821	15.11	2	12	4
2012-12-28 03:00:00	-0.1	1261.0	10800	1356663600	453100	15.11	3	12	4
2012-12-28 04:00:00	-0.5	1251.3	14400	1356667200	448571	15.11	4	12	4
2012-12-28 05:00:00	-0.8	1280.4	18000	1356670800	462046	15.11	5	12	4
2012-12-28 06:00:00	-0.7	1299.8	21600	1356674400	471248	15.11	6	12	4
2012-12-28 07:00:00	-1.3	1261.0	25200	1356678000	452938	15.11	7	12	4
2012-12-28 08:00:00	-0.5	1299.8	28800	1356681600	471278	15.11	8	12	4
2012-12-28 09:00:00	0.6	1261.0	32400	1356685200	453218	15.11	9	12	4
2012-12-28 10:00:00	1.1	1581.1	36000	1356688800	494167	15.11	10	12	4
2012-12-28 11:00:00	1.7	1639.3	39600	1356692400	571273	15.11	11	12	4
2012-12-28 12:00:00	1.4	1775.1	43200	1356696000	627827	15.11	12	12	4
2012-12-28 13:00:00	1.7	1775.1	46800	1356699600	627916	15.11	13	12	4
2012-12-28 14:00:00	2.0	1746.0	50400	1356703200	615478	15.11	14	12	4
2012-12-28 15:00:00	1.7	1746.0	54000	1356706800	615386	15.11	15	12	4
2012-12-28 16:00:00	0.6	1629.6	57600	1356710400	567176	15.11	16	12	4
2012-12-28 17:00:00	0.1	1590.8	61200	1356714000	492370	15.11	17	12	4
2012-12-28 18:00:00	-0.1	1542.3	64800	1356717600	508270	15.11	18	12	4
2012-12-28 19:00:00	-0.1	1522.9	68400	1356721200	521959	15.11	19	12	4
2012-12-28 20:00:00	-0.8	1261.0	72000	1356724800	453000	15.11	20	12	4
2012-12-28 21:00:00	-0.8	1435.6	75600	1356728400	539525	15.11	21	12	4
2012-12-28 22:00:00	-0.3	1377.4	79200	1356732000	509495	15.11	22	12	4
2012-12-28 23:00:00	-0.3	1367.7	82800	1356735600	504597	15.11	23	12	4
2012-12-29 00:00:00	-0.1	1396.8	0	1356739200	519438	15.11	0	12	5
2012-12-29 01:00:00	0.0	58.2	3600	1356742800	35675	15.11	1	12	5
2012-12-29 02:00:00	0.3	1222.2	7200	1356746400	435486	15.11	2	12	5
2012-12-29 03:00:00	0.3	1222.2	10800	1356750000	435486	15.11	3	12	5
2012-12-29 04:00:00	0.3	1212.5	14400	1356753600	431155	15.11	4	12	5
2012-12-29 05:00:00	0.5	1241.6	18000	1356757200	444288	15.11	5	12	5
2012-12-29 07:00:00	1.1	58.2	25200	1356764400	35675	15.11	7	12	5
2012-12-29 08:00:00	1.4	1522.9	28800	1356768000	522600	15.11	8	12	5
2012-12-29 09:00:00	1.4	591.7	32400	1356771600	209284	15.11	9	12	5
2012-12-29 10:00:00	0.0	1319.2	36000	1356775200	480695	15.11	10	12	5
2012-12-29 11:00:00	0.0	1328.9	39600	1356778800	485416	15.11	11	12	5
2012-12-29 12:00:00	0.5	1358.0	43200	1356782400	499898	15.11	12	12	5
2012-12-29 13:00:00	0.8	1358.0	46800	1356786000	499968	15.11	13	12	5
2012-12-29 14:00:00	1.4	1406.5	50400	1356789600	524839	15.11	14	12	5
2012-12-29 15:00:00	2.3	1406.5	54000	1356793200	525174	15.11	15	12	5
2012-12-29 16:00:00	1.5	1425.9	57600	1356796800	535008	15.11	16	12	5
2012-12-29 17:00:00	2.0	1377.4	61200	1356800400	510101	15.11	17	12	5
2012-12-29 18:00:00	2.5	960.3	64800	1356804000	331249	15.11	18	12	5
2012-12-29 19:00:00	1.6	620.8	68400	1356807600	222260	15.11	19	12	5
2012-12-29 20:00:00	1.1	591.7	72000	1356811200	209257	15.11	20	12	5
2012-12-29 21:00:00	0.6	611.1	75600	1356814800	217773	15.11	21	12	5
2012-12-29 22:00:00	0.6	601.4	79200	1356818400	213459	15.11	22	12	5
2012-12-29 23:00:00	0.9	601.4	82800	1356822000	213484	15.11	23	12	5
2012-12-30 00:00:00	0.4	601.4	0	1356825600	213443	15.11	0	12	6
2012-12-30 01:00:00	0.2	572.3	3600	1356829200	200916	15.11	1	12	6
2012-12-30 02:00:00	0.2	1134.9	7200	1356832800	397775	15.11	2	12	6
2012-12-30 03:00:00	0.0	1076.7	10800	1356836400	374221	15.11	3	12	6
2012-12-30 04:00:00	-0.4	1076.7	14400	1356840000	374183	15.11	4	12	6
2012-12-30 05:00:00	0.0	1096.1	18000	1356843600	381923	15.11	5	12	6
2012-12-30 06:00:00	-0.3	1115.5	21600	1356847200	389734	15.11	6	12	6
2012-12-30 07:00:00	-0.5	1173.7	25200	1356850800	414086	15.11	7	12	6
2012-12-30 08:00:00	-0.2	1270.7	28800	1356854400	457592	15.11	8	12	6
2012-12-30 09:00:00	-0.3	970.0	32400	1356858000	334376	15.11	9	12	6
2012-12-30 10:00:00	-0.2	1290.1	36000	1356861600	466712	15.11	10	12	6
2012-12-30 11:00:00	-0.3	1367.7	39600	1356865200	504597	15.11	11	12	6
2012-12-30 12:00:00	0.0	1358.0	43200	1356868800	499792	15.11	12	12	6
2012-12-30 13:00:00	-0.5	1435.6	46800	1356872400	539586	15.11	13	12	6
2012-12-30 14:00:00	-0.5	1484.1	50400	1356876000	569424	15.11	14	12	6
2012-12-30 15:00:00	-0.5	1513.2	54000	1356879600	530764	15.11	15	12	6
2012-12-30 16:00:00	-1.1	1484.1	57600	1356883200	569311	15.11	16	12	6
2012-12-30 17:00:00	-1.1	1387.1	61200	1356886800	514285	15.11	17	12	6
2012-12-30 18:00:00	-1.5	1290.1	64800	1356890400	466531	15.11	18	12	6
2012-12-30 19:00:00	-1.9	1241.6	68400	1356894000	443975	15.11	19	12	6
2012-12-30 20:00:00	-2.6	940.9	72000	1356897600	324139	15.11	20	12	6
2012-12-30 21:00:00	-2.7	1261.0	75600	1356901200	452796	15.11	21	12	6
2012-12-30 22:00:00	-2.7	1261.0	79200	1356904800	452796	15.11	22	12	6
2012-12-30 23:00:00	-3.4	1251.3	82800	1356908400	448275	15.11	23	12	6
2012-12-31 00:00:00	-3.4	1251.3	0	1356912000	448275	15.11	0	12	0
2012-12-31 01:00:00	-3.4	950.6	3600	1356915600	327439	15.11	1	12	0
2012-12-31 02:00:00	-3.8	931.2	7200	1356919200	320796	15.11	2	12	0
2012-12-31 03:00:00	-3.3	940.9	10800	1356922800	324111	15.11	3	12	0
2012-12-31 04:00:00	-3.3	911.8	14400	1356926400	314325	15.11	4	12	0
2012-12-31 05:00:00	-3.1	950.6	18000	1356930000	327451	15.11	5	12	0
2012-12-31 06:00:00	-3.3	950.6	21600	1356933600	327443	15.11	6	12	0
2012-12-31 07:00:00	-2.9	999.1	25200	1356937200	344654	15.11	7	12	0
2012-12-31 08:00:00	-2.4	58.2	28800	1356940800	35675	15.11	8	12	0
2012-12-31 09:00:00	-1.7	591.7	32400	1356944400	209081	15.11	9	12	0
2012-12-31 10:00:00	-1.5	1338.6	36000	1356948000	489933	15.11	10	12	0
2012-12-31 11:00:00	-0.3	1377.4	39600	1356951600	509495	15.11	11	12	0
2012-12-31 12:00:00	-0.3	2124.3	43200	1356955200	794154	15.11	12	12	0
2012-12-31 13:00:00	0.2	2124.3	46800	1356958800	794321	15.11	13	12	0
2012-12-31 14:00:00	0.6	2138.85	50400	1356962400	802091	15.11	14	12	0
2012-12-31 15:00:00	0.4	2197.05	54000	1356966000	833023	15.11	15	12	0
2012-12-31 16:00:00	0.4	2182.5	57600	1356969600	825190	15.11	16	12	0
2012-12-31 17:00:00	0.2	2182.5	61200	1356973200	825110	15.11	17	12	0
2012-12-31 18:00:00	0.1	1425.9	64800	1356976800	534607	15.11	18	12	0
2012-12-31 19:00:00	0.2	902.1	68400	1356980400	311301	15.11	19	12	0
2012-12-31 20:00:00	0.2	591.7	72000	1356984000	209187	15.11	20	12	0
2012-12-31 21:00:00	0.4	887.55	75600	1356987600	306587	15.11	21	12	0
2012-12-31 22:00:00	0.4	887.55	79200	1356991200	306587	15.11	22	12	0
2012-12-31 23:00:00	0.2	887.55	82800	1356994800	306574	15.11	23	12	0
