	Twet	Load	Hour(s)	TimeStamp(s)	Power	Tset	Hour	month	DayofWeek
2012-02-01 00:00:00	7.1	727.5	0	1328054400	277052	15.11	0	2	2
2012-02-01 01:00:00	7.3	698.4	3600	1328058000	261759	15.11	1	2	2
2012-02-01 02:00:00	7.6	708.1	7200	1328061600	267028	15.11	2	2	2
2012-02-01 03:00:00	7.3	717.8	10800	1328065200	271968	15.11	3	2	2
2012-02-01 04:00:00	7.0	776.0	14400	1328068800	253771	15.11	4	2	2
2012-02-01 05:00:00	7.1	455.9	18000	1328072400	158104	15.11	5	2	2
2012-02-01 06:00:00	7.1	523.8	21600	1328076000	182653	15.11	6	2	2
2012-02-01 07:00:00	7.1	572.3	25200	1328079600	202293	15.11	7	2	2
2012-02-01 08:00:00	7.7	640.2	28800	1328083200	233075	15.11	8	2	2
2012-02-01 09:00:00	8.8	679.0	32400	1328086800	253067	15.11	9	2	2
2012-02-01 10:00:00	9.4	717.8	36000	1328090400	274401	15.11	10	2	2
2012-02-01 11:00:00	10.4	727.5	39600	1328094000	282840	15.11	11	2	2
2012-02-01 12:00:00	12.7	708.1	43200	1328097600	291338	16.11	12	2	2
2012-02-01 13:00:00	12.7	679.0	46800	1328101200	274739	16.11	13	2	2
2012-02-01 14:00:00	12.9	679.0	50400	1328104800	276683	16.11	14	2	2
2012-02-01 15:00:00	12.9	504.4	54000	1328108400	191372	16.11	15	2	2
2012-02-01 16:00:00	12.4	475.3	57600	1328112000	175065	15.11	16	2	2
2012-02-01 17:00:00	11.2	455.9	61200	1328115600	161500	15.11	17	2	2
2012-02-01 18:00:00	10.5	436.5	64800	1328119200	153757	15.11	18	2	2
2012-02-01 19:00:00	10.5	436.5	68400	1328122800	153757	15.11	19	2	2
2012-02-01 20:00:00	10.0	436.5	72000	1328126400	153249	15.11	20	2	2
2012-02-01 21:00:00	9.4	455.9	75600	1328130000	159219	15.11	21	2	2
2012-02-01 22:00:00	8.9	640.2	79200	1328133600	234027	15.11	22	2	2
2012-02-01 23:00:00	9.2	630.5	82800	1328137200	229756	15.11	23	2	2
2012-02-02 00:00:00	8.7	591.7	0	1328140800	211559	15.11	0	2	3
2012-02-02 01:00:00	8.1	640.2	3600	1328144400	233334	15.11	1	2	3
2012-02-02 02:00:00	8.1	756.6	7200	1328148000	268586	15.11	2	2	3
2012-02-02 03:00:00	8.1	562.6	10800	1328151600	198695	15.11	3	2	3
2012-02-02 04:00:00	8.3	523.8	14400	1328155200	183195	15.11	4	2	3
2012-02-02 05:00:00	8.8	494.7	18000	1328158800	172504	15.11	5	2	3
2012-02-02 06:00:00	8.6	960.3	21600	1328162400	334274	15.11	6	2	3
2012-02-02 07:00:00	8.0	1008.8	25200	1328166000	351327	15.11	7	2	3
2012-02-02 08:00:00	7.1	58.2	28800	1328169600	35675	15.11	8	2	3
2012-02-02 09:00:00	6.8	1251.3	32400	1328173200	451593	15.11	9	2	3
2012-02-02 10:00:00	6.4	1251.3	36000	1328176800	451273	15.11	10	2	3
2012-02-02 11:00:00	6.4	1290.1	39600	1328180400	469507	15.11	11	2	3
2012-02-02 12:00:00	6.7	1299.8	43200	1328184000	474402	15.11	12	2	3
2012-02-02 13:00:00	8.7	1299.8	46800	1328187600	476981	15.11	13	2	3
2012-02-02 14:00:00	8.5	1261.0	50400	1328191200	458092	15.11	14	2	3
2012-02-02 15:00:00	6.7	688.7	54000	1328194800	256446	15.11	15	2	3
2012-02-02 16:00:00	5.2	523.8	57600	1328198400	182039	15.11	16	2	3
2012-02-02 17:00:00	3.8	572.3	61200	1328202000	201306	15.11	17	2	3
2012-02-02 18:00:00	3.3	523.8	64800	1328205600	181719	15.11	18	2	3
2012-02-02 19:00:00	2.9	523.8	68400	1328209200	181675	15.11	19	2	3
2012-02-02 20:00:00	2.2	523.8	72000	1328212800	181610	15.11	20	2	3
2012-02-02 21:00:00	2.2	504.4	75600	1328216400	174320	15.11	21	2	3
2012-02-02 22:00:00	1.3	814.8	79200	1328220000	284199	15.11	22	2	3
2012-02-02 23:00:00	1.6	863.3	82800	1328223600	298972	15.11	23	2	3
2012-02-03 00:00:00	0.4	805.1	0	1328227200	281301	15.11	0	2	4
2012-02-03 01:00:00	0.0	776.0	3600	1328230800	251601	15.11	1	2	4
2012-02-03 02:00:00	0.3	814.8	7200	1328234400	284138	15.11	2	2	4
2012-02-03 03:00:00	-1.2	873.0	10800	1328238000	301852	15.11	3	2	4
2012-02-03 04:00:00	-0.8	911.8	14400	1328241600	314435	15.11	4	2	4
2012-02-03 05:00:00	-1.3	426.8	18000	1328245200	147893	15.11	5	2	4
2012-02-03 06:00:00	-1.7	58.2	21600	1328248800	35675	15.11	6	2	4
2012-02-03 07:00:00	-1.3	58.2	25200	1328252400	35675	15.11	7	2	4
2012-02-03 08:00:00	1.3	58.2	28800	1328256000	35675	15.11	8	2	4
2012-02-03 09:00:00	2.1	58.2	32400	1328259600	35675	15.11	9	2	4
2012-02-03 10:00:00	2.7	58.2	36000	1328263200	35675	15.11	10	2	4
2012-02-03 11:00:00	3.6	611.1	39600	1328266800	218173	15.11	11	2	4
2012-02-03 12:00:00	3.9	504.4	43200	1328270400	174488	15.11	12	2	4
2012-02-03 13:00:00	4.7	485.0	46800	1328274000	167572	15.11	13	2	4
2012-02-03 14:00:00	4.4	533.5	50400	1328277600	185642	15.11	14	2	4
2012-02-03 15:00:00	4.7	446.2	54000	1328281200	154361	15.11	15	2	4
2012-02-03 16:00:00	4.1	455.9	57600	1328284800	157487	15.11	16	2	4
2012-02-03 17:00:00	3.5	426.8	61200	1328288400	148081	15.11	17	2	4
2012-02-03 18:00:00	1.9	58.2	64800	1328292000	35675	15.11	18	2	4
2012-02-03 19:00:00	1.6	58.2	68400	1328295600	35675	15.11	19	2	4
2012-02-03 20:00:00	0.6	58.2	72000	1328299200	35675	15.11	20	2	4
2012-02-03 21:00:00	-0.5	58.2	75600	1328302800	35675	15.11	21	2	4
2012-02-03 22:00:00	-0.8	58.2	79200	1328306400	35675	15.11	22	2	4
2012-02-03 23:00:00	-1.2	58.2	82800	1328310000	35675	15.11	23	2	4
2012-02-04 00:00:00	-1.5	58.2	0	1328313600	35675	15.11	0	2	5
2012-02-04 01:00:00	-1.5	58.2	3600	1328317200	35675	15.11	1	2	5
2012-02-04 02:00:00	-1.9	58.2	7200	1328320800	35675	15.11	2	2	5
2012-02-04 03:00:00	-2.2	58.2	10800	1328324400	35675	15.11	3	2	5
2012-02-04 04:00:00	-1.7	58.2	14400	1328328000	35675	15.11	4	2	5
2012-02-04 05:00:00	-0.4	523.8	18000	1328331600	181455	15.11	5	2	5
2012-02-04 06:00:00	0.7	999.1	21600	1328335200	344897	15.11	6	2	5
2012-02-04 07:00:00	1.1	58.2	25200	1328338800	35675	15.11	7	2	5
2012-02-04 08:00:00	1.8	58.2	28800	1328342400	35675	15.11	8	2	5
2012-02-04 09:00:00	3.3	1338.6	32400	1328346000	491202	15.11	9	2	5
2012-02-04 10:00:00	3.4	58.2	36000	1328349600	35675	15.11	10	2	5
2012-02-04 11:00:00	3.5	58.2	39600	1328353200	35675	15.11	11	2	5
2012-02-04 12:00:00	3.4	1387.1	43200	1328356800	515668	15.11	12	2	5
2012-02-04 13:00:00	3.2	970.0	46800	1328360400	334778	15.11	13	2	5
2012-02-04 14:00:00	3.3	989.4	50400	1328364000	341740	15.11	14	2	5
2012-02-04 15:00:00	3.3	630.5	54000	1328367600	226991	15.11	15	2	5
2012-02-04 16:00:00	2.6	552.9	57600	1328371200	193120	15.11	16	2	5
2012-02-04 17:00:00	1.4	504.4	61200	1328374800	174267	15.11	17	2	5
2012-02-04 18:00:00	0.6	514.1	64800	1328378400	177828	15.11	18	2	5
2012-02-04 19:00:00	0.8	523.8	68400	1328382000	181514	15.11	19	2	5
2012-02-04 20:00:00	0.8	523.8	72000	1328385600	181514	15.11	20	2	5
2012-02-04 21:00:00	1.2	533.5	75600	1328389200	185286	15.11	21	2	5
2012-02-04 22:00:00	1.4	882.7	79200	1328392800	305104	15.11	22	2	5
2012-02-04 23:00:00	1.7	1105.8	82800	1328396400	386057	15.11	23	2	5
2012-02-05 00:00:00	1.7	805.1	0	1328400000	281383	15.11	0	2	6
2012-02-05 01:00:00	1.4	795.4	3600	1328403600	246464	15.11	1	2	6
2012-02-05 02:00:00	1.7	814.8	7200	1328407200	284227	15.11	2	2	6
2012-02-05 03:00:00	1.6	814.8	10800	1328410800	284220	15.11	3	2	6
2012-02-05 04:00:00	1.4	911.8	14400	1328414400	314592	15.11	4	2	6
2012-02-05 05:00:00	1.2	58.2	18000	1328418000	35675	15.11	5	2	6
2012-02-05 06:00:00	0.8	58.2	21600	1328421600	35675	15.11	6	2	6
2012-02-05 07:00:00	1.1	58.2	25200	1328425200	35675	15.11	7	2	6
2012-02-05 08:00:00	0.8	58.2	28800	1328428800	35675	15.11	8	2	6
2012-02-05 09:00:00	0.9	58.2	32400	1328432400	35675	15.11	9	2	6
2012-02-05 10:00:00	1.3	58.2	36000	1328436000	35675	15.11	10	2	6
2012-02-05 11:00:00	1.9	58.2	39600	1328439600	35675	15.11	11	2	6
2012-02-05 12:00:00	2.2	58.2	43200	1328443200	35675	15.11	12	2	6
2012-02-05 13:00:00	2.0	58.2	46800	1328446800	35675	15.11	13	2	6
2012-02-05 14:00:00	2.7	58.2	50400	1328450400	35675	15.11	14	2	6
2012-02-05 15:00:00	2.7	58.2	54000	1328454000	35675	15.11	15	2	6
2012-02-05 16:00:00	2.2	58.2	57600	1328457600	35675	15.11	16	2	6
2012-02-05 17:00:00	1.4	58.2	61200	1328461200	35675	15.11	17	2	6
2012-02-05 18:00:00	0.3	58.2	64800	1328464800	35675	15.11	18	2	6
2012-02-05 19:00:00	-0.3	58.2	68400	1328468400	35675	15.11	19	2	6
2012-02-05 20:00:00	-0.8	58.2	72000	1328472000	35675	15.11	20	2	6
2012-02-05 21:00:00	-1.5	58.2	75600	1328475600	35675	15.11	21	2	6
2012-02-05 22:00:00	-1.3	58.2	79200	1328479200	35675	15.11	22	2	6
2012-02-05 23:00:00	-1.5	58.2	82800	1328482800	35675	15.11	23	2	6
2012-02-06 00:00:00	-1.3	58.2	0	1328486400	35675	15.11	0	2	0
2012-02-06 01:00:00	-1.7	58.2	3600	1328490000	35675	15.11	1	2	0
2012-02-06 02:00:00	-2.6	58.2	7200	1328493600	35675	15.11	2	2	0
2012-02-06 03:00:00	-2.2	58.2	10800	1328497200	35675	15.11	3	2	0
2012-02-06 04:00:00	-2.6	58.2	14400	1328500800	35675	15.11	4	2	0
2012-02-06 05:00:00	-2.2	514.1	18000	1328504400	177721	15.11	5	2	0
2012-02-06 06:00:00	-2.8	523.8	21600	1328508000	181374	15.11	6	2	0
2012-02-06 07:00:00	-1.9	523.8	25200	1328511600	181400	15.11	7	2	0
2012-02-06 08:00:00	0.9	533.5	28800	1328515200	185266	15.11	8	2	0
2012-02-06 09:00:00	2.5	533.5	32400	1328518800	185389	15.11	9	2	0
2012-02-06 10:00:00	3.8	523.8	36000	1328522400	181783	15.11	10	2	0
2012-02-06 11:00:00	4.4	533.5	39600	1328526000	185642	15.11	11	2	0
2012-02-06 12:00:00	4.8	523.8	43200	1328529600	181951	15.11	12	2	0
2012-02-06 13:00:00	4.7	514.1	46800	1328533200	178233	15.11	13	2	0
2012-02-06 14:00:00	4.7	485.0	50400	1328536800	167572	15.11	14	2	0
2012-02-06 15:00:00	4.7	475.3	54000	1328540400	164162	15.11	15	2	0
2012-02-06 16:00:00	4.6	514.1	57600	1328544000	178215	15.11	16	2	0
2012-02-06 17:00:00	3.6	485.0	61200	1328547600	167432	15.11	17	2	0
2012-02-06 18:00:00	3.0	465.6	64800	1328551200	160649	15.11	18	2	0
2012-02-06 19:00:00	2.4	455.9	68400	1328554800	157353	15.11	19	2	0
2012-02-06 20:00:00	1.7	455.9	72000	1328558400	157314	15.11	20	2	0
2012-02-06 21:00:00	1.3	504.4	75600	1328562000	174261	15.11	21	2	0
2012-02-06 22:00:00	1.6	543.2	79200	1328565600	189134	15.11	22	2	0
2012-02-06 23:00:00	0.0	523.8	82800	1328569200	181472	15.11	23	2	0
2012-02-07 00:00:00	0.0	523.8	0	1328572800	181472	15.11	0	2	1
2012-02-07 01:00:00	-0.6	523.8	3600	1328576400	181446	15.11	1	2	1
2012-02-07 02:00:00	-0.1	514.1	7200	1328580000	177795	15.11	2	2	1
2012-02-07 03:00:00	0.6	514.1	10800	1328583600	177828	15.11	3	2	1
2012-02-07 04:00:00	-0.3	514.1	14400	1328587200	177786	15.11	4	2	1
2012-02-07 05:00:00	-0.7	58.2	18000	1328590800	35675	15.11	5	2	1
2012-02-07 06:00:00	-0.7	58.2	21600	1328594400	35675	15.11	6	2	1
2012-02-07 07:00:00	0.2	58.2	25200	1328598000	35675	15.11	7	2	1
2012-02-07 08:00:00	3.2	58.2	28800	1328601600	35675	15.11	8	2	1
2012-02-07 09:00:00	4.3	58.2	32400	1328605200	35675	15.11	9	2	1
2012-02-07 10:00:00	4.7	58.2	36000	1328608800	35675	15.11	10	2	1
2012-02-07 11:00:00	5.3	58.2	39600	1328612400	35675	15.11	11	2	1
2012-02-07 12:00:00	5.5	58.2	43200	1328616000	35675	15.11	12	2	1
2012-02-07 13:00:00	6.0	58.2	46800	1328619600	35675	15.11	13	2	1
2012-02-07 14:00:00	6.3	58.2	50400	1328623200	35675	15.11	14	2	1
2012-02-07 15:00:00	5.7	58.2	54000	1328626800	35675	15.11	15	2	1
2012-02-07 16:00:00	5.3	58.2	57600	1328630400	35675	15.11	16	2	1
2012-02-07 17:00:00	4.5	58.2	61200	1328634000	35675	15.11	17	2	1
2012-02-07 18:00:00	2.9	58.2	64800	1328637600	35675	15.11	18	2	1
2012-02-07 19:00:00	3.5	58.2	68400	1328641200	35675	15.11	19	2	1
2012-02-07 20:00:00	2.7	58.2	72000	1328644800	35675	15.11	20	2	1
2012-02-07 21:00:00	2.2	58.2	75600	1328648400	35675	15.11	21	2	1
2012-02-07 22:00:00	1.6	58.2	79200	1328652000	35675	15.11	22	2	1
2012-02-07 23:00:00	1.6	58.2	82800	1328655600	35675	15.11	23	2	1
2012-02-08 00:00:00	1.3	58.2	0	1328659200	35675	15.11	0	2	2
2012-02-08 01:00:00	-0.8	58.2	3600	1328662800	35675	15.11	1	2	2
2012-02-08 02:00:00	-1.2	58.2	7200	1328666400	35675	15.11	2	2	2
2012-02-08 03:00:00	-1.5	58.2	10800	1328670000	35675	15.11	3	2	2
2012-02-08 04:00:00	0.5	58.2	14400	1328673600	35675	15.11	4	2	2
2012-02-08 05:00:00	0.6	446.2	18000	1328677200	154088	15.11	5	2	2
2012-02-08 06:00:00	0.1	465.6	21600	1328680800	160498	15.11	6	2	2
2012-02-08 07:00:00	0.4	436.5	25200	1328684400	150973	15.11	7	2	2
2012-02-08 08:00:00	1.1	446.2	28800	1328688000	154107	15.11	8	2	2
2012-02-08 09:00:00	0.9	446.2	32400	1328691600	154099	15.11	9	2	2
2012-02-08 10:00:00	1.3	446.2	36000	1328695200	154115	15.11	10	2	2
2012-02-08 11:00:00	1.1	455.9	39600	1328698800	157287	15.11	11	2	2
2012-02-08 12:00:00	1.6	455.9	43200	1328702400	157309	15.11	12	2	2
2012-02-08 13:00:00	1.6	455.9	46800	1328706000	157309	15.11	13	2	2
2012-02-08 14:00:00	1.9	494.7	50400	1328709600	170762	15.11	14	2	2
2012-02-08 15:00:00	2.0	475.3	54000	1328713200	163907	15.11	15	2	2
2012-02-08 16:00:00	1.7	455.9	57600	1328716800	157314	15.11	16	2	2
2012-02-08 17:00:00	1.2	455.9	61200	1328720400	157291	15.11	17	2	2
2012-02-08 18:00:00	0.8	465.6	64800	1328724000	160525	15.11	18	2	2
2012-02-08 19:00:00	1.2	475.3	68400	1328727600	163864	15.11	19	2	2
2012-02-08 20:00:00	1.2	455.9	72000	1328731200	157291	15.11	20	2	2
2012-02-08 21:00:00	1.4	455.9	75600	1328734800	157300	15.11	21	2	2
2012-02-08 22:00:00	1.2	446.2	79200	1328738400	154111	15.11	22	2	2
2012-02-08 23:00:00	0.8	494.7	82800	1328742000	170700	15.11	23	2	2
2012-02-09 00:00:00	1.2	436.5	0	1328745600	151002	15.11	0	2	3
2012-02-09 01:00:00	1.2	446.2	3600	1328749200	154111	15.11	1	2	3
2012-02-09 02:00:00	0.2	446.2	7200	1328752800	154074	15.11	2	2	3
2012-02-09 03:00:00	0.3	436.5	10800	1328756400	150970	15.11	3	2	3
2012-02-09 04:00:00	-0.6	455.9	14400	1328760000	157227	15.11	4	2	3
2012-02-09 05:00:00	-1.9	58.2	18000	1328763600	35675	15.11	5	2	3
2012-02-09 06:00:00	-2.6	58.2	21600	1328767200	35675	15.11	6	2	3
2012-02-09 07:00:00	-2.2	58.2	25200	1328770800	35675	15.11	7	2	3
2012-02-09 08:00:00	-1.3	58.2	28800	1328774400	35675	15.11	8	2	3
2012-02-09 09:00:00	-0.8	58.2	32400	1328778000	35675	15.11	9	2	3
2012-02-09 10:00:00	0.2	58.2	36000	1328781600	35675	15.11	10	2	3
2012-02-09 11:00:00	0.7	58.2	39600	1328785200	35675	15.11	11	2	3
2012-02-09 12:00:00	1.1	58.2	43200	1328788800	35675	15.11	12	2	3
2012-02-09 13:00:00	1.8	58.2	46800	1328792400	35675	15.11	13	2	3
2012-02-09 14:00:00	2.0	58.2	50400	1328796000	35675	15.11	14	2	3
2012-02-09 15:00:00	1.8	58.2	54000	1328799600	35675	15.11	15	2	3
2012-02-09 16:00:00	1.5	58.2	57600	1328803200	35675	15.11	16	2	3
2012-02-09 17:00:00	0.2	58.2	61200	1328806800	35675	15.11	17	2	3
2012-02-09 18:00:00	-1.4	58.2	64800	1328810400	35675	15.11	18	2	3
2012-02-09 19:00:00	-1.7	58.2	68400	1328814000	35675	15.11	19	2	3
2012-02-09 20:00:00	-1.9	58.2	72000	1328817600	35675	15.11	20	2	3
2012-02-09 21:00:00	-1.7	58.2	75600	1328821200	35675	15.11	21	2	3
2012-02-09 22:00:00	-1.5	58.2	79200	1328824800	35675	15.11	22	2	3
2012-02-09 23:00:00	-1.3	58.2	82800	1328828400	35675	15.11	23	2	3
2012-02-10 00:00:00	-1.3	58.2	0	1328832000	35675	15.11	0	2	4
2012-02-10 01:00:00	-1.3	58.2	3600	1328835600	35675	15.11	1	2	4
2012-02-10 02:00:00	-2.0	58.2	7200	1328839200	35675	15.11	2	2	4
2012-02-10 03:00:00	-2.6	58.2	10800	1328842800	35675	15.11	3	2	4
2012-02-10 04:00:00	-2.8	58.2	14400	1328846400	35675	15.11	4	2	4
2012-02-10 05:00:00	-2.4	465.6	18000	1328850000	160429	15.11	5	2	4
2012-02-10 06:00:00	-2.7	688.7	21600	1328853600	254577	15.11	6	2	4
2012-02-10 07:00:00	-1.9	717.8	25200	1328857200	269677	15.11	7	2	4
2012-02-10 08:00:00	-0.2	708.1	28800	1328860800	264739	15.11	8	2	4
2012-02-10 09:00:00	0.6	717.8	32400	1328864400	269933	15.11	9	2	4
2012-02-10 10:00:00	1.2	708.1	36000	1328868000	264920	15.11	10	2	4
2012-02-10 11:00:00	2.0	708.1	39600	1328871600	265061	15.11	11	2	4
2012-02-10 12:00:00	2.3	708.1	43200	1328875200	265124	15.11	12	2	4
2012-02-10 13:00:00	2.3	679.0	46800	1328878800	250219	15.11	13	2	4
2012-02-10 14:00:00	2.5	630.5	50400	1328882400	226846	15.11	14	2	4
2012-02-10 15:00:00	2.6	485.0	54000	1328886000	167344	15.11	15	2	4
2012-02-10 16:00:00	2.2	485.0	57600	1328889600	167315	15.11	16	2	4
2012-02-10 17:00:00	1.9	446.2	61200	1328893200	154143	15.11	17	2	4
2012-02-10 18:00:00	1.9	446.2	64800	1328896800	154143	15.11	18	2	4
2012-02-10 19:00:00	2.3	446.2	68400	1328900400	154164	15.11	19	2	4
2012-02-10 20:00:00	2.2	58.2	72000	1328904000	35675	15.11	20	2	4
2012-02-10 21:00:00	2.5	475.3	75600	1328907600	163939	15.11	21	2	4
2012-02-10 22:00:00	2.5	698.4	79200	1328911200	260127	15.11	22	2	4
2012-02-10 23:00:00	2.0	679.0	82800	1328914800	250165	15.11	23	2	4
2012-02-11 00:00:00	2.0	640.2	0	1328918400	231308	15.11	0	2	5
2012-02-11 01:00:00	1.7	640.2	3600	1328922000	231267	15.11	1	2	5
2012-02-11 02:00:00	0.3	640.2	7200	1328925600	231116	15.11	2	2	5
2012-02-11 03:00:00	0.3	649.9	10800	1328929200	235714	15.11	3	2	5
2012-02-11 04:00:00	0.3	669.3	14400	1328932800	245123	15.11	4	2	5
2012-02-11 05:00:00	0.3	58.2	18000	1328936400	35675	15.11	5	2	5
2012-02-11 06:00:00	0.3	58.2	21600	1328940000	35675	15.11	6	2	5
2012-02-11 07:00:00	0.5	58.2	25200	1328943600	35675	15.11	7	2	5
2012-02-11 08:00:00	0.3	58.2	28800	1328947200	35675	15.11	8	2	5
2012-02-11 09:00:00	1.2	58.2	32400	1328950800	35675	15.11	9	2	5
2012-02-11 10:00:00	2.0	58.2	36000	1328954400	35675	15.11	10	2	5
2012-02-11 11:00:00	2.5	58.2	39600	1328958000	35675	15.11	11	2	5
2012-02-11 12:00:00	2.2	58.2	43200	1328961600	35675	15.11	12	2	5
2012-02-11 13:00:00	1.9	58.2	46800	1328965200	35675	15.11	13	2	5
2012-02-11 14:00:00	2.3	58.2	50400	1328968800	35675	15.11	14	2	5
2012-02-11 15:00:00	1.4	58.2	54000	1328972400	35675	15.11	15	2	5
2012-02-11 16:00:00	-1.2	58.2	57600	1328976000	35675	15.11	16	2	5
2012-02-11 17:00:00	-3.2	58.2	61200	1328979600	35675	15.11	17	2	5
2012-02-11 18:00:00	-3.8	58.2	64800	1328983200	35675	15.11	18	2	5
2012-02-11 19:00:00	-4.5	58.2	68400	1328986800	35675	15.11	19	2	5
2012-02-11 20:00:00	-4.8	58.2	72000	1328990400	35675	15.11	20	2	5
2012-02-11 21:00:00	-5.3	58.2	75600	1328994000	35675	15.11	21	2	5
2012-02-11 22:00:00	-5.7	58.2	79200	1328997600	35675	15.11	22	2	5
2012-02-11 23:00:00	-6.0	58.2	82800	1329001200	35675	15.11	23	2	5
2012-02-12 00:00:00	-6.5	58.2	0	1329004800	35675	15.11	0	2	6
2012-02-12 01:00:00	-6.9	58.2	3600	1329008400	35675	15.11	1	2	6
2012-02-12 02:00:00	-7.5	58.2	7200	1329012000	35675	15.11	2	2	6
2012-02-12 03:00:00	-7.9	58.2	10800	1329015600	35675	15.11	3	2	6
2012-02-12 04:00:00	-7.7	58.2	14400	1329019200	35675	15.11	4	2	6
2012-02-12 05:00:00	-7.4	58.2	18000	1329022800	35675	15.11	5	2	6
2012-02-12 06:00:00	-7.3	58.2	21600	1329026400	35675	15.11	6	2	6
2012-02-12 07:00:00	-6.7	58.2	25200	1329030000	35675	15.11	7	2	6
2012-02-12 08:00:00	-5.9	58.2	28800	1329033600	35675	15.11	8	2	6
2012-02-12 09:00:00	-6.0	814.8	32400	1329037200	283937	15.11	9	2	6
2012-02-12 10:00:00	-5.2	58.2	36000	1329040800	35675	15.11	10	2	6
2012-02-12 11:00:00	-4.4	853.6	39600	1329044400	295675	15.11	11	2	6
2012-02-12 12:00:00	-4.9	863.3	43200	1329048000	298676	15.11	12	2	6
2012-02-12 13:00:00	-4.0	611.1	46800	1329051600	217534	15.11	13	2	6
2012-02-12 14:00:00	-3.6	873.0	50400	1329055200	301761	15.11	14	2	6
2012-02-12 15:00:00	-4.3	465.6	54000	1329058800	160394	15.11	15	2	6
2012-02-12 16:00:00	-4.3	58.2	57600	1329062400	35675	15.11	16	2	6
2012-02-12 17:00:00	-4.7	436.5	61200	1329066000	150869	15.11	17	2	6
2012-02-12 18:00:00	-4.9	436.5	64800	1329069600	150866	15.11	18	2	6
2012-02-12 19:00:00	-5.3	436.5	68400	1329073200	150861	15.11	19	2	6
2012-02-12 20:00:00	-5.8	436.5	72000	1329076800	150856	15.11	20	2	6
2012-02-12 21:00:00	-5.8	58.2	75600	1329080400	35675	15.11	21	2	6
2012-02-12 22:00:00	-6.0	58.2	79200	1329084000	35675	15.11	22	2	6
2012-02-12 23:00:00	-6.0	58.2	82800	1329087600	35675	15.11	23	2	6
2012-02-13 00:00:00	-5.9	58.2	0	1329091200	35675	15.11	0	2	0
2012-02-13 01:00:00	-6.3	58.2	3600	1329094800	35675	15.11	1	2	0
2012-02-13 02:00:00	-6.7	58.2	7200	1329098400	35675	15.11	2	2	0
2012-02-13 03:00:00	-7.4	58.2	10800	1329102000	35675	15.11	3	2	0
2012-02-13 04:00:00	-7.1	58.2	14400	1329105600	35675	15.11	4	2	0
2012-02-13 05:00:00	-6.9	58.2	18000	1329109200	35675	15.11	5	2	0
2012-02-13 06:00:00	-6.9	58.2	21600	1329112800	35675	15.11	6	2	0
2012-02-13 07:00:00	-5.6	58.2	25200	1329116400	35675	15.11	7	2	0
2012-02-13 08:00:00	-3.3	58.2	28800	1329120000	35675	15.11	8	2	0
2012-02-13 09:00:00	-1.7	58.2	32400	1329123600	35675	15.11	9	2	0
2012-02-13 10:00:00	-0.3	58.2	36000	1329127200	35675	15.11	10	2	0
2012-02-13 11:00:00	0.7	58.2	39600	1329130800	35675	15.11	11	2	0
2012-02-13 12:00:00	1.1	58.2	43200	1329134400	35675	15.11	12	2	0
2012-02-13 13:00:00	1.9	58.2	46800	1329138000	35675	15.11	13	2	0
2012-02-13 14:00:00	2.1	58.2	50400	1329141600	35675	15.11	14	2	0
2012-02-13 15:00:00	2.1	58.2	54000	1329145200	35675	15.11	15	2	0
2012-02-13 16:00:00	1.3	58.2	57600	1329148800	35675	15.11	16	2	0
2012-02-13 17:00:00	0.7	58.2	61200	1329152400	35675	15.11	17	2	0
2012-02-13 18:00:00	0.1	58.2	64800	1329156000	35675	15.11	18	2	0
2012-02-13 19:00:00	-0.1	58.2	68400	1329159600	35675	15.11	19	2	0
2012-02-13 20:00:00	-1.3	58.2	72000	1329163200	35675	15.11	20	2	0
2012-02-13 21:00:00	-1.7	58.2	75600	1329166800	35675	15.11	21	2	0
2012-02-13 22:00:00	-1.1	58.2	79200	1329170400	35675	15.11	22	2	0
2012-02-13 23:00:00	-1.5	58.2	82800	1329174000	35675	15.11	23	2	0
2012-02-14 00:00:00	-1.2	58.2	0	1329177600	35675	15.11	0	2	1
2012-02-14 01:00:00	-1.2	58.2	3600	1329181200	35675	15.11	1	2	1
2012-02-14 02:00:00	-1.0	58.2	7200	1329184800	35675	15.11	2	2	1
2012-02-14 03:00:00	-0.9	58.2	10800	1329188400	35675	15.11	3	2	1
2012-02-14 04:00:00	-0.8	58.2	14400	1329192000	35675	15.11	4	2	1
2012-02-14 05:00:00	-0.7	58.2	18000	1329195600	35675	15.11	5	2	1
2012-02-14 06:00:00	-0.8	611.1	21600	1329199200	217674	15.11	6	2	1
2012-02-14 07:00:00	-0.2	649.9	25200	1329202800	235670	15.11	7	2	1
2012-02-14 08:00:00	0.1	737.2	28800	1329206400	287856	15.11	8	2	1
2012-02-14 09:00:00	0.9	785.7	32400	1329210000	248197	15.11	9	2	1
2012-02-14 10:00:00	1.7	882.7	36000	1329213600	305131	15.11	10	2	1
2012-02-14 11:00:00	3.2	921.5	39600	1329217200	318045	15.11	11	2	1
2012-02-14 12:00:00	4.4	882.7	43200	1329220800	305507	15.11	12	2	1
2012-02-14 13:00:00	6.1	892.4	46800	1329224400	309176	15.11	13	2	1
2012-02-14 14:00:00	5.5	911.8	50400	1329228000	315349	15.11	14	2	1
2012-02-14 15:00:00	5.5	591.7	54000	1329231600	210067	15.11	15	2	1
2012-02-14 16:00:00	5.0	58.2	57600	1329235200	35675	15.11	16	2	1
2012-02-14 17:00:00	5.2	485.0	61200	1329238800	167658	15.11	17	2	1
2012-02-14 18:00:00	4.7	485.0	64800	1329242400	167572	15.11	18	2	1
2012-02-14 19:00:00	4.4	485.0	68400	1329246000	167528	15.11	19	2	1
2012-02-14 20:00:00	4.4	465.6	72000	1329249600	160784	15.11	20	2	1
2012-02-14 21:00:00	4.3	58.2	75600	1329253200	35675	15.11	21	2	1
2012-02-14 22:00:00	4.4	58.2	79200	1329256800	35675	15.11	22	2	1
2012-02-14 23:00:00	2.8	58.2	82800	1329260400	35675	15.11	23	2	1
2012-02-15 00:00:00	2.5	58.2	0	1329264000	35675	15.11	0	2	2
2012-02-15 01:00:00	1.6	58.2	3600	1329267600	35675	15.11	1	2	2
2012-02-15 02:00:00	1.8	58.2	7200	1329271200	35675	15.11	2	2	2
2012-02-15 03:00:00	2.5	58.2	10800	1329274800	35675	15.11	3	2	2
2012-02-15 04:00:00	2.5	824.5	14400	1329278400	287176	15.11	4	2	2
2012-02-15 05:00:00	2.9	58.2	18000	1329282000	35675	15.11	5	2	2
2012-02-15 06:00:00	3.4	58.2	21600	1329285600	35675	15.11	6	2	2
2012-02-15 07:00:00	3.7	58.2	25200	1329289200	35675	15.11	7	2	2
2012-02-15 08:00:00	4.6	58.2	28800	1329292800	35675	15.11	8	2	2
2012-02-15 09:00:00	4.8	58.2	32400	1329296400	35675	15.11	9	2	2
2012-02-15 10:00:00	5.2	58.2	36000	1329300000	35675	15.11	10	2	2
2012-02-15 11:00:00	5.5	58.2	39600	1329303600	35675	15.11	11	2	2
2012-02-15 12:00:00	6.0	58.2	43200	1329307200	35675	15.11	12	2	2
2012-02-15 13:00:00	6.3	58.2	46800	1329310800	35675	15.11	13	2	2
2012-02-15 14:00:00	6.1	843.9	50400	1329314400	293759	15.11	14	2	2
2012-02-15 15:00:00	6.1	58.2	54000	1329318000	35675	15.11	15	2	2
2012-02-15 16:00:00	5.8	58.2	57600	1329321600	35675	15.11	16	2	2
2012-02-15 17:00:00	4.4	58.2	61200	1329325200	35675	15.11	17	2	2
2012-02-15 18:00:00	3.5	58.2	64800	1329328800	35675	15.11	18	2	2
2012-02-15 19:00:00	2.0	58.2	68400	1329332400	35675	15.11	19	2	2
2012-02-15 20:00:00	2.3	58.2	72000	1329336000	35675	15.11	20	2	2
2012-02-15 21:00:00	0.8	58.2	75600	1329339600	35675	15.11	21	2	2
2012-02-15 22:00:00	1.0	58.2	79200	1329343200	35675	15.11	22	2	2
2012-02-15 23:00:00	1.0	58.2	82800	1329346800	35675	15.11	23	2	2
2012-02-16 00:00:00	0.3	58.2	0	1329350400	35675	15.11	0	2	3
2012-02-16 01:00:00	0.9	58.2	3600	1329354000	35675	15.11	1	2	3
2012-02-16 02:00:00	1.2	58.2	7200	1329357600	35675	15.11	2	2	3
2012-02-16 03:00:00	1.7	58.2	10800	1329361200	35675	15.11	3	2	3
2012-02-16 04:00:00	2.1	58.2	14400	1329364800	35675	15.11	4	2	3
2012-02-16 05:00:00	3.0	475.3	18000	1329368400	163977	15.11	5	2	3
2012-02-16 06:00:00	2.7	698.4	21600	1329372000	260172	15.11	6	2	3
2012-02-16 07:00:00	3.2	698.4	25200	1329375600	260288	15.11	7	2	3
2012-02-16 08:00:00	4.4	698.4	28800	1329379200	260598	15.11	8	2	3
2012-02-16 09:00:00	5.0	756.6	32400	1329382800	266768	15.11	9	2	3
2012-02-16 10:00:00	5.2	756.6	36000	1329386400	266837	15.11	10	2	3
2012-02-16 11:00:00	5.7	776.0	39600	1329390000	253054	15.11	11	2	3
2012-02-16 12:00:00	5.9	766.3	43200	1329393600	258718	15.11	12	2	3
2012-02-16 13:00:00	6.4	727.5	46800	1329397200	276673	15.11	13	2	3
2012-02-16 14:00:00	6.6	727.5	50400	1329400800	276772	15.11	14	2	3
2012-02-16 15:00:00	6.6	533.5	54000	1329404400	186254	15.11	15	2	3
2012-02-16 16:00:00	6.4	504.4	57600	1329408000	175038	15.11	16	2	3
2012-02-16 17:00:00	6.4	465.6	61200	1329411600	161165	15.11	17	2	3
2012-02-16 18:00:00	6.1	465.6	64800	1329415200	161084	15.11	18	2	3
2012-02-16 19:00:00	6.1	465.6	68400	1329418800	161084	15.11	19	2	3
2012-02-16 20:00:00	4.7	455.9	72000	1329422400	157556	15.11	20	2	3
2012-02-16 21:00:00	3.6	485.0	75600	1329426000	167432	15.11	21	2	3
2012-02-16 22:00:00	3.3	688.7	79200	1329429600	255341	15.11	22	2	3
2012-02-16 23:00:00	3.6	669.3	82800	1329433200	245681	15.11	23	2	3
2012-02-17 00:00:00	3.0	698.4	0	1329436800	260241	15.11	0	2	4
2012-02-17 01:00:00	3.0	649.9	3600	1329440400	236090	15.11	1	2	4
2012-02-17 02:00:00	3.8	649.9	7200	1329444000	236278	15.11	2	2	4
2012-02-17 03:00:00	3.6	640.2	10800	1329447600	231607	15.11	3	2	4
2012-02-17 04:00:00	3.6	679.0	14400	1329451200	250513	15.11	4	2	4
2012-02-17 05:00:00	3.3	58.2	18000	1329454800	35675	15.11	5	2	4
2012-02-17 06:00:00	2.2	58.2	21600	1329458400	35675	15.11	6	2	4
2012-02-17 07:00:00	3.0	58.2	25200	1329462000	35675	15.11	7	2	4
2012-02-17 08:00:00	6.2	58.2	28800	1329465600	35675	15.11	8	2	4
2012-02-17 09:00:00	5.6	58.2	32400	1329469200	35675	15.11	9	2	4
2012-02-17 10:00:00	5.9	58.2	36000	1329472800	35675	15.11	10	2	4
2012-02-17 11:00:00	6.0	58.2	39600	1329476400	35675	15.11	11	2	4
2012-02-17 12:00:00	5.3	58.2	43200	1329480000	35675	15.11	12	2	4
2012-02-17 13:00:00	4.8	58.2	46800	1329483600	35675	15.11	13	2	4
2012-02-17 14:00:00	5.7	58.2	50400	1329487200	35675	15.11	14	2	4
2012-02-17 15:00:00	5.1	58.2	54000	1329490800	35675	15.11	15	2	4
2012-02-17 16:00:00	4.1	58.2	57600	1329494400	35675	15.11	16	2	4
2012-02-17 17:00:00	3.7	58.2	61200	1329498000	35675	15.11	17	2	4
2012-02-17 18:00:00	2.2	58.2	64800	1329501600	35675	15.11	18	2	4
2012-02-17 19:00:00	1.4	58.2	68400	1329505200	35675	15.11	19	2	4
2012-02-17 20:00:00	0.0	58.2	72000	1329508800	35675	15.11	20	2	4
2012-02-17 21:00:00	0.9	58.2	75600	1329512400	35675	15.11	21	2	4
2012-02-17 22:00:00	0.1	58.2	79200	1329516000	35675	15.11	22	2	4
2012-02-17 23:00:00	0.4	58.2	82800	1329519600	35675	15.11	23	2	4
2012-02-18 00:00:00	0.8	58.2	0	1329523200	35675	15.11	0	2	5
2012-02-18 01:00:00	0.1	58.2	3600	1329526800	35675	15.11	1	2	5
2012-02-18 02:00:00	-0.8	58.2	7200	1329530400	35675	15.11	2	2	5
2012-02-18 03:00:00	-1.7	58.2	10800	1329534000	35675	15.11	3	2	5
2012-02-18 04:00:00	-1.7	58.2	14400	1329537600	35675	15.11	4	2	5
2012-02-18 05:00:00	-2.4	58.2	18000	1329541200	35675	15.11	5	2	5
2012-02-18 06:00:00	-2.0	58.2	21600	1329544800	35675	15.11	6	2	5
2012-02-18 07:00:00	-1.5	417.1	25200	1329548400	144925	15.11	7	2	5
2012-02-18 08:00:00	2.0	436.5	28800	1329552000	151037	15.11	8	2	5
2012-02-18 09:00:00	2.2	417.1	32400	1329555600	145036	15.11	9	2	5
2012-02-18 10:00:00	3.6	417.1	36000	1329559200	145114	15.11	10	2	5
2012-02-18 11:00:00	4.7	426.8	39600	1329562800	148186	15.11	11	2	5
2012-02-18 12:00:00	5.2	446.2	43200	1329566400	154428	15.11	12	2	5
2012-02-18 13:00:00	6.2	436.5	46800	1329570000	151475	15.11	13	2	5
2012-02-18 14:00:00	6.1	436.5	50400	1329573600	151454	15.11	14	2	5
2012-02-18 15:00:00	6.7	436.5	54000	1329577200	151598	15.11	15	2	5
2012-02-18 16:00:00	6.9	58.2	57600	1329580800	35675	15.11	16	2	5
2012-02-18 17:00:00	5.7	436.5	61200	1329584400	151378	15.11	17	2	5
2012-02-18 18:00:00	4.8	446.2	64800	1329588000	154374	15.11	18	2	5
2012-02-18 19:00:00	5.3	436.5	68400	1329591600	151315	15.11	19	2	5
2012-02-18 20:00:00	4.7	436.5	72000	1329595200	151238	15.11	20	2	5
2012-02-18 21:00:00	3.2	58.2	75600	1329598800	35675	15.11	21	2	5
2012-02-18 22:00:00	2.3	58.2	79200	1329602400	35675	15.11	22	2	5
2012-02-18 23:00:00	1.5	58.2	82800	1329606000	35675	15.11	23	2	5
2012-02-19 00:00:00	0.6	58.2	0	1329609600	35675	15.11	0	2	6
2012-02-19 01:00:00	0.1	58.2	3600	1329613200	35675	15.11	1	2	6
2012-02-19 02:00:00	-0.2	58.2	7200	1329616800	35675	15.11	2	2	6
2012-02-19 03:00:00	-0.3	58.2	10800	1329620400	35675	15.11	3	2	6
2012-02-19 04:00:00	-0.7	58.2	14400	1329624000	35675	15.11	4	2	6
2012-02-19 05:00:00	-1.0	58.2	18000	1329627600	35675	15.11	5	2	6
2012-02-19 06:00:00	-0.8	58.2	21600	1329631200	35675	15.11	6	2	6
2012-02-19 08:00:00	0.2	58.2	28800	1329638400	35675	15.11	8	2	6
2012-02-19 09:00:00	0.6	58.2	32400	1329642000	35675	15.11	9	2	6
2012-02-19 10:00:00	0.7	58.2	36000	1329645600	35675	15.11	10	2	6
2012-02-19 11:00:00	1.2	58.2	39600	1329649200	35675	15.11	11	2	6
2012-02-19 12:00:00	1.7	58.2	43200	1329652800	35675	15.11	12	2	6
2012-02-19 13:00:00	2.0	58.2	46800	1329656400	35675	15.11	13	2	6
2012-02-19 14:00:00	1.9	58.2	50400	1329660000	35675	15.11	14	2	6
2012-02-19 15:00:00	1.9	58.2	54000	1329663600	35675	15.11	15	2	6
2012-02-19 16:00:00	2.0	58.2	57600	1329667200	35675	15.11	16	2	6
2012-02-19 17:00:00	1.7	58.2	61200	1329670800	35675	15.11	17	2	6
2012-02-19 18:00:00	2.0	58.2	64800	1329674400	35675	15.11	18	2	6
2012-02-19 19:00:00	1.7	58.2	68400	1329678000	35675	15.11	19	2	6
2012-02-19 20:00:00	1.7	58.2	72000	1329681600	35675	15.11	20	2	6
2012-02-19 21:00:00	1.7	58.2	75600	1329685200	35675	15.11	21	2	6
2012-02-19 22:00:00	1.5	58.2	79200	1329688800	35675	15.11	22	2	6
2012-02-19 23:00:00	1.2	58.2	82800	1329692400	35675	15.11	23	2	6
2012-02-20 00:00:00	0.9	58.2	0	1329696000	35675	15.11	0	2	0
2012-02-20 01:00:00	0.4	58.2	3600	1329699600	35675	15.11	1	2	0
2012-02-20 02:00:00	-0.3	58.2	7200	1329703200	35675	15.11	2	2	0
2012-02-20 03:00:00	-0.8	58.2	10800	1329706800	35675	15.11	3	2	0
2012-02-20 04:00:00	-0.8	58.2	14400	1329710400	35675	15.11	4	2	0
2012-02-20 05:00:00	-1.2	58.2	18000	1329714000	35675	15.11	5	2	0
2012-02-20 06:00:00	-1.5	58.2	21600	1329717600	35675	15.11	6	2	0
2012-02-20 07:00:00	-1.5	58.2	25200	1329721200	35675	15.11	7	2	0
2012-02-20 08:00:00	-1.0	58.2	28800	1329724800	35675	15.11	8	2	0
2012-02-20 09:00:00	0.0	58.2	32400	1329728400	35675	15.11	9	2	0
2012-02-20 10:00:00	0.7	58.2	36000	1329732000	35675	15.11	10	2	0
2012-02-20 11:00:00	1.4	58.2	39600	1329735600	35675	15.11	11	2	0
2012-02-20 12:00:00	1.9	58.2	43200	1329739200	35675	15.11	12	2	0
2012-02-20 13:00:00	2.5	58.2	46800	1329742800	35675	15.11	13	2	0
2012-02-20 14:00:00	2.7	58.2	50400	1329746400	35675	15.11	14	2	0
2012-02-20 15:00:00	3.0	58.2	54000	1329750000	35675	15.11	15	2	0
2012-02-20 16:00:00	2.8	58.2	57600	1329753600	35675	15.11	16	2	0
2012-02-20 17:00:00	1.6	58.2	61200	1329757200	35675	15.11	17	2	0
2012-02-20 18:00:00	1.1	58.2	64800	1329760800	35675	15.11	18	2	0
2012-02-20 19:00:00	0.4	58.2	68400	1329764400	35675	15.11	19	2	0
2012-02-20 20:00:00	0.0	58.2	72000	1329768000	35675	15.11	20	2	0
2012-02-20 21:00:00	-2.2	58.2	75600	1329771600	35675	15.11	21	2	0
2012-02-20 22:00:00	-2.9	58.2	79200	1329775200	35675	15.11	22	2	0
2012-02-20 23:00:00	-2.9	58.2	82800	1329778800	35675	15.11	23	2	0
2012-02-21 00:00:00	-3.3	58.2	0	1329782400	35675	15.11	0	2	1
2012-02-21 01:00:00	-3.6	58.2	3600	1329786000	35675	15.11	1	2	1
2012-02-21 02:00:00	-3.8	58.2	7200	1329789600	35675	15.11	2	2	1
2012-02-21 03:00:00	-4.0	58.2	10800	1329793200	35675	15.11	3	2	1
2012-02-21 04:00:00	-4.7	58.2	14400	1329796800	35675	15.11	4	2	1
2012-02-21 05:00:00	-4.7	465.6	18000	1329800400	160388	15.11	5	2	1
2012-02-21 06:00:00	-5.6	58.2	21600	1329804000	35675	15.11	6	2	1
2012-02-21 07:00:00	-2.0	426.8	25200	1329807600	147878	15.11	7	2	1
2012-02-21 08:00:00	0.1	572.3	28800	1329811200	200910	15.11	8	2	1
2012-02-21 09:00:00	2.2	591.7	32400	1329814800	209369	15.11	9	2	1
2012-02-21 10:00:00	2.2	630.5	36000	1329818400	226801	15.11	10	2	1
2012-02-21 11:00:00	3.1	902.1	39600	1329822000	311587	15.11	11	2	1
2012-02-21 12:00:00	3.1	543.2	43200	1329825600	189280	15.11	12	2	1
2012-02-21 13:00:00	3.6	979.7	46800	1329829200	338312	15.11	13	2	1
2012-02-21 14:00:00	3.7	543.2	50400	1329832800	189362	15.11	14	2	1
2012-02-21 15:00:00	4.0	475.3	54000	1329836400	164072	15.11	15	2	1
2012-02-21 16:00:00	4.0	455.9	57600	1329840000	157477	15.11	16	2	1
2012-02-21 17:00:00	3.9	436.5	61200	1329843600	151159	15.11	17	2	1
2012-02-21 18:00:00	3.5	446.2	64800	1329847200	154243	15.11	18	2	1
2012-02-21 19:00:00	3.0	436.5	68400	1329850800	151092	15.11	19	2	1
2012-02-21 20:00:00	4.2	436.5	72000	1329854400	151186	15.11	20	2	1
2012-02-21 21:00:00	4.9	455.9	75600	1329858000	157583	15.11	21	2	1
2012-02-21 22:00:00	4.6	533.5	79200	1329861600	185681	15.11	22	2	1
2012-02-21 23:00:00	4.0	562.6	82800	1329865200	197293	15.11	23	2	1
2012-02-22 00:00:00	3.9	58.2	0	1329868800	35675	15.11	0	2	2
2012-02-22 01:00:00	4.1	58.2	3600	1329872400	35675	15.11	1	2	2
2012-02-22 02:00:00	4.1	58.2	7200	1329876000	35675	15.11	2	2	2
2012-02-22 03:00:00	3.5	58.2	10800	1329879600	35675	15.11	3	2	2
2012-02-22 04:00:00	2.4	58.2	14400	1329883200	35675	15.11	4	2	2
2012-02-22 05:00:00	2.0	58.2	18000	1329886800	35675	15.11	5	2	2
2012-02-22 06:00:00	2.4	58.2	21600	1329890400	35675	15.11	6	2	2
2012-02-22 07:00:00	3.8	58.2	25200	1329894000	35675	15.11	7	2	2
2012-02-22 08:00:00	5.2	58.2	28800	1329897600	35675	15.11	8	2	2
2012-02-22 09:00:00	6.9	58.2	32400	1329901200	35675	15.11	9	2	2
2012-02-22 10:00:00	7.9	58.2	36000	1329904800	35675	15.11	10	2	2
2012-02-22 11:00:00	7.2	58.2	39600	1329908400	35675	15.11	11	2	2
2012-02-22 12:00:00	7.5	58.2	43200	1329912000	35675	15.11	12	2	2
2012-02-22 13:00:00	7.9	58.2	46800	1329915600	35675	15.11	13	2	2
2012-02-22 14:00:00	8.2	58.2	50400	1329919200	35675	15.11	14	2	2
2012-02-22 15:00:00	7.7	58.2	54000	1329922800	35675	15.11	15	2	2
2012-02-22 16:00:00	8.4	58.2	57600	1329926400	35675	15.11	16	2	2
2012-02-22 17:00:00	8.1	58.2	61200	1329930000	35675	15.11	17	2	2
2012-02-22 18:00:00	7.5	58.2	64800	1329933600	35675	15.11	18	2	2
2012-02-22 19:00:00	7.4	58.2	68400	1329937200	35675	15.11	19	2	2
2012-02-22 20:00:00	7.1	58.2	72000	1329940800	35675	15.11	20	2	2
2012-02-22 21:00:00	6.9	58.2	75600	1329944400	35675	15.11	21	2	2
2012-02-22 22:00:00	7.7	58.2	79200	1329948000	35675	15.11	22	2	2
2012-02-22 23:00:00	8.4	58.2	82800	1329951600	35675	15.11	23	2	2
2012-02-23 00:00:00	8.8	58.2	0	1329955200	35675	15.11	0	2	3
2012-02-23 01:00:00	9.2	58.2	3600	1329958800	35675	15.11	1	2	3
2012-02-23 02:00:00	8.6	58.2	7200	1329962400	35675	15.11	2	2	3
2012-02-23 03:00:00	8.3	58.2	10800	1329966000	35675	15.11	3	2	3
2012-02-23 04:00:00	8.1	58.2	14400	1329969600	35675	15.11	4	2	3
2012-02-23 05:00:00	7.8	436.5	18000	1329973200	151992	15.11	5	2	3
2012-02-23 06:00:00	7.5	446.2	21600	1329976800	155029	15.11	6	2	3
2012-02-23 07:00:00	8.1	436.5	25200	1329980400	152120	15.11	7	2	3
2012-02-23 08:00:00	8.9	455.9	28800	1329984000	158909	15.11	8	2	3
2012-02-23 09:00:00	9.0	475.3	32400	1329987600	165655	15.11	9	2	3
2012-02-23 10:00:00	8.9	475.3	36000	1329991200	165595	15.11	10	2	3
2012-02-23 11:00:00	9.0	485.0	39600	1329994800	169106	15.11	11	2	3
2012-02-23 12:00:00	9.1	475.3	43200	1329998400	165717	15.11	12	2	3
2012-02-23 13:00:00	9.5	465.6	46800	1330002000	162607	15.11	13	2	3
2012-02-23 14:00:00	9.6	446.2	50400	1330005600	156114	15.11	14	2	3
2012-02-23 15:00:00	9.4	446.2	54000	1330009200	155975	15.11	15	2	3
2012-02-23 16:00:00	8.6	436.5	57600	1330012800	152353	15.11	16	2	3
2012-02-23 17:00:00	7.9	446.2	61200	1330016400	155193	15.11	17	2	3
2012-02-23 18:00:00	7.7	446.2	64800	1330020000	155110	15.11	18	2	3
2012-02-23 19:00:00	6.3	436.5	68400	1330023600	151497	15.11	19	2	3
2012-02-23 20:00:00	7.3	436.5	72000	1330027200	151793	15.11	20	2	3
2012-02-23 21:00:00	7.0	436.5	75600	1330030800	151688	15.11	21	2	3
2012-02-23 22:00:00	7.5	446.2	79200	1330034400	155029	15.11	22	2	3
2012-02-23 23:00:00	7.2	465.6	82800	1330038000	161439	15.11	23	2	3
2012-02-24 00:00:00	8.4	446.2	0	1330041600	155418	15.11	0	2	4
2012-02-24 01:00:00	9.4	455.9	3600	1330045200	159219	15.11	1	2	4
2012-02-24 02:00:00	9.6	446.2	7200	1330048800	156114	15.11	2	2	4
2012-02-24 03:00:00	7.4	446.2	10800	1330052400	154990	15.11	3	2	4
2012-02-24 04:00:00	6.5	446.2	14400	1330056000	154689	15.11	4	2	4
2012-02-24 05:00:00	7.0	58.2	18000	1330059600	35675	15.11	5	2	4
2012-02-24 06:00:00	6.2	58.2	21600	1330063200	35675	15.11	6	2	4
2012-02-24 07:00:00	5.9	58.2	25200	1330066800	35675	15.11	7	2	4
2012-02-24 08:00:00	6.1	58.2	28800	1330070400	35675	15.11	8	2	4
2012-02-24 09:00:00	6.9	58.2	32400	1330074000	35675	15.11	9	2	4
2012-02-24 10:00:00	7.5	58.2	36000	1330077600	35675	15.11	10	2	4
2012-02-24 11:00:00	7.8	504.4	39600	1330081200	175577	15.11	11	2	4
2012-02-24 12:00:00	8.3	601.4	43200	1330084800	215570	15.11	12	2	4
2012-02-24 13:00:00	8.3	659.6	46800	1330088400	242872	15.11	13	2	4
2012-02-24 14:00:00	8.6	58.2	50400	1330092000	35675	15.11	14	2	4
2012-02-24 15:00:00	8.6	58.2	54000	1330095600	35675	15.11	15	2	4
2012-02-24 16:00:00	8.8	58.2	57600	1330099200	35675	15.11	16	2	4
2012-02-24 17:00:00	8.8	58.2	61200	1330102800	35675	15.11	17	2	4
2012-02-24 18:00:00	8.6	58.2	64800	1330106400	35675	15.11	18	2	4
2012-02-24 19:00:00	8.6	58.2	68400	1330110000	35675	15.11	19	2	4
2012-02-24 20:00:00	5.5	58.2	72000	1330113600	35675	15.11	20	2	4
2012-02-24 21:00:00	3.7	58.2	75600	1330117200	35675	15.11	21	2	4
2012-02-24 22:00:00	2.9	58.2	79200	1330120800	35675	15.11	22	2	4
2012-02-24 23:00:00	2.5	58.2	82800	1330124400	35675	15.11	23	2	4
2012-02-25 00:00:00	2.0	58.2	0	1330128000	35675	15.11	0	2	5
2012-02-25 01:00:00	1.3	58.2	3600	1330131600	35675	15.11	1	2	5
2012-02-25 02:00:00	1.2	58.2	7200	1330135200	35675	15.11	2	2	5
2012-02-25 03:00:00	0.7	58.2	10800	1330138800	35675	15.11	3	2	5
2012-02-25 04:00:00	0.4	58.2	14400	1330142400	35675	15.11	4	2	5
2012-02-25 05:00:00	0.4	446.2	18000	1330146000	154081	15.11	5	2	5
2012-02-25 06:00:00	0.0	58.2	21600	1330149600	35675	15.11	6	2	5
2012-02-25 07:00:00	0.4	58.2	25200	1330153200	35675	15.11	7	2	5
2012-02-25 08:00:00	0.7	58.2	28800	1330156800	35675	15.11	8	2	5
2012-02-25 09:00:00	0.7	58.2	32400	1330160400	35675	15.11	9	2	5
2012-02-25 10:00:00	1.2	58.2	36000	1330164000	35675	15.11	10	2	5
2012-02-25 11:00:00	0.6	58.2	39600	1330167600	35675	15.11	11	2	5
2012-02-25 12:00:00	0.6	58.2	43200	1330171200	35675	15.11	12	2	5
2012-02-25 13:00:00	0.6	58.2	46800	1330174800	35675	15.11	13	2	5
2012-02-25 14:00:00	0.1	58.2	50400	1330178400	35675	15.11	14	2	5
2012-02-25 15:00:00	0.3	58.2	54000	1330182000	35675	15.11	15	2	5
2012-02-25 16:00:00	-0.2	446.2	57600	1330185600	154062	15.11	16	2	5
2012-02-25 17:00:00	-1.0	58.2	61200	1330189200	35675	15.11	17	2	5
2012-02-25 18:00:00	-1.4	58.2	64800	1330192800	35675	15.11	18	2	5
2012-02-25 19:00:00	-1.6	58.2	68400	1330196400	35675	15.11	19	2	5
2012-02-25 20:00:00	-1.4	58.2	72000	1330200000	35675	15.11	20	2	5
2012-02-25 21:00:00	-1.6	446.2	75600	1330203600	154025	15.11	21	2	5
2012-02-25 22:00:00	-1.8	446.2	79200	1330207200	154021	15.11	22	2	5
2012-02-25 23:00:00	-1.5	58.2	82800	1330210800	35675	15.11	23	2	5
2012-02-26 00:00:00	-1.7	58.2	0	1330214400	35675	15.11	0	2	6
2012-02-26 01:00:00	-1.5	58.2	3600	1330218000	35675	15.11	1	2	6
2012-02-26 02:00:00	-1.3	58.2	7200	1330221600	35675	15.11	2	2	6
2012-02-26 03:00:00	-1.0	58.2	10800	1330225200	35675	15.11	3	2	6
2012-02-26 04:00:00	-1.7	58.2	14400	1330228800	35675	15.11	4	2	6
2012-02-26 05:00:00	-1.8	58.2	18000	1330232400	35675	15.11	5	2	6
2012-02-26 06:00:00	-2.2	58.2	21600	1330236000	35675	15.11	6	2	6
2012-02-26 07:00:00	-0.8	58.2	25200	1330239600	35675	15.11	7	2	6
2012-02-26 08:00:00	0.0	58.2	28800	1330243200	35675	15.11	8	2	6
2012-02-26 09:00:00	0.7	58.2	32400	1330246800	35675	15.11	9	2	6
2012-02-26 10:00:00	1.4	58.2	36000	1330250400	35675	15.11	10	2	6
2012-02-26 11:00:00	2.0	58.2	39600	1330254000	35675	15.11	11	2	6
2012-02-26 12:00:00	2.3	58.2	43200	1330257600	35675	15.11	12	2	6
2012-02-26 13:00:00	2.5	58.2	46800	1330261200	35675	15.11	13	2	6
2012-02-26 14:00:00	2.8	58.2	50400	1330264800	35675	15.11	14	2	6
2012-02-26 15:00:00	2.7	58.2	54000	1330268400	35675	15.11	15	2	6
2012-02-26 16:00:00	2.2	58.2	57600	1330272000	35675	15.11	16	2	6
2012-02-26 17:00:00	1.7	58.2	61200	1330275600	35675	15.11	17	2	6
2012-02-26 18:00:00	1.4	58.2	64800	1330279200	35675	15.11	18	2	6
2012-02-26 19:00:00	0.9	58.2	68400	1330282800	35675	15.11	19	2	6
2012-02-26 20:00:00	0.4	58.2	72000	1330286400	35675	15.11	20	2	6
2012-02-26 21:00:00	0.5	58.2	75600	1330290000	35675	15.11	21	2	6
2012-02-26 22:00:00	0.3	58.2	79200	1330293600	35675	15.11	22	2	6
2012-02-26 23:00:00	-1.3	58.2	82800	1330297200	35675	15.11	23	2	6
2012-02-27 00:00:00	-1.7	58.2	0	1330300800	35675	15.11	0	2	0
2012-02-27 01:00:00	-2.0	58.2	3600	1330304400	35675	15.11	1	2	0
2012-02-27 02:00:00	-2.0	58.2	7200	1330308000	35675	15.11	2	2	0
2012-02-27 03:00:00	-2.9	58.2	10800	1330311600	35675	15.11	3	2	0
2012-02-27 04:00:00	-4.4	58.2	14400	1330315200	35675	15.11	4	2	0
2012-02-27 05:00:00	-2.9	58.2	18000	1330318800	35675	15.11	5	2	0
2012-02-27 06:00:00	-2.2	58.2	21600	1330322400	35675	15.11	6	2	0
2012-02-27 07:00:00	0.7	58.2	25200	1330326000	35675	15.11	7	2	0
2012-02-27 08:00:00	1.9	533.5	28800	1330329600	185337	15.11	8	2	0
2012-02-27 09:00:00	3.8	601.4	32400	1330333200	213881	15.11	9	2	0
2012-02-27 10:00:00	4.8	688.7	36000	1330336800	255740	15.11	10	2	0
2012-02-27 11:00:00	6.0	688.7	39600	1330340400	256146	15.11	11	2	0
2012-02-27 12:00:00	7.1	679.0	43200	1330344000	251728	15.11	12	2	0
2012-02-27 13:00:00	7.7	669.3	46800	1330347600	247226	15.11	13	2	0
2012-02-27 14:00:00	8.0	669.3	50400	1330351200	247435	15.11	14	2	0
2012-02-27 15:00:00	8.4	649.9	54000	1330354800	238223	15.11	15	2	0
2012-02-27 16:00:00	8.1	58.2	57600	1330358400	35675	15.11	16	2	0
2012-02-27 17:00:00	7.8	659.6	61200	1330362000	242501	15.11	17	2	0
2012-02-27 18:00:00	7.7	649.9	64800	1330365600	237720	15.11	18	2	0
2012-02-27 19:00:00	7.3	649.9	68400	1330369200	237493	15.11	19	2	0
2012-02-27 20:00:00	6.9	659.6	72000	1330372800	242002	15.11	20	2	0
2012-02-27 21:00:00	6.6	58.2	75600	1330376400	35675	15.11	21	2	0
2012-02-27 22:00:00	6.1	58.2	79200	1330380000	35675	15.11	22	2	0
2012-02-27 23:00:00	4.9	58.2	82800	1330383600	35675	15.11	23	2	0
2012-02-28 00:00:00	4.7	58.2	0	1330387200	35675	15.11	0	2	1
2012-02-28 01:00:00	3.9	58.2	3600	1330390800	35675	15.11	1	2	1
2012-02-28 02:00:00	3.1	58.2	7200	1330394400	35675	15.11	2	2	1
2012-02-28 03:00:00	1.7	58.2	10800	1330398000	35675	15.11	3	2	1
2012-02-28 04:00:00	0.7	58.2	14400	1330401600	35675	15.11	4	2	1
2012-02-28 05:00:00	0.2	58.2	18000	1330405200	35675	15.11	5	2	1
2012-02-28 06:00:00	-0.5	58.2	21600	1330408800	35675	15.11	6	2	1
2012-02-28 07:00:00	0.2	58.2	25200	1330412400	35675	15.11	7	2	1
2012-02-28 08:00:00	1.2	58.2	28800	1330416000	35675	15.11	8	2	1
2012-02-28 09:00:00	1.7	58.2	32400	1330419600	35675	15.11	9	2	1
2012-02-28 10:00:00	2.7	58.2	36000	1330423200	35675	15.11	10	2	1
2012-02-28 11:00:00	3.3	58.2	39600	1330426800	35675	15.11	11	2	1
2012-02-28 12:00:00	3.9	58.2	43200	1330430400	35675	15.11	12	2	1
2012-02-28 13:00:00	4.2	58.2	46800	1330434000	35675	15.11	13	2	1
2012-02-28 14:00:00	4.8	58.2	50400	1330437600	35675	15.11	14	2	1
2012-02-28 15:00:00	4.9	58.2	54000	1330441200	35675	15.11	15	2	1
2012-02-28 16:00:00	4.6	58.2	57600	1330444800	35675	15.11	16	2	1
2012-02-28 17:00:00	3.7	58.2	61200	1330448400	35675	15.11	17	2	1
2012-02-28 18:00:00	3.0	58.2	64800	1330452000	35675	15.11	18	2	1
2012-02-28 19:00:00	2.7	58.2	68400	1330455600	35675	15.11	19	2	1
2012-02-28 20:00:00	2.5	58.2	72000	1330459200	35675	15.11	20	2	1
2012-02-28 21:00:00	2.5	58.2	75600	1330462800	35675	15.11	21	2	1
2012-02-28 22:00:00	1.9	58.2	79200	1330466400	35675	15.11	22	2	1
2012-02-28 23:00:00	1.4	58.2	82800	1330470000	35675	15.11	23	2	1
2012-02-29 00:00:00	0.9	58.2	0	1330473600	35675	15.11	0	2	2
2012-02-29 01:00:00	0.6	58.2	3600	1330477200	35675	15.11	1	2	2
2012-02-29 02:00:00	0.3	58.2	7200	1330480800	35675	15.11	2	2	2
2012-02-29 03:00:00	0.0	58.2	10800	1330484400	35675	15.11	3	2	2
2012-02-29 04:00:00	0.9	58.2	14400	1330488000	35675	15.11	4	2	2
2012-02-29 05:00:00	1.8	58.2	18000	1330491600	35675	15.11	5	2	2
2012-02-29 06:00:00	2.8	58.2	21600	1330495200	35675	15.11	6	2	2
2012-02-29 07:00:00	4.1	58.2	25200	1330498800	35675	15.11	7	2	2
2012-02-29 08:00:00	4.5	58.2	28800	1330502400	35675	15.11	8	2	2
2012-02-29 09:00:00	5.0	58.2	32400	1330506000	35675	15.11	9	2	2
2012-02-29 10:00:00	5.8	58.2	36000	1330509600	35675	15.11	10	2	2
2012-02-29 11:00:00	6.4	58.2	39600	1330513200	35675	15.11	11	2	2
2012-02-29 12:00:00	8.3	58.2	43200	1330516800	35675	15.11	12	2	2
2012-02-29 13:00:00	8.3	58.2	46800	1330520400	35675	15.11	13	2	2
2012-02-29 14:00:00	8.8	58.2	50400	1330524000	35675	15.11	14	2	2
2012-02-29 15:00:00	9.7	58.2	54000	1330527600	35675	15.11	15	2	2
2012-02-29 16:00:00	9.7	58.2	57600	1330531200	35675	15.11	16	2	2
2012-02-29 17:00:00	9.4	58.2	61200	1330534800	35675	15.11	17	2	2
2012-02-29 18:00:00	9.7	58.2	64800	1330538400	35675	15.11	18	2	2
2012-02-29 19:00:00	9.1	58.2	68400	1330542000	35675	15.11	19	2	2
2012-02-29 20:00:00	8.8	58.2	72000	1330545600	35675	15.11	20	2	2
2012-02-29 21:00:00	9.4	58.2	75600	1330549200	35675	15.11	21	2	2
2012-02-29 22:00:00	10.2	58.2	79200	1330552800	35675	15.11	22	2	2
2012-02-29 23:00:00	11.3	58.2	82800	1330556400	35675	15.11	23	2	2
