	Twet	Load	Hour(s)	TimeStamp(s)	Power	Tset	Hour	month	DayofWeek
2011-04-01 00:00:00	3.6	58.2	0	1301616000	35675	15.11	0	4	4
2011-04-01 01:00:00	3.0	58.2	3600	1301619600	35675	15.11	1	4	4
2011-04-01 02:00:00	2.8	58.2	7200	1301623200	35675	15.11	2	4	4
2011-04-01 03:00:00	2.5	58.2	10800	1301626800	35675	15.11	3	4	4
2011-04-01 04:00:00	2.3	58.2	14400	1301630400	35675	15.11	4	4	4
2011-04-01 05:00:00	1.7	58.2	18000	1301634000	35675	15.11	5	4	4
2011-04-01 06:00:00	2.3	58.2	21600	1301637600	35675	15.11	6	4	4
2011-04-01 07:00:00	3.1	58.2	25200	1301641200	35675	15.11	7	4	4
2011-04-01 08:00:00	4.0	58.2	28800	1301644800	35675	15.11	8	4	4
2011-04-01 09:00:00	4.4	58.2	32400	1301648400	35675	15.11	9	4	4
2011-04-01 10:00:00	4.7	58.2	36000	1301652000	35675	15.11	10	4	4
2011-04-01 11:00:00	4.3	58.2	39600	1301655600	35675	15.11	11	4	4
2011-04-01 12:00:00	4.1	58.2	43200	1301659200	35675	15.11	12	4	4
2011-04-01 13:00:00	4.7	58.2	46800	1301662800	35675	15.11	13	4	4
2011-04-01 14:00:00	4.5	58.2	50400	1301666400	35675	15.11	14	4	4
2011-04-01 15:00:00	3.9	58.2	54000	1301670000	35675	15.11	15	4	4
2011-04-01 16:00:00	4.5	58.2	57600	1301673600	35675	15.11	16	4	4
2011-04-01 17:00:00	4.0	58.2	61200	1301677200	35675	15.11	17	4	4
2011-04-01 18:00:00	3.7	58.2	64800	1301680800	35675	15.11	18	4	4
2011-04-01 19:00:00	3.4	58.2	68400	1301684400	35675	15.11	19	4	4
2011-04-01 20:00:00	3.1	58.2	72000	1301688000	35675	15.11	20	4	4
2011-04-01 21:00:00	2.8	58.2	75600	1301691600	35675	15.11	21	4	4
2011-04-01 22:00:00	2.5	58.2	79200	1301695200	35675	15.11	22	4	4
2011-04-01 23:00:00	2.5	58.2	82800	1301698800	35675	15.11	23	4	4
2011-04-02 00:00:00	1.8	58.2	0	1301702400	35675	15.11	0	4	5
2011-04-02 01:00:00	1.5	58.2	3600	1301706000	35675	15.11	1	4	5
2011-04-02 02:00:00	0.9	58.2	7200	1301709600	35675	15.11	2	4	5
2011-04-02 03:00:00	-0.2	58.2	10800	1301713200	35675	15.11	3	4	5
2011-04-02 04:00:00	-0.2	58.2	14400	1301716800	35675	15.11	4	4	5
2011-04-02 05:00:00	0.1	58.2	18000	1301720400	35675	15.11	5	4	5
2011-04-02 06:00:00	1.7	58.2	21600	1301724000	35675	15.11	6	4	5
2011-04-02 07:00:00	3.0	58.2	25200	1301727600	35675	15.11	7	4	5
2011-04-02 08:00:00	4.1	58.2	28800	1301731200	35675	15.11	8	4	5
2011-04-02 09:00:00	5.3	58.2	32400	1301734800	35675	15.11	9	4	5
2011-04-02 10:00:00	5.8	58.2	36000	1301738400	35675	15.11	10	4	5
2011-04-02 11:00:00	5.5	58.2	39600	1301742000	35675	15.11	11	4	5
2011-04-02 12:00:00	6.4	58.2	43200	1301745600	35675	15.11	12	4	5
2011-04-02 13:00:00	4.0	58.2	46800	1301749200	35675	15.11	13	4	5
2011-04-02 14:00:00	7.3	58.2	50400	1301752800	35675	15.11	14	4	5
2011-04-02 15:00:00	6.5	58.2	54000	1301756400	35675	15.11	15	4	5
2011-04-02 16:00:00	5.5	58.2	57600	1301760000	35675	15.11	16	4	5
2011-04-02 17:00:00	5.0	58.2	61200	1301763600	35675	15.11	17	4	5
2011-04-02 18:00:00	3.9	58.2	64800	1301767200	35675	15.11	18	4	5
2011-04-02 19:00:00	4.0	58.2	68400	1301770800	35675	15.11	19	4	5
2011-04-02 20:00:00	3.6	58.2	72000	1301774400	35675	15.11	20	4	5
2011-04-02 21:00:00	3.5	58.2	75600	1301778000	35675	15.11	21	4	5
2011-04-02 22:00:00	3.2	58.2	79200	1301781600	35675	15.11	22	4	5
2011-04-02 23:00:00	2.9	58.2	82800	1301785200	35675	15.11	23	4	5
2011-04-03 00:00:00	2.9	58.2	0	1301788800	35675	15.11	0	4	6
2011-04-03 01:00:00	2.2	58.2	3600	1301792400	35675	15.11	1	4	6
2011-04-03 02:00:00	2.2	58.2	7200	1301796000	35675	15.11	2	4	6
2011-04-03 03:00:00	2.2	58.2	10800	1301799600	35675	15.11	3	4	6
2011-04-03 04:00:00	2.0	58.2	14400	1301803200	35675	15.11	4	4	6
2011-04-03 05:00:00	1.7	58.2	18000	1301806800	35675	15.11	5	4	6
2011-04-03 06:00:00	2.9	58.2	21600	1301810400	35675	15.11	6	4	6
2011-04-03 07:00:00	4.4	58.2	25200	1301814000	35675	15.11	7	4	6
2011-04-03 08:00:00	5.4	58.2	28800	1301817600	35675	15.11	8	4	6
2011-04-03 09:00:00	5.8	58.2	32400	1301821200	35675	15.11	9	4	6
2011-04-03 10:00:00	5.9	58.2	36000	1301824800	35675	15.11	10	4	6
2011-04-03 11:00:00	6.5	58.2	39600	1301828400	35675	15.11	11	4	6
2011-04-03 12:00:00	6.8	58.2	43200	1301832000	35675	15.11	12	4	6
2011-04-03 13:00:00	7.4	58.2	46800	1301835600	35675	15.11	13	4	6
2011-04-03 14:00:00	6.6	58.2	50400	1301839200	35675	15.11	14	4	6
2011-04-03 15:00:00	6.5	58.2	54000	1301842800	35675	15.11	15	4	6
2011-04-03 16:00:00	6.4	485.0	57600	1301846400	167957	15.11	16	4	6
2011-04-03 17:00:00	6.5	58.2	61200	1301850000	35675	15.11	17	4	6
2011-04-03 18:00:00	6.2	58.2	64800	1301853600	35675	15.11	18	4	6
2011-04-03 19:00:00	6.0	58.2	68400	1301857200	35675	15.11	19	4	6
2011-04-03 20:00:00	6.5	58.2	72000	1301860800	35675	15.11	20	4	6
2011-04-03 21:00:00	6.6	58.2	75600	1301864400	35675	15.11	21	4	6
2011-04-03 22:00:00	6.7	58.2	79200	1301868000	35675	15.11	22	4	6
2011-04-03 23:00:00	6.6	58.2	82800	1301871600	35675	15.11	23	4	6
2011-04-04 00:00:00	6.8	58.2	0	1301875200	35675	15.11	0	4	0
2011-04-04 01:00:00	6.8	58.2	3600	1301878800	35675	15.11	1	4	0
2011-04-04 02:00:00	7.0	58.2	7200	1301882400	35675	15.11	2	4	0
2011-04-04 03:00:00	6.1	58.2	10800	1301886000	35675	15.11	3	4	0
2011-04-04 04:00:00	5.8	58.2	14400	1301889600	35675	15.11	4	4	0
2011-04-04 05:00:00	6.1	58.2	18000	1301893200	35675	15.11	5	4	0
2011-04-04 06:00:00	6.6	58.2	21600	1301896800	35675	15.11	6	4	0
2011-04-04 07:00:00	8.6	58.2	25200	1301900400	35675	15.11	7	4	0
2011-04-04 08:00:00	10.2	58.2	28800	1301904000	35675	15.11	8	4	0
2011-04-04 09:00:00	12.2	58.2	32400	1301907600	35950	15.11	9	4	0
2011-04-04 10:00:00	12.4	58.2	36000	1301911200	36013	15.11	10	4	0
2011-04-04 11:00:00	13.8	58.2	39600	1301914800	38299	16.11	11	4	0
2011-04-04 12:00:00	15.1	58.2	43200	1301918400	40564	17.11	12	4	0
2011-04-04 13:00:00	15.5	921.5	46800	1301922000	386432	18.11	13	4	0
2011-04-04 14:00:00	15.7	572.3	50400	1301925600	258825	15.11	14	4	0
2011-04-04 15:00:00	15.9	717.8	54000	1301929200	337529	15.11	15	4	0
2011-04-04 16:00:00	15.5	776.0	57600	1301932800	369098	15.11	16	4	0
2011-04-04 17:00:00	14.9	756.6	61200	1301936400	342998	18.11	17	4	0
2011-04-04 18:00:00	14.7	727.5	64800	1301940000	322795	18.11	18	4	0
2011-04-04 19:00:00	14.4	679.0	68400	1301943600	291913	17.11	19	4	0
2011-04-04 20:00:00	14.6	475.3	72000	1301947200	192608	17.11	20	4	0
2011-04-04 21:00:00	16.0	58.2	75600	1301950800	42090	18.11	21	4	0
2011-04-04 22:00:00	15.5	436.5	79200	1301954400	183845	18.11	22	4	0
2011-04-04 23:00:00	15.5	426.8	82800	1301958000	180254	18.11	23	4	0
2011-04-05 00:00:00	15.5	436.5	0	1301961600	183845	18.11	0	4	1
2011-04-05 01:00:00	16.2	436.5	3600	1301965200	189534	19.11	1	4	1
2011-04-05 02:00:00	16.3	58.2	7200	1301968800	42648	18.11	2	4	1
2011-04-05 03:00:00	16.8	58.2	10800	1301972400	43638	18.11	3	4	1
2011-04-05 04:00:00	14.3	58.2	14400	1301976000	39237	16.11	4	4	1
2011-04-05 05:00:00	14.3	58.2	18000	1301979600	39237	16.11	5	4	1
2011-04-05 06:00:00	14.2	58.2	21600	1301983200	39080	16.11	6	4	1
2011-04-05 07:00:00	10.2	58.2	25200	1301986800	35675	15.11	7	4	1
2011-04-05 08:00:00	8.0	58.2	28800	1301990400	35675	15.11	8	4	1
2011-04-05 09:00:00	7.5	58.2	32400	1301994000	35675	15.11	9	4	1
2011-04-05 10:00:00	5.6	58.2	36000	1301997600	35675	15.11	10	4	1
2011-04-05 11:00:00	4.9	58.2	39600	1302001200	35675	15.11	11	4	1
2011-04-05 12:00:00	5.5	58.2	43200	1302004800	35675	15.11	12	4	1
2011-04-05 13:00:00	6.0	591.7	46800	1302008400	210228	15.11	13	4	1
2011-04-05 14:00:00	5.6	58.2	50400	1302012000	35675	15.11	14	4	1
2011-04-05 15:00:00	5.8	58.2	54000	1302015600	35675	15.11	15	4	1
2011-04-05 16:00:00	5.1	58.2	57600	1302019200	35675	15.11	16	4	1
2011-04-05 17:00:00	5.0	436.5	61200	1302022800	151274	15.11	17	4	1
2011-04-05 18:00:00	3.1	58.2	64800	1302026400	35675	15.11	18	4	1
2011-04-05 19:00:00	2.6	407.4	68400	1302030000	142155	15.11	19	4	1
2011-04-05 20:00:00	2.0	58.2	72000	1302033600	35675	15.11	20	4	1
2011-04-05 21:00:00	1.8	58.2	75600	1302037200	35675	15.11	21	4	1
2011-04-05 22:00:00	1.5	388.0	79200	1302040800	136527	15.11	22	4	1
2011-04-05 23:00:00	1.4	475.3	82800	1302044400	163874	15.11	23	4	1
2011-04-06 00:00:00	0.7	58.2	0	1302048000	35675	15.11	0	4	2
2011-04-06 01:00:00	0.7	58.2	3600	1302051600	35675	15.11	1	4	2
2011-04-06 02:00:00	0.7	58.2	7200	1302055200	35675	15.11	2	4	2
2011-04-06 03:00:00	0.7	58.2	10800	1302058800	35675	15.11	3	4	2
2011-04-06 04:00:00	0.4	58.2	14400	1302062400	35675	15.11	4	4	2
2011-04-06 05:00:00	-0.3	58.2	18000	1302066000	35675	15.11	5	4	2
2011-04-06 06:00:00	1.3	58.2	21600	1302069600	35675	15.11	6	4	2
2011-04-06 07:00:00	3.5	58.2	25200	1302073200	35675	15.11	7	4	2
2011-04-06 08:00:00	4.4	58.2	28800	1302076800	35675	15.11	8	4	2
2011-04-06 09:00:00	5.7	58.2	32400	1302080400	35675	15.11	9	4	2
2011-04-06 10:00:00	5.8	426.8	36000	1302084000	148334	15.11	10	4	2
2011-04-06 11:00:00	6.7	58.2	39600	1302087600	35675	15.11	11	4	2
2011-04-06 12:00:00	6.7	58.2	43200	1302091200	35675	15.11	12	4	2
2011-04-06 13:00:00	7.6	698.4	46800	1302094800	261953	15.11	13	4	2
2011-04-06 14:00:00	8.3	436.5	50400	1302098400	152210	15.11	14	4	2
2011-04-06 15:00:00	8.6	455.9	54000	1302102000	158749	15.11	15	4	2
2011-04-06 16:00:00	8.9	436.5	57600	1302105600	152508	15.11	16	4	2
2011-04-06 17:00:00	8.6	436.5	61200	1302109200	152353	15.11	17	4	2
2011-04-06 18:00:00	8.1	446.2	64800	1302112800	155280	15.11	18	4	2
2011-04-06 19:00:00	7.5	426.8	68400	1302116400	148781	15.11	19	4	2
2011-04-06 20:00:00	7.3	426.8	72000	1302120000	148707	15.11	20	4	2
2011-04-06 21:00:00	7.2	58.2	75600	1302123600	35675	15.11	21	4	2
2011-04-06 22:00:00	6.3	426.8	79200	1302127200	148429	15.11	22	4	2
2011-04-06 23:00:00	7.6	426.8	82800	1302130800	148821	15.11	23	4	2
2011-04-07 00:00:00	7.0	417.1	0	1302134400	145600	15.11	0	4	3
2011-04-07 01:00:00	6.2	407.4	3600	1302138000	142491	15.11	1	4	3
2011-04-07 02:00:00	6.0	58.2	7200	1302141600	35675	15.11	2	4	3
2011-04-07 03:00:00	5.7	58.2	10800	1302145200	35675	15.11	3	4	3
2011-04-07 04:00:00	5.7	58.2	14400	1302148800	35675	15.11	4	4	3
2011-04-07 05:00:00	5.4	58.2	18000	1302152400	35675	15.11	5	4	3
2011-04-07 06:00:00	5.7	58.2	21600	1302156000	35675	15.11	6	4	3
2011-04-07 07:00:00	6.2	58.2	25200	1302159600	35675	15.11	7	4	3
2011-04-07 08:00:00	7.3	58.2	28800	1302163200	35675	15.11	8	4	3
2011-04-07 09:00:00	7.9	58.2	32400	1302166800	35675	15.11	9	4	3
2011-04-07 10:00:00	8.9	485.0	36000	1302170400	169044	15.11	10	4	3
2011-04-07 11:00:00	10.0	58.2	39600	1302174000	35675	15.11	11	4	3
2011-04-07 12:00:00	10.5	58.2	43200	1302177600	35675	15.11	12	4	3
2011-04-07 13:00:00	11.0	446.2	46800	1302181200	157736	15.11	13	4	3
2011-04-07 14:00:00	11.0	58.2	50400	1302184800	35675	15.11	14	4	3
2011-04-07 15:00:00	10.5	465.6	54000	1302188400	163613	15.11	15	4	3
2011-04-07 16:00:00	10.0	436.5	57600	1302192000	153249	15.11	16	4	3
2011-04-07 17:00:00	9.7	582.0	61200	1302195600	208342	15.11	17	4	3
2011-04-07 18:00:00	9.7	58.2	64800	1302199200	35675	15.11	18	4	3
2011-04-07 19:00:00	9.7	58.2	68400	1302202800	35675	15.11	19	4	3
2011-04-07 20:00:00	8.6	58.2	72000	1302206400	35675	15.11	20	4	3
2011-04-07 21:00:00	7.3	58.2	75600	1302210000	35675	15.11	21	4	3
2011-04-07 22:00:00	6.2	58.2	79200	1302213600	35675	15.11	22	4	3
2011-04-07 23:00:00	6.2	58.2	82800	1302217200	35675	15.11	23	4	3
2011-04-08 00:00:00	6.2	58.2	0	1302220800	35675	15.11	0	4	4
2011-04-08 01:00:00	5.9	58.2	3600	1302224400	35675	15.11	1	4	4
2011-04-08 02:00:00	6.2	388.0	7200	1302228000	136863	15.11	2	4	4
2011-04-08 03:00:00	6.4	475.3	10800	1302231600	164525	15.11	3	4	4
2011-04-08 04:00:00	6.4	417.1	14400	1302235200	145454	15.11	4	4	4
2011-04-08 05:00:00	6.6	58.2	18000	1302238800	35675	15.11	5	4	4
2011-04-08 06:00:00	6.6	58.2	21600	1302242400	35675	15.11	6	4	4
2011-04-08 07:00:00	6.9	58.2	25200	1302246000	35675	15.11	7	4	4
2011-04-08 08:00:00	6.9	58.2	28800	1302249600	35675	15.11	8	4	4
2011-04-08 09:00:00	7.0	58.2	32400	1302253200	35675	15.11	9	4	4
2011-04-08 10:00:00	7.0	407.4	36000	1302256800	142666	15.11	10	4	4
2011-04-08 11:00:00	7.0	58.2	39600	1302260400	35675	15.11	11	4	4
2011-04-08 12:00:00	6.7	58.2	43200	1302264000	35675	15.11	12	4	4
2011-04-08 13:00:00	6.7	543.2	46800	1302267600	190146	15.11	13	4	4
2011-04-08 14:00:00	6.9	388.0	50400	1302271200	136992	15.11	14	4	4
2011-04-08 15:00:00	6.1	58.2	54000	1302274800	35675	15.11	15	4	4
2011-04-08 16:00:00	5.6	426.8	57600	1302278400	148302	15.11	16	4	4
2011-04-08 17:00:00	5.3	397.7	61200	1302282000	139518	15.11	17	4	4
2011-04-08 18:00:00	4.8	388.0	64800	1302285600	136701	15.11	18	4	4
2011-04-08 19:00:00	5.3	388.0	68400	1302289200	136748	15.11	19	4	4
2011-04-08 20:00:00	5.6	58.2	72000	1302292800	35675	15.11	20	4	4
2011-04-08 21:00:00	5.3	407.4	75600	1302296400	142360	15.11	21	4	4
2011-04-08 22:00:00	5.3	58.2	79200	1302300000	35675	15.11	22	4	4
2011-04-08 23:00:00	5.3	58.2	82800	1302303600	35675	15.11	23	4	4
2011-04-09 00:00:00	5.3	58.2	0	1302307200	35675	15.11	0	4	5
2011-04-09 01:00:00	5.3	58.2	3600	1302310800	35675	15.11	1	4	5
2011-04-09 02:00:00	5.0	58.2	7200	1302314400	35675	15.11	2	4	5
2011-04-09 03:00:00	5.3	58.2	10800	1302318000	35675	15.11	3	4	5
2011-04-09 04:00:00	5.3	58.2	14400	1302321600	35675	15.11	4	4	5
2011-04-09 05:00:00	5.3	58.2	18000	1302325200	35675	15.11	5	4	5
2011-04-09 06:00:00	5.6	58.2	21600	1302328800	35675	15.11	6	4	5
2011-04-09 07:00:00	5.9	58.2	25200	1302332400	35675	15.11	7	4	5
2011-04-09 08:00:00	6.1	58.2	28800	1302336000	35675	15.11	8	4	5
2011-04-09 09:00:00	6.4	58.2	32400	1302339600	35675	15.11	9	4	5
2011-04-09 10:00:00	7.0	58.2	36000	1302343200	35675	15.11	10	4	5
2011-04-09 11:00:00	7.6	58.2	39600	1302346800	35675	15.11	11	4	5
2011-04-09 12:00:00	8.1	58.2	43200	1302350400	35675	15.11	12	4	5
2011-04-09 13:00:00	8.6	523.8	46800	1302354000	183365	15.11	13	4	5
2011-04-09 14:00:00	8.6	446.2	50400	1302357600	155516	15.11	14	4	5
2011-04-09 15:00:00	8.6	679.0	54000	1302361200	252844	15.11	15	4	5
2011-04-09 16:00:00	8.6	475.3	57600	1302364800	165427	15.11	16	4	5
2011-04-09 17:00:00	8.6	485.0	61200	1302368400	168873	15.11	17	4	5
2011-04-09 18:00:00	8.6	485.0	64800	1302372000	168873	15.11	18	4	5
2011-04-09 19:00:00	8.6	58.2	68400	1302375600	35675	15.11	19	4	5
2011-04-09 20:00:00	8.6	397.7	72000	1302379200	140403	15.11	20	4	5
2011-04-09 21:00:00	8.9	58.2	75600	1302382800	35675	15.11	21	4	5
2011-04-09 22:00:00	8.6	58.2	79200	1302386400	35675	15.11	22	4	5
2011-04-09 23:00:00	8.6	58.2	82800	1302390000	35675	15.11	23	4	5
2011-04-10 00:00:00	8.6	58.2	0	1302393600	35675	15.11	0	4	6
2011-04-10 01:00:00	8.6	58.2	3600	1302397200	35675	15.11	1	4	6
2011-04-10 02:00:00	8.6	58.2	7200	1302400800	35675	15.11	2	4	6
2011-04-10 03:00:00	8.8	58.2	10800	1302404400	35675	15.11	3	4	6
2011-04-10 04:00:00	8.8	58.2	14400	1302408000	35675	15.11	4	4	6
2011-04-10 05:00:00	8.8	58.2	18000	1302411600	35675	15.11	5	4	6
2011-04-10 06:00:00	8.8	58.2	21600	1302415200	35675	15.11	6	4	6
2011-04-10 07:00:00	9.1	58.2	25200	1302418800	35675	15.11	7	4	6
2011-04-10 08:00:00	9.7	58.2	28800	1302422400	35675	15.11	8	4	6
2011-04-10 09:00:00	9.9	58.2	32400	1302426000	35675	15.11	9	4	6
2011-04-10 10:00:00	10.2	58.2	36000	1302429600	35675	15.11	10	4	6
2011-04-10 11:00:00	11.0	58.2	39600	1302433200	35675	15.11	11	4	6
2011-04-10 12:00:00	11.8	58.2	43200	1302436800	35675	15.11	12	4	6
2011-04-10 13:00:00	13.0	58.2	46800	1302440400	36903	15.11	13	4	6
2011-04-10 14:00:00	13.5	58.2	50400	1302444000	37713	15.11	14	4	6
2011-04-10 15:00:00	13.3	58.2	54000	1302447600	37354	15.11	15	4	6
2011-04-10 16:00:00	13.0	58.2	57600	1302451200	36903	15.11	16	4	6
2011-04-10 17:00:00	12.8	58.2	61200	1302454800	36420	15.11	17	4	6
2011-04-10 18:00:00	12.3	58.2	64800	1302458400	35977	15.11	18	4	6
2011-04-10 19:00:00	12.1	58.2	68400	1302462000	35930	15.11	19	4	6
2011-04-10 20:00:00	11.3	58.2	72000	1302465600	35675	15.11	20	4	6
2011-04-10 21:00:00	11.0	58.2	75600	1302469200	35675	15.11	21	4	6
2011-04-10 22:00:00	10.2	58.2	79200	1302472800	35675	15.11	22	4	6
2011-04-10 23:00:00	11.0	58.2	82800	1302476400	35675	15.11	23	4	6
2011-04-11 00:00:00	12.4	58.2	0	1302480000	36013	15.11	0	4	0
2011-04-11 01:00:00	12.9	58.2	3600	1302483600	36665	15.11	1	4	0
2011-04-11 02:00:00	13.8	58.2	7200	1302487200	38299	16.11	2	4	0
2011-04-11 03:00:00	13.8	58.2	10800	1302490800	38299	16.11	3	4	0
2011-04-11 04:00:00	13.8	58.2	14400	1302494400	38299	16.11	4	4	0
2011-04-11 05:00:00	14.1	58.2	18000	1302498000	38924	16.11	5	4	0
2011-04-11 06:00:00	15.1	58.2	21600	1302501600	40564	17.11	6	4	0
2011-04-11 07:00:00	15.9	58.2	25200	1302505200	42007	18.11	7	4	0
2011-04-11 08:00:00	16.8	58.2	28800	1302508800	43638	18.11	8	4	0
2011-04-11 09:00:00	17.5	58.2	32400	1302512400	44586	19.11	9	4	0
2011-04-11 10:00:00	18.8	58.2	36000	1302516000	46646	20.11	10	4	0
2011-04-11 11:00:00	19.4	58.2	39600	1302519600	47120	21.11	11	4	0
2011-04-11 12:00:00	19.5	58.2	43200	1302523200	47326	21.11	12	4	0
2011-04-11 13:00:00	19.9	960.3	46800	1302526800	458457	22.11	13	4	0
2011-04-11 14:00:00	20.5	426.8	50400	1302530400	209843	23.11	14	4	0
2011-04-11 15:00:00	20.3	436.5	54000	1302534000	213200	23.11	15	4	0
2011-04-11 16:00:00	20.2	446.2	57600	1302537600	216909	23.11	16	4	0
2011-04-11 17:00:00	20.3	455.9	61200	1302541200	221150	23.11	17	4	0
2011-04-11 18:00:00	20.0	446.2	64800	1302544800	215247	22.11	18	4	0
2011-04-11 19:00:00	19.9	58.2	68400	1302548400	48091	22.11	19	4	0
2011-04-11 20:00:00	19.4	397.7	72000	1302552000	193939	22.11	20	4	0
2011-04-11 21:00:00	17.2	58.2	75600	1302555600	43947	19.11	21	4	0
2011-04-11 22:00:00	16.3	494.7	79200	1302559200	213210	19.11	22	4	0
2011-04-11 23:00:00	15.7	58.2	82800	1302562800	41754	17.11	23	4	0
2011-04-12 00:00:00	15.3	58.2	0	1302566400	41014	17.11	0	4	1
2011-04-12 01:00:00	15.1	446.2	3600	1302570000	185570	18.11	1	4	1
2011-04-12 02:00:00	15.1	58.2	7200	1302573600	40564	17.11	2	4	1
2011-04-12 03:00:00	14.9	58.2	10800	1302577200	40247	17.11	3	4	1
2011-04-12 04:00:00	14.7	58.2	14400	1302580800	40002	16.11	4	4	1
2011-04-12 05:00:00	14.7	58.2	18000	1302584400	40002	16.11	5	4	1
2011-04-12 06:00:00	14.5	58.2	21600	1302588000	39583	16.11	6	4	1
2011-04-12 07:00:00	13.6	58.2	25200	1302591600	37922	15.11	7	4	1
2011-04-12 08:00:00	12.4	58.2	28800	1302595200	36013	15.11	8	4	1
2011-04-12 09:00:00	12.9	58.2	32400	1302598800	36665	15.11	9	4	1
2011-04-12 10:00:00	14.0	1076.7	36000	1302602400	430111	17.11	10	4	1
2011-04-12 11:00:00	14.7	858.45	39600	1302606000	350798	17.11	11	4	1
2011-04-12 12:00:00	13.3	858.45	43200	1302609600	329738	16.11	12	4	1
2011-04-12 13:00:00	13.4	858.45	46800	1302613200	331034	16.11	13	4	1
2011-04-12 14:00:00	13.2	58.2	50400	1302616800	37195	15.11	14	4	1
2011-04-12 15:00:00	12.6	58.2	54000	1302620400	36139	15.11	15	4	1
2011-04-12 16:00:00	11.5	1149.45	57600	1302624000	421150	15.11	16	4	1
2011-04-12 17:00:00	11.3	800.25	61200	1302627600	286948	15.11	17	4	1
2011-04-12 18:00:00	11.0	814.8	64800	1302631200	290382	15.11	18	4	1
2011-04-12 19:00:00	10.2	58.2	68400	1302634800	35675	15.11	19	4	1
2011-04-12 20:00:00	9.9	58.2	72000	1302638400	35675	15.11	20	4	1
2011-04-12 21:00:00	10.2	1178.55	75600	1302642000	424777	15.11	21	4	1
2011-04-12 22:00:00	9.9	58.2	79200	1302645600	35675	15.11	22	4	1
2011-04-12 23:00:00	9.9	58.2	82800	1302649200	35675	15.11	23	4	1
2011-04-13 00:00:00	9.9	58.2	0	1302652800	35675	15.11	0	4	2
2011-04-13 01:00:00	9.1	58.2	3600	1302656400	35675	15.11	1	4	2
2011-04-13 02:00:00	8.8	1222.2	7200	1302660000	440657	15.11	2	4	2
2011-04-13 03:00:00	8.8	1193.1	10800	1302663600	427561	15.11	3	4	2
2011-04-13 04:00:00	8.8	1222.2	14400	1302667200	440657	15.11	4	4	2
2011-04-13 05:00:00	8.8	1033.05	18000	1302670800	361357	15.11	5	4	2
2011-04-13 06:00:00	9.1	1018.5	21600	1302674400	356224	15.11	6	4	2
2011-04-13 07:00:00	9.1	1353.15	25200	1302678000	504427	15.11	7	4	2
2011-04-13 08:00:00	8.8	742.05	28800	1302681600	288682	15.11	8	4	2
2011-04-13 09:00:00	9.1	742.05	32400	1302685200	289185	15.11	9	4	2
2011-04-13 10:00:00	9.7	620.8	36000	1302688800	225903	15.11	10	4	2
2011-04-13 11:00:00	9.7	679.0	39600	1302692400	254500	15.11	11	4	2
2011-04-13 12:00:00	10.7	698.4	43200	1302696000	268130	15.11	12	4	2
2011-04-13 13:00:00	11.0	776.0	46800	1302699600	264258	15.11	13	4	2
2011-04-13 14:00:00	10.7	814.8	50400	1302703200	289575	15.11	14	4	2
2011-04-13 15:00:00	11.0	824.5	54000	1302706800	293385	15.11	15	4	2
2011-04-13 16:00:00	10.4	776.0	57600	1302710400	260497	15.11	16	4	2
2011-04-13 17:00:00	10.7	824.5	61200	1302714000	292556	15.11	17	4	2
2011-04-13 18:00:00	9.9	766.3	64800	1302717600	263913	15.11	18	4	2
2011-04-13 19:00:00	9.4	591.7	68400	1302721200	212232	15.11	19	4	2
2011-04-13 20:00:00	9.1	494.7	72000	1302724800	172695	15.11	20	4	2
2011-04-13 21:00:00	8.6	591.7	75600	1302728400	211482	15.11	21	4	2
2011-04-13 22:00:00	8.9	514.1	79200	1302732000	179821	15.11	22	4	2
2011-04-13 23:00:00	7.8	514.1	82800	1302735600	179227	15.11	23	4	2
2011-04-14 00:00:00	7.5	494.7	0	1302739200	171870	15.11	0	4	3
2011-04-14 01:00:00	6.1	485.0	3600	1302742800	167867	15.11	1	4	3
2011-04-14 02:00:00	6.4	591.7	7200	1302746400	210367	15.11	2	4	3
2011-04-14 03:00:00	5.3	582.0	10800	1302750000	205803	15.11	3	4	3
2011-04-14 04:00:00	5.6	552.9	14400	1302753600	193703	15.11	4	4	3
2011-04-14 05:00:00	5.3	562.6	18000	1302757200	197606	15.11	5	4	3
2011-04-14 06:00:00	7.5	562.6	21600	1302760800	198396	15.11	6	4	3
2011-04-14 07:00:00	8.7	582.0	25200	1302764400	207324	15.11	7	4	3
2011-04-14 08:00:00	9.7	620.8	28800	1302768000	225903	15.11	8	4	3
2011-04-14 09:00:00	10.3	562.6	32400	1302771600	200943	15.11	9	4	3
2011-04-14 10:00:00	10.9	1062.15	36000	1302775200	378362	15.11	10	4	3
2011-04-14 11:00:00	10.9	1236.75	39600	1302778800	455951	15.11	11	4	3
2011-04-14 12:00:00	11.2	1353.15	43200	1302782400	518576	15.11	12	4	3
2011-04-14 13:00:00	11.2	1469.55	46800	1302786000	583863	15.11	13	4	3
2011-04-14 14:00:00	11.7	1484.1	50400	1302789600	605929	15.11	14	4	3
2011-04-14 15:00:00	11.3	58.2	54000	1302793200	35675	15.11	15	4	3
2011-04-14 16:00:00	11.5	58.2	57600	1302796800	35675	15.11	16	4	3
2011-04-14 17:00:00	11.2	58.2	61200	1302800400	35675	15.11	17	4	3
2011-04-14 18:00:00	10.4	1469.55	64800	1302804000	573916	15.11	18	4	3
2011-04-14 19:00:00	9.4	1455.0	68400	1302807600	559401	15.11	19	4	3
2011-04-14 20:00:00	8.5	1294.95	72000	1302811200	474260	15.11	20	4	3
2011-04-14 21:00:00	8.5	1091.25	75600	1302814800	383902	15.11	21	4	3
2011-04-14 22:00:00	8.2	1236.75	79200	1302818400	446376	15.11	22	4	3
2011-04-14 23:00:00	7.3	1193.1	82800	1302822000	425715	15.11	23	4	3
2011-04-15 00:00:00	7.6	1222.2	0	1302825600	439021	15.11	0	4	4
2011-04-15 01:00:00	6.8	1178.55	3600	1302829200	418908	15.11	1	4	4
2011-04-15 02:00:00	7.9	1047.6	7200	1302832800	365979	15.11	2	4	4
2011-04-15 03:00:00	6.2	1222.2	10800	1302836400	437822	15.11	3	4	4
2011-04-15 04:00:00	7.1	1134.9	14400	1302840000	400489	15.11	4	4	4
2011-04-15 05:00:00	7.2	1120.35	18000	1302843600	394508	15.11	5	4	4
2011-04-15 06:00:00	8.2	1120.35	21600	1302847200	395475	15.11	6	4	4
2011-04-15 07:00:00	9.2	1062.15	25200	1302850800	373252	15.11	7	4	4
2011-04-15 08:00:00	9.5	1091.25	28800	1302854400	385476	15.11	8	4	4
2011-04-15 09:00:00	9.7	1193.1	32400	1302858000	429563	15.11	9	4	4
2011-04-15 10:00:00	10.2	465.6	36000	1302861600	163241	15.11	10	4	4
2011-04-15 11:00:00	10.5	717.8	39600	1302865200	277856	15.11	11	4	4
2011-04-15 12:00:00	11.2	679.0	43200	1302868800	260598	15.11	12	4	4
2011-04-15 13:00:00	11.7	698.4	46800	1302872400	275634	15.11	13	4	4
2011-04-15 14:00:00	11.7	746.9	50400	1302876000	295484	15.11	14	4	4
2011-04-15 15:00:00	11.5	776.0	54000	1302879600	268733	15.11	15	4	4
2011-04-15 16:00:00	10.5	766.3	57600	1302883200	266497	15.11	16	4	4
2011-04-15 17:00:00	9.4	727.5	61200	1302886800	279708	15.11	17	4	4
2011-04-15 18:00:00	8.1	727.5	64800	1302890400	277825	15.11	18	4	4
2011-04-15 19:00:00	7.8	533.5	68400	1302894000	186739	15.11	19	4	4
2011-04-15 20:00:00	7.5	494.7	72000	1302897600	171870	15.11	20	4	4
2011-04-15 21:00:00	7.3	465.6	75600	1302901200	161477	15.11	21	4	4
2011-04-15 22:00:00	7.3	475.3	79200	1302904800	164845	15.11	22	4	4
2011-04-15 23:00:00	7.3	455.9	82800	1302908400	158180	15.11	23	4	4
2011-04-16 00:00:00	7.3	436.5	0	1302912000	151793	15.11	0	4	5
2011-04-16 01:00:00	7.5	446.2	3600	1302915600	155029	15.11	1	4	5
2011-04-16 02:00:00	7.5	465.6	7200	1302919200	161556	15.11	2	4	5
2011-04-16 03:00:00	7.8	591.7	10800	1302922800	210977	15.11	3	4	5
2011-04-16 04:00:00	8.0	611.1	14400	1302926400	219743	15.11	4	4	5
2011-04-16 05:00:00	8.6	620.8	18000	1302930000	224615	15.11	5	4	5
2011-04-16 06:00:00	8.6	611.1	21600	1302933600	220165	15.11	6	4	5
2011-04-16 07:00:00	8.8	620.8	25200	1302937200	224791	15.11	7	4	5
2011-04-16 08:00:00	9.7	620.8	28800	1302940800	225903	15.11	8	4	5
2011-04-16 09:00:00	10.2	649.9	32400	1302944400	240991	15.11	9	4	5
2011-04-16 10:00:00	10.5	1149.45	36000	1302948000	413229	15.11	10	4	5
2011-04-16 11:00:00	11.0	58.2	39600	1302951600	35675	15.11	11	4	5
2011-04-16 12:00:00	11.9	58.2	43200	1302955200	35765	15.11	12	4	5
2011-04-16 13:00:00	13.8	58.2	46800	1302958800	38299	16.11	13	4	5
2011-04-16 14:00:00	14.7	1833.3	50400	1302962400	770607	18.11	14	4	5
2011-04-16 15:00:00	14.5	58.2	54000	1302966000	39583	16.11	15	4	5
2011-04-16 16:00:00	14.9	1862.4	57600	1302969600	789509	18.11	16	4	5
2011-04-16 17:00:00	15.4	58.2	61200	1302973200	41179	17.11	17	4	5
2011-04-16 18:00:00	15.5	58.2	64800	1302976800	41354	17.11	18	4	5
2011-04-16 19:00:00	13.4	1469.55	68400	1302980400	629769	17.11	19	4	5
2011-04-16 20:00:00	12.1	1149.45	72000	1302984000	430964	15.11	20	4	5
2011-04-16 21:00:00	11.9	1353.15	75600	1302987600	531241	15.11	21	4	5
2011-04-16 22:00:00	11.9	1353.15	79200	1302991200	531241	15.11	22	4	5
2011-04-16 23:00:00	11.5	1309.5	82800	1302994800	499894	15.11	23	4	5
2011-04-17 00:00:00	8.9	1265.85	0	1302998400	461117	15.11	0	4	6
2011-04-17 01:00:00	8.1	1134.9	3600	1303002000	401441	15.11	1	4	6
2011-04-17 02:00:00	8.1	1222.2	7200	1303005600	439600	15.11	2	4	6
2011-04-17 03:00:00	7.1	1353.15	10800	1303009200	501002	15.11	3	4	6
2011-04-17 04:00:00	6.6	1265.85	14400	1303012800	458202	15.11	4	4	6
2011-04-17 05:00:00	5.6	1280.4	18000	1303016400	464324	15.11	5	4	6
2011-04-17 06:00:00	5.4	1309.5	21600	1303020000	478121	15.11	6	4	6
2011-04-17 07:00:00	5.8	1294.95	25200	1303023600	471383	15.11	7	4	6
2011-04-17 08:00:00	6.2	1411.35	28800	1303027200	529966	15.11	8	4	6
2011-04-17 09:00:00	6.7	436.5	32400	1303030800	151598	15.11	9	4	6
2011-04-17 10:00:00	7.2	475.3	36000	1303034400	164807	15.11	10	4	6
2011-04-17 11:00:00	8.0	514.1	39600	1303038000	179320	15.11	11	4	6
2011-04-17 12:00:00	8.5	543.2	43200	1303041600	190977	15.11	12	4	6
2011-04-17 13:00:00	8.9	533.5	46800	1303045200	187364	15.11	13	4	6
2011-04-17 14:00:00	8.9	601.4	50400	1303048800	216039	15.11	14	4	6
2011-04-17 15:00:00	9.5	630.5	54000	1303052400	230162	15.11	15	4	6
2011-04-17 16:00:00	9.9	649.9	57600	1303056000	240263	15.11	16	4	6
2011-04-17 17:00:00	9.9	611.1	61200	1303059600	221736	15.11	17	4	6
2011-04-17 18:00:00	9.7	591.7	64800	1303063200	212620	15.11	18	4	6
2011-04-17 19:00:00	9.4	465.6	68400	1303066800	162535	15.11	19	4	6
2011-04-17 20:00:00	9.0	436.5	72000	1303070400	152563	15.11	20	4	6
2011-04-17 21:00:00	9.1	436.5	75600	1303074000	152619	15.11	21	4	6
2011-04-17 22:00:00	9.1	417.1	79200	1303077600	146496	15.11	22	4	6
2011-04-17 23:00:00	9.0	407.4	82800	1303081200	143486	15.11	23	4	6
2011-04-18 00:00:00	9.0	407.4	0	1303084800	143486	15.11	0	4	0
2011-04-18 01:00:00	7.6	436.5	3600	1303088400	151910	15.11	1	4	0
2011-04-18 02:00:00	7.6	494.7	7200	1303092000	171911	15.11	2	4	0
2011-04-18 03:00:00	7.6	475.3	10800	1303095600	164965	15.11	3	4	0
2011-04-18 04:00:00	7.6	475.3	14400	1303099200	164965	15.11	4	4	0
2011-04-18 05:00:00	7.6	436.5	18000	1303102800	151910	15.11	5	4	0
2011-04-18 06:00:00	9.1	446.2	21600	1303106400	155787	15.11	6	4	0
2011-04-18 07:00:00	10.5	436.5	25200	1303110000	153757	15.11	7	4	0
2011-04-18 08:00:00	12.0	475.3	28800	1303113600	171820	15.11	8	4	0
2011-04-18 09:00:00	12.2	1222.2	32400	1303117200	469010	15.11	9	4	0
2011-04-18 10:00:00	11.7	1484.1	36000	1303120800	605929	15.11	10	4	0
2011-04-18 11:00:00	12.4	1484.1	39600	1303124400	617542	16.11	11	4	0
2011-04-18 12:00:00	13.2	1469.55	43200	1303128000	626375	16.11	12	4	0
2011-04-18 13:00:00	13.1	1484.1	46800	1303131600	632592	16.11	13	4	0
2011-04-18 14:00:00	14.3	1469.55	50400	1303135200	648443	17.11	14	4	0
2011-04-18 15:00:00	14.3	1716.9	54000	1303138800	700336	17.11	15	4	0
2011-04-18 16:00:00	14.7	1804.2	57600	1303142400	755772	18.11	16	4	0
2011-04-18 17:00:00	14.5	1833.3	61200	1303146000	766540	17.11	17	4	0
2011-04-18 18:00:00	13.4	58.2	64800	1303149600	37526	15.11	18	4	0
2011-04-18 19:00:00	12.7	1440.45	68400	1303153200	596910	16.11	19	4	0
2011-04-18 20:00:00	12.2	1207.65	72000	1303156800	461667	15.11	20	4	0
2011-04-18 21:00:00	11.5	1294.95	75600	1303160400	492291	15.11	21	4	0
2011-04-18 22:00:00	11.0	1280.4	79200	1303164000	478362	15.11	22	4	0
2011-04-18 23:00:00	11.0	1338.6	82800	1303167600	508304	15.11	23	4	0
2011-04-19 00:00:00	11.2	1338.6	0	1303171200	510807	15.11	0	4	1
2011-04-19 01:00:00	11.2	1207.65	3600	1303174800	444887	15.11	1	4	1
2011-04-19 02:00:00	11.2	1309.5	7200	1303178400	495534	15.11	2	4	1
2011-04-19 03:00:00	10.7	1484.1	10800	1303182000	589176	15.11	3	4	1
2011-04-19 04:00:00	10.4	58.2	14400	1303185600	35675	15.11	4	4	1
2011-04-19 05:00:00	11.0	1469.55	18000	1303189200	580834	15.11	5	4	1
2011-04-19 06:00:00	11.7	1469.55	21600	1303192800	593450	15.11	6	4	1
2011-04-19 07:00:00	11.9	1469.55	25200	1303196400	598220	15.11	7	4	1
2011-04-19 08:00:00	12.5	1484.1	28800	1303200000	619288	16.11	8	4	1
2011-04-19 09:00:00	13.3	407.4	32400	1303203600	157330	16.11	9	4	1
2011-04-19 10:00:00	13.6	494.7	36000	1303207200	193173	16.11	10	4	1
2011-04-19 11:00:00	13.5	601.4	39600	1303210800	241967	17.11	11	4	1
2011-04-19 12:00:00	13.0	659.6	43200	1303214400	266958	16.11	12	4	1
2011-04-19 13:00:00	13.4	659.6	46800	1303218000	271605	17.11	13	4	1
2011-04-19 14:00:00	13.1	679.0	50400	1303221600	278935	16.11	14	4	1
2011-04-19 15:00:00	13.6	698.4	54000	1303225200	294778	17.11	15	4	1
2011-04-19 16:00:00	14.3	630.5	57600	1303228800	263416	17.11	16	4	1
2011-04-19 17:00:00	14.1	582.0	61200	1303232400	236375	17.11	17	4	1
2011-04-19 18:00:00	13.6	543.2	64800	1303236000	214928	16.11	18	4	1
2011-04-19 19:00:00	13.1	446.2	68400	1303239600	169864	16.11	19	4	1
2011-04-19 20:00:00	13.1	407.4	72000	1303243200	156400	16.11	20	4	1
2011-04-19 21:00:00	12.3	436.5	75600	1303246800	159430	15.11	21	4	1
2011-04-19 22:00:00	11.3	426.8	79200	1303250400	151896	15.11	22	4	1
2011-04-19 23:00:00	10.5	417.1	82800	1303254000	147557	15.11	23	4	1
2011-04-20 00:00:00	10.2	397.7	0	1303257600	141378	15.11	0	4	2
2011-04-20 01:00:00	9.7	407.4	3600	1303261200	143902	15.11	1	4	2
2011-04-20 02:00:00	9.7	436.5	7200	1303264800	153009	15.11	2	4	2
2011-04-20 03:00:00	9.9	475.3	10800	1303268400	166340	15.11	3	4	2
2011-04-20 04:00:00	9.9	455.9	14400	1303272000	159607	15.11	4	4	2
2011-04-20 05:00:00	9.9	455.9	18000	1303275600	159607	15.11	5	4	2
2011-04-20 06:00:00	11.0	436.5	21600	1303279200	154486	15.11	6	4	2
2011-04-20 07:00:00	13.1	446.2	25200	1303282800	169864	16.11	7	4	2
2011-04-20 08:00:00	15.4	494.7	28800	1303286400	206520	18.11	8	4	2
2011-04-20 09:00:00	17.8	1338.6	32400	1303290000	655235	17.11	9	4	2
2011-04-20 10:00:00	18.2	1920.6	36000	1303293600	900560	21.11	10	4	2
2011-04-20 11:00:00	19.1	2051.55	39600	1303297200	1000277	22.11	11	4	2
2011-04-20 12:00:00	19.1	2109.75	43200	1303300800	1037333	22.11	12	4	2
2011-04-20 13:00:00	18.4	1455.0	46800	1303304400	712252	21.11	13	4	2
2011-04-20 14:00:00	18.6	1406.5	50400	1303308000	684982	21.11	14	4	2
2011-04-20 15:00:00	18.6	1406.5	54000	1303311600	684982	21.11	15	4	2
2011-04-20 16:00:00	18.3	1445.3	57600	1303315200	703845	21.11	16	4	2
2011-04-20 17:00:00	16.6	1464.7	61200	1303318800	706663	16.11	17	4	2
2011-04-20 18:00:00	15.1	1367.7	64800	1303322400	600156	18.11	18	4	2
2011-04-20 19:00:00	14.9	1183.4	68400	1303326000	496381	18.11	19	4	2
2011-04-20 20:00:00	14.7	1324.05	72000	1303329600	568458	18.11	20	4	2
2011-04-20 21:00:00	13.1	1183.4	75600	1303333200	465066	16.11	21	4	2
2011-04-20 22:00:00	11.8	1212.5	79200	1303336800	455638	15.11	22	4	2
2011-04-20 23:00:00	11.2	1183.4	82800	1303340400	433481	15.11	23	4	2
2011-04-21 00:00:00	10.3	1183.4	0	1303344000	427380	15.11	0	4	3
2011-04-21 01:00:00	9.5	1309.5	3600	1303347600	483783	15.11	1	4	3
2011-04-21 02:00:00	8.8	1455.0	7200	1303351200	557295	15.11	2	4	3
2011-04-21 03:00:00	8.0	58.2	10800	1303354800	35675	15.11	3	4	3
2011-04-21 04:00:00	6.8	1833.3	14400	1303358400	657415	15.11	4	4	3
2011-04-21 05:00:00	6.4	58.2	18000	1303362000	35675	15.11	5	4	3
2011-04-21 06:00:00	6.1	58.2	21600	1303365600	35675	15.11	6	4	3
2011-04-21 07:00:00	6.7	1484.1	25200	1303369200	573247	15.11	7	4	3
2011-04-21 08:00:00	5.8	58.2	28800	1303372800	35675	15.11	8	4	3
2011-04-21 09:00:00	6.4	407.4	32400	1303376400	142528	15.11	9	4	3
2011-04-21 10:00:00	6.8	58.2	36000	1303380000	35675	15.11	10	4	3
2011-04-21 11:00:00	7.9	58.2	39600	1303383600	35675	15.11	11	4	3
2011-04-21 12:00:00	8.3	630.5	43200	1303387200	228895	15.11	12	4	3
2011-04-21 13:00:00	8.4	417.1	46800	1303390800	146143	15.11	13	4	3
2011-04-21 14:00:00	8.3	455.9	50400	1303394400	158602	15.11	14	4	3
2011-04-21 15:00:00	7.9	436.5	54000	1303398000	152034	15.11	15	4	3
2011-04-21 16:00:00	8.3	436.5	57600	1303401600	152210	15.11	16	4	3
2011-04-21 17:00:00	7.6	446.2	61200	1303405200	155069	15.11	17	4	3
2011-04-21 18:00:00	6.0	446.2	64800	1303408800	154570	15.11	18	4	3
2011-04-21 19:00:00	5.6	417.1	68400	1303412400	145314	15.11	19	4	3
2011-04-21 20:00:00	5.2	397.7	72000	1303416000	139507	15.11	20	4	3
2011-04-21 21:00:00	4.2	426.8	75600	1303419600	148137	15.11	21	4	3
2011-04-21 22:00:00	4.3	417.1	79200	1303423200	145168	15.11	22	4	3
2011-04-21 23:00:00	4.7	417.1	82800	1303426800	145205	15.11	23	4	3
2011-04-22 00:00:00	4.1	407.4	0	1303430400	142245	15.11	0	4	4
2011-04-22 01:00:00	4.0	397.7	3600	1303434000	139404	15.11	1	4	4
2011-04-22 02:00:00	3.2	58.2	7200	1303437600	35675	15.11	2	4	4
2011-04-22 03:00:00	3.2	58.2	10800	1303441200	35675	15.11	3	4	4
2011-04-22 04:00:00	3.5	58.2	14400	1303444800	35675	15.11	4	4	4
2011-04-22 05:00:00	3.5	58.2	18000	1303448400	35675	15.11	5	4	4
2011-04-22 06:00:00	3.4	58.2	21600	1303452000	35675	15.11	6	4	4
2011-04-22 07:00:00	3.9	58.2	25200	1303455600	35675	15.11	7	4	4
2011-04-22 08:00:00	4.2	58.2	28800	1303459200	35675	15.11	8	4	4
2011-04-22 09:00:00	4.7	1144.6	32400	1303462800	402989	15.11	9	4	4
2011-04-22 10:00:00	5.2	1299.8	36000	1303466400	473318	15.11	10	4	4
2011-04-22 11:00:00	5.8	1290.1	39600	1303470000	469066	15.11	11	4	4
2011-04-22 12:00:00	6.0	1251.3	43200	1303473600	450981	15.11	12	4	4
2011-04-22 13:00:00	6.7	1212.5	46800	1303477200	433834	15.11	13	4	4
2011-04-22 14:00:00	6.7	1173.7	50400	1303480800	416722	15.11	14	4	4
2011-04-22 15:00:00	6.4	1183.4	54000	1303484400	420722	15.11	15	4	4
2011-04-22 16:00:00	6.2	1154.3	57600	1303488000	408018	15.11	16	4	4
2011-04-22 17:00:00	6.1	1105.8	61200	1303491600	387715	15.11	17	4	4
2011-04-22 18:00:00	6.1	1057.3	64800	1303495200	368355	15.11	18	4	4
2011-04-22 19:00:00	5.3	1008.8	68400	1303498800	349443	15.11	19	4	4
2011-04-22 20:00:00	5.6	1154.3	72000	1303502400	407626	15.11	20	4	4
2011-04-22 21:00:00	5.3	989.4	75600	1303506000	342322	15.11	21	4	4
2011-04-22 22:00:00	5.9	960.3	79200	1303509600	332175	15.11	22	4	4
2011-04-22 23:00:00	6.1	940.9	82800	1303513200	325497	15.11	23	4	4
2011-04-23 01:00:00	6.9	1164.0	3600	1303520400	412689	15.11	1	4	5
2011-04-23 02:00:00	6.9	1202.8	7200	1303524000	429664	15.11	2	4	5
2011-04-23 03:00:00	7.5	1251.3	10800	1303527600	452253	15.11	3	4	5
2011-04-23 04:00:00	7.5	1222.2	14400	1303531200	438918	15.11	4	4	5
2011-04-23 05:00:00	8.0	1222.2	18000	1303534800	439475	15.11	5	4	5
2011-04-23 06:00:00	8.3	1231.9	21600	1303538400	444291	15.11	6	4	5
2011-04-23 07:00:00	8.6	1328.9	25200	1303542000	491066	15.11	7	4	5
2011-04-23 08:00:00	9.7	1261.0	28800	1303545600	460949	15.11	8	4	5
2011-04-23 09:00:00	10.8	417.1	32400	1303549200	147921	15.11	9	4	5
2011-04-23 10:00:00	11.8	436.5	36000	1303552800	156655	15.11	10	4	5
2011-04-23 11:00:00	12.9	446.2	39600	1303556400	168945	16.11	11	4	5
2011-04-23 12:00:00	14.9	465.6	43200	1303560000	191974	17.11	12	4	5
2011-04-23 14:00:00	17.6	504.4	50400	1303567200	226207	20.11	14	4	5
2011-04-23 15:00:00	18.5	514.1	54000	1303570800	236391	21.11	15	4	5
2011-04-23 16:00:00	17.9	523.8	57600	1303574400	238054	20.11	16	4	5
2011-04-23 17:00:00	17.5	523.8	61200	1303578000	234410	20.11	17	4	5
2011-04-23 18:00:00	17.2	514.1	64800	1303581600	228284	20.11	18	4	5
2011-04-23 19:00:00	17.3	504.4	68400	1303585200	224421	20.11	19	4	5
2011-04-23 20:00:00	17.8	417.1	72000	1303588800	191526	20.11	20	4	5
2011-04-23 21:00:00	17.8	494.7	75600	1303592400	223470	20.11	21	4	5
2011-04-23 22:00:00	17.4	504.4	79200	1303596000	224937	20.11	22	4	5
2011-04-23 23:00:00	16.9	523.8	82800	1303599600	247243	16.11	23	4	5
2011-04-24 00:00:00	16.9	514.1	0	1303603200	227020	19.11	0	4	6
2011-04-24 01:00:00	16.4	417.1	3600	1303606800	183205	19.11	1	4	6
2011-04-24 02:00:00	15.1	417.1	7200	1303610400	175105	18.11	2	4	6
2011-04-24 03:00:00	14.6	417.1	10800	1303614000	170159	17.11	3	4	6
2011-04-24 04:00:00	14.6	436.5	14400	1303617600	177286	17.11	4	4	6
2011-04-24 05:00:00	15.2	417.1	18000	1303621200	175441	18.11	5	4	6
2011-04-24 06:00:00	16.2	417.1	21600	1303624800	182506	19.11	6	4	6
2011-04-24 07:00:00	17.6	446.2	25200	1303628400	201564	20.11	7	4	6
2011-04-24 08:00:00	18.3	407.4	28800	1303632000	191853	21.11	8	4	6
2011-04-24 09:00:00	18.7	940.9	32400	1303635600	436253	21.11	9	4	6
2011-04-24 10:00:00	19.2	853.6	36000	1303639200	408173	21.11	10	4	6
2011-04-24 11:00:00	19.7	931.2	39600	1303642800	443205	22.11	11	4	6
2011-04-24 12:00:00	19.9	970.0	43200	1303646400	462838	22.11	12	4	6
2011-04-24 13:00:00	19.9	999.1	46800	1303650000	476268	22.11	13	4	6
2011-04-24 14:00:00	20.1	989.4	50400	1303653600	475237	23.11	14	4	6
2011-04-24 15:00:00	19.8	999.1	54000	1303657200	474736	22.11	15	4	6
2011-04-24 16:00:00	19.5	1008.8	57600	1303660800	475766	22.11	16	4	6
2011-04-24 17:00:00	19.6	1018.5	61200	1303664400	481292	22.11	17	4	6
2011-04-24 18:00:00	19.8	989.4	64800	1303668000	470248	22.11	18	4	6
2011-04-24 19:00:00	19.6	960.3	68400	1303671600	454850	22.11	19	4	6
2011-04-24 20:00:00	18.6	950.6	72000	1303675200	439259	21.11	20	4	6
2011-04-24 21:00:00	18.5	960.3	75600	1303678800	442412	21.11	21	4	6
2011-04-24 22:00:00	18.5	940.9	79200	1303682400	434147	21.11	22	4	6
2011-04-24 23:00:00	19.0	940.9	82800	1303686000	440880	21.11	23	4	6
2011-04-25 00:00:00	18.5	940.9	0	1303689600	434147	21.11	0	4	0
2011-04-25 01:00:00	17.9	940.9	3600	1303693200	427456	20.11	1	4	0
2011-04-25 02:00:00	17.7	931.2	7200	1303696800	420099	20.11	2	4	0
2011-04-25 03:00:00	17.2	940.9	10800	1303700400	419109	20.11	3	4	0
2011-04-25 04:00:00	16.6	921.5	14400	1303704000	401758	19.11	4	4	0
2011-04-25 05:00:00	16.1	902.1	18000	1303707600	389360	19.11	5	4	0
2011-04-25 06:00:00	17.9	902.1	21600	1303711200	411132	20.11	6	4	0
2011-04-25 07:00:00	19.3	892.4	25200	1303714800	424147	22.11	7	4	0
2011-04-25 08:00:00	20.6	921.5	28800	1303718400	448227	23.11	8	4	0
2011-04-25 09:00:00	21.0	514.1	32400	1303722000	251070	23.11	9	4	0
2011-04-25 10:00:00	21.3	58.2	36000	1303725600	49514	23.11	10	4	0
2011-04-25 11:00:00	22.0	1299.8	39600	1303729200	665554	25.11	11	4	0
2011-04-25 12:00:00	21.4	1328.9	43200	1303732800	674529	24.11	12	4	0
2011-04-25 13:00:00	21.6	1280.4	46800	1303736400	646675	24.11	13	4	0
2011-04-25 14:00:00	21.5	1387.1	50400	1303740000	714009	24.11	14	4	0
2011-04-25 15:00:00	21.7	1406.5	54000	1303743600	730654	24.11	15	4	0
2011-04-25 16:00:00	21.1	1338.6	57600	1303747200	677669	24.11	16	4	0
2011-04-25 17:00:00	20.7	1309.5	61200	1303750800	653906	23.11	17	4	0
2011-04-25 18:00:00	20.0	892.4	64800	1303754400	430494	22.11	18	4	0
2011-04-25 19:00:00	19.3	601.4	68400	1303758000	285995	22.11	19	4	0
2011-04-25 20:00:00	18.8	552.9	72000	1303761600	257638	21.11	20	4	0
2011-04-25 21:00:00	19.2	523.8	75600	1303765200	245752	22.11	21	4	0
2011-04-25 22:00:00	19.2	514.1	79200	1303768800	241196	22.11	22	4	0
2011-04-25 23:00:00	19.2	475.3	82800	1303772400	223874	22.11	23	4	0
2011-04-26 00:00:00	19.1	455.9	0	1303776000	215137	21.11	0	4	1
2011-04-26 01:00:00	18.6	543.2	3600	1303779600	251003	21.11	1	4	1
2011-04-26 02:00:00	18.1	911.8	7200	1303783200	419237	20.11	2	4	1
2011-04-26 03:00:00	17.7	863.3	10800	1303786800	392890	20.11	3	4	1
2011-04-26 04:00:00	17.6	834.2	14400	1303790400	380946	20.11	4	4	1
2011-04-26 05:00:00	17.6	795.4	18000	1303794000	404239	17.11	5	4	1
2011-04-26 06:00:00	18.1	834.2	21600	1303797600	387752	20.11	6	4	1
2011-04-26 07:00:00	18.7	931.2	25200	1303801200	432135	21.11	7	4	1
2011-04-26 08:00:00	19.4	58.2	28800	1303804800	47120	21.11	8	4	1
2011-04-26 09:00:00	20.0	931.2	32400	1303808400	447117	22.11	9	4	1
2011-04-26 10:00:00	20.1	834.2	36000	1303812000	408381	22.11	10	4	1
2011-04-26 11:00:00	20.3	921.5	39600	1303815600	446385	23.11	11	4	1
2011-04-26 12:00:00	20.3	940.9	43200	1303819200	454700	23.11	12	4	1
2011-04-26 13:00:00	20.8	960.3	46800	1303822800	467148	23.11	13	4	1
2011-04-26 14:00:00	21.0	979.7	50400	1303826400	478779	23.11	14	4	1
2011-04-26 15:00:00	21.0	979.7	54000	1303830000	478779	23.11	15	4	1
2011-04-26 16:00:00	20.9	979.7	57600	1303833600	477289	23.11	16	4	1
2011-04-26 17:00:00	20.6	989.4	61200	1303837200	478466	23.11	17	4	1
2011-04-26 18:00:00	20.1	970.0	64800	1303840800	466464	22.11	18	4	1
2011-04-26 19:00:00	19.7	960.3	68400	1303844400	455875	22.11	19	4	1
2011-04-26 20:00:00	19.3	921.5	72000	1303848000	436034	22.11	20	4	1
2011-04-26 21:00:00	19.7	950.6	75600	1303851600	451605	22.11	21	4	1
2011-04-26 22:00:00	19.3	950.6	79200	1303855200	448325	22.11	22	4	1
2011-04-26 23:00:00	19.8	940.9	82800	1303858800	448515	22.11	23	4	1
2011-04-27 00:00:00	19.8	940.9	0	1303862400	448515	22.11	0	4	2
2011-04-27 01:00:00	18.9	921.5	3600	1303866000	430761	21.11	1	4	2
2011-04-27 02:00:00	18.7	902.1	7200	1303869600	420058	21.11	2	4	2
2011-04-27 03:00:00	18.7	902.1	10800	1303873200	420058	21.11	3	4	2
2011-04-27 04:00:00	18.4	843.9	14400	1303876800	394885	21.11	4	4	2
2011-04-27 05:00:00	18.4	853.6	18000	1303880400	398525	21.11	5	4	2
2011-04-27 06:00:00	19.1	902.1	21600	1303884000	426141	21.11	6	4	2
2011-04-27 07:00:00	19.3	911.8	25200	1303887600	432027	22.11	7	4	2
2011-04-27 08:00:00	19.8	1134.9	28800	1303891200	542528	22.11	8	4	2
2011-04-27 09:00:00	20.4	455.9	32400	1303894800	221411	23.11	9	4	2
2011-04-27 10:00:00	20.8	572.3	36000	1303898400	279588	23.11	10	4	2
2011-04-27 11:00:00	21.0	552.9	39600	1303902000	271005	23.11	11	4	2
2011-04-27 12:00:00	20.9	611.1	43200	1303905600	302558	23.11	12	4	2
2011-04-27 13:00:00	22.2	620.8	46800	1303909200	315426	25.11	13	4	2
2011-04-27 14:00:00	22.2	601.4	50400	1303912800	303884	25.11	14	4	2
2011-04-27 15:00:00	21.8	659.6	54000	1303916400	337309	24.11	15	4	2
2011-04-27 16:00:00	21.7	688.7	57600	1303920000	355466	24.11	16	4	2
2011-04-27 17:00:00	20.9	649.9	61200	1303923600	325948	24.11	17	4	2
2011-04-27 18:00:00	20.4	611.1	64800	1303927200	298509	23.11	18	4	2
2011-04-27 19:00:00	21.3	485.0	68400	1303930800	238583	24.11	19	4	2
2011-04-27 20:00:00	20.2	455.9	72000	1303934400	220919	23.11	20	4	2
2011-04-27 21:00:00	19.4	455.9	75600	1303938000	216314	22.11	21	4	2
2011-04-27 22:00:00	19.8	446.2	79200	1303941600	213981	22.11	22	4	2
2011-04-27 23:00:00	20.2	426.8	82800	1303945200	208919	22.11	23	4	2
2011-04-28 00:00:00	20.2	426.8	0	1303948800	208919	22.11	0	4	3
2011-04-28 01:00:00	20.0	446.2	3600	1303952400	215247	22.11	1	4	3
2011-04-28 02:00:00	20.6	504.4	7200	1303956000	243765	23.11	2	4	3
2011-04-28 03:00:00	20.4	494.7	10800	1303959600	238460	23.11	3	4	3
2011-04-28 04:00:00	20.6	446.2	14400	1303963200	217985	23.11	4	4	3
2011-04-28 05:00:00	20.4	465.6	18000	1303966800	225535	23.11	5	4	3
2011-04-28 06:00:00	20.6	504.4	21600	1303970400	243765	23.11	6	4	3
2011-04-28 07:00:00	21.1	465.6	25200	1303974000	229098	23.11	7	4	3
2011-04-28 08:00:00	21.5	514.1	28800	1303977600	252955	24.11	8	4	3
2011-04-28 09:00:00	20.6	960.3	32400	1303981200	465226	23.11	9	4	3
2011-04-28 10:00:00	19.3	679.0	36000	1303984800	331747	22.11	10	4	3
2011-04-28 11:00:00	18.7	708.1	39600	1303988400	358672	18.11	11	4	3
2011-04-28 12:00:00	18.5	882.7	43200	1303992000	410439	21.11	12	4	3
2011-04-28 13:00:00	19.6	892.4	46800	1303995600	426107	22.11	13	4	3
2011-04-28 14:00:00	19.6	970.0	50400	1303999200	459141	22.11	14	4	3
2011-04-28 15:00:00	17.7	979.7	54000	1304002800	440923	20.11	15	4	3
2011-04-28 16:00:00	16.7	989.4	57600	1304006400	432101	19.11	16	4	3
2011-04-28 17:00:00	15.4	960.3	61200	1304010000	400815	18.11	17	4	3
2011-04-28 18:00:00	14.1	911.8	64800	1304013600	363004	17.11	18	4	3
2011-04-28 19:00:00	13.2	785.7	68400	1304017200	299578	15.11	19	4	3
2011-04-28 20:00:00	12.4	950.6	72000	1304020800	350125	15.11	20	4	3
2011-04-28 21:00:00	11.4	737.2	75600	1304024400	299938	16.11	21	4	3
2011-04-28 22:00:00	10.2	737.2	79200	1304028000	295167	15.11	22	4	3
2011-04-28 23:00:00	9.7	688.7	82800	1304031600	259531	15.11	23	4	3
2011-04-29 00:00:00	9.2	679.0	0	1304035200	253602	15.11	0	4	4
2011-04-29 01:00:00	8.7	960.3	3600	1304038800	334383	15.11	1	4	4
2011-04-29 02:00:00	7.8	1037.9	7200	1304042400	362148	15.11	2	4	4
2011-04-29 03:00:00	8.1	1037.9	10800	1304046000	362433	15.11	3	4	4
2011-04-29 04:00:00	7.5	1008.8	14400	1304049600	350888	15.11	4	4	4
2011-04-29 05:00:00	8.4	989.4	18000	1304053200	344555	15.11	5	4	4
2011-04-29 06:00:00	10.9	989.4	21600	1304056800	349802	15.11	6	4	4
2011-04-29 07:00:00	11.5	999.1	25200	1304060400	357248	15.11	7	4	4
2011-04-29 08:00:00	11.7	999.1	28800	1304064000	359120	15.11	8	4	4
2011-04-29 09:00:00	11.7	417.1	32400	1304067600	149806	15.11	9	4	4
2011-04-29 10:00:00	11.7	494.7	36000	1304071200	177647	15.11	10	4	4
2011-04-29 11:00:00	11.2	514.1	39600	1304074800	183254	15.11	11	4	4
2011-04-29 12:00:00	11.7	601.4	43200	1304078400	224595	15.11	12	4	4
2011-04-29 13:00:00	11.5	717.8	46800	1304082000	284718	15.11	13	4	4
2011-04-29 14:00:00	11.0	688.7	50400	1304085600	264533	15.11	14	4	4
2011-04-29 15:00:00	11.0	756.6	54000	1304089200	277591	15.11	15	4	4
2011-04-29 16:00:00	10.5	805.1	57600	1304092800	286194	15.11	16	4	4
2011-04-29 17:00:00	10.2	756.6	61200	1304096400	273186	15.11	17	4	4
2011-04-29 18:00:00	9.2	669.3	64800	1304100000	248684	15.11	18	4	4
2011-04-29 19:00:00	8.7	533.5	68400	1304103600	187229	15.11	19	4	4
2011-04-29 20:00:00	8.5	426.8	72000	1304107200	149212	15.11	20	4	4
2011-04-29 21:00:00	8.3	485.0	75600	1304110800	168718	15.11	21	4	4
2011-04-29 22:00:00	8.5	475.3	79200	1304114400	165375	15.11	22	4	4
2011-04-29 23:00:00	8.0	475.3	82800	1304118000	165136	15.11	23	4	4
2011-04-30 00:00:00	7.8	465.6	0	1304121600	161679	15.11	0	4	5
2011-04-30 01:00:00	7.5	397.7	3600	1304125200	139946	15.11	1	4	5
2011-04-30 02:00:00	7.2	436.5	7200	1304128800	151757	15.11	2	4	5
2011-04-30 03:00:00	6.6	465.6	10800	1304132400	161226	15.11	3	4	5
2011-04-30 04:00:00	6.7	436.5	14400	1304136000	151598	15.11	4	4	5
2011-04-30 05:00:00	6.2	436.5	18000	1304139600	151475	15.11	5	4	5
2011-04-30 06:00:00	6.4	436.5	21600	1304143200	151521	15.11	6	4	5
2011-04-30 07:00:00	6.7	446.2	25200	1304146800	154746	15.11	7	4	5
2011-04-30 08:00:00	8.0	475.3	28800	1304150400	165136	15.11	8	4	5
2011-04-30 09:00:00	8.4	679.0	32400	1304154000	252644	15.11	9	4	5
2011-04-30 10:00:00	9.4	834.2	36000	1304157600	293335	15.11	10	4	5
2011-04-30 11:00:00	10.1	960.3	39600	1304161200	336547	15.11	11	4	5
2011-04-30 12:00:00	10.6	950.6	43200	1304164800	334390	15.11	12	4	5
2011-04-30 13:00:00	11.3	989.4	46800	1304168400	351994	15.11	13	4	5
2011-04-30 14:00:00	11.8	999.1	50400	1304172000	360225	15.11	14	4	5
2011-04-30 15:00:00	11.8	58.2	54000	1304175600	35675	15.11	15	4	5
2011-04-30 16:00:00	11.1	58.2	57600	1304179200	35675	15.11	16	4	5
2011-04-30 17:00:00	10.4	58.2	61200	1304182800	35675	15.11	17	4	5
2011-04-30 18:00:00	10.5	999.1	64800	1304186400	351918	15.11	18	4	5
2011-04-30 19:00:00	9.7	805.1	68400	1304190000	284888	15.11	19	4	5
2011-04-30 20:00:00	9.4	679.0	72000	1304193600	253925	15.11	20	4	5
2011-04-30 21:00:00	8.9	727.5	75600	1304197200	278804	15.11	21	4	5
2011-04-30 22:00:00	8.9	746.9	79200	1304200800	281239	15.11	22	4	5
2011-04-30 23:00:00	8.9	766.3	82800	1304204400	261426	15.11	23	4	5
