	Twet	Load	Hour(s)	TimeStamp(s)	Power	Tset	Hour	month	DayofWeek
2012-07-01 00:00:00	22.2	1319.2	0	1341100800	679317	25.11	0	7	6
2012-07-01 01:00:00	22.5	1144.6	3600	1341104400	576617	25.11	1	7	6
2012-07-01 02:00:00	22.2	1105.8	7200	1341108000	553397	25.11	2	7	6
2012-07-01 03:00:00	22.2	1115.5	10800	1341111600	558619	25.11	3	7	6
2012-07-01 04:00:00	22.2	1096.1	14400	1341115200	548222	25.11	4	7	6
2012-07-01 05:00:00	22.9	1067.0	18000	1341118800	538522	25.11	5	7	6
2012-07-01 06:00:00	23.9	1076.7	21600	1341122400	551815	26.11	6	7	6
2012-07-01 07:00:00	24.3	1067.0	25200	1341126000	553023	26.11	7	7	6
2012-07-01 08:00:00	24.3	1425.9	28800	1341129600	785630	26.11	8	7	6
2012-07-01 09:00:00	24.7	1396.8	32400	1341133200	781237	26.11	9	7	6
2012-07-01 10:00:00	24.5	1425.9	36000	1341136800	793285	26.11	10	7	6
2012-07-01 11:00:00	25.0	1474.4	39600	1341140400	857786	26.11	11	7	6
2012-07-01 12:00:00	24.7	1571.4	43200	1341144000	916844	26.11	12	7	6
2012-07-01 13:00:00	24.8	1726.6	46800	1341147600	930938	26.11	13	7	6
2012-07-01 14:00:00	23.9	1280.4	50400	1341151200	674013	26.11	14	7	6
2012-07-01 15:00:00	23.5	873.0	54000	1341154800	449600	26.11	15	7	6
2012-07-01 16:00:00	23.3	1319.2	57600	1341158400	692533	26.11	16	7	6
2012-07-01 17:00:00	24.1	1309.5	61200	1341162000	697416	26.11	17	7	6
2012-07-01 18:00:00	24.0	1309.5	64800	1341165600	695203	26.11	18	7	6
2012-07-01 19:00:00	23.5	1328.9	68400	1341169200	700787	26.11	19	7	6
2012-07-01 20:00:00	23.0	1377.4	72000	1341172800	729785	26.11	20	7	6
2012-07-01 21:00:00	23.2	1348.3	75600	1341176400	711249	26.11	21	7	6
2012-07-01 22:00:00	22.5	1358.0	79200	1341180000	707826	25.11	22	7	6
2012-07-01 23:00:00	22.7	1290.1	82800	1341183600	666095	25.11	23	7	6
2012-07-02 00:00:00	21.3	659.6	0	1341187200	333622	24.11	0	7	0
2012-07-02 01:00:00	20.8	543.2	3600	1341190800	264125	23.11	1	7	0
2012-07-02 02:00:00	19.4	902.1	7200	1341194400	428647	22.11	2	7	0
2012-07-02 03:00:00	20.2	533.5	10800	1341198000	256275	23.11	3	7	0
2012-07-02 04:00:00	20.4	533.5	14400	1341201600	256988	23.11	4	7	0
2012-07-02 05:00:00	20.4	523.8	18000	1341205200	252217	23.11	5	7	0
2012-07-02 06:00:00	21.1	533.5	21600	1341208800	261383	24.11	6	7	0
2012-07-02 07:00:00	21.5	873.0	25200	1341212400	436022	24.11	7	7	0
2012-07-02 08:00:00	21.4	1920.6	28800	1341216000	966202	24.11	8	7	0
2012-07-02 09:00:00	21.9	1804.2	32400	1341219600	907235	24.11	9	7	0
2012-07-02 10:00:00	21.2	58.2	36000	1341223200	49450	23.11	10	7	0
2012-07-02 11:00:00	21.3	1484.1	39600	1341226800	778286	24.11	11	7	0
2012-07-02 12:00:00	21.1	1440.45	43200	1341230400	745240	24.11	12	7	0
2012-07-02 13:00:00	21.1	58.2	46800	1341234000	49402	23.11	13	7	0
2012-07-02 14:00:00	20.8	58.2	50400	1341237600	49256	22.11	14	7	0
2012-07-02 15:00:00	20.4	572.3	54000	1341241200	277001	23.11	15	7	0
2012-07-02 16:00:00	20.3	785.7	57600	1341244800	412776	23.11	16	7	0
2012-07-02 17:00:00	20.3	805.1	61200	1341248400	400318	23.11	17	7	0
2012-07-02 18:00:00	19.5	950.6	64800	1341252000	449739	22.11	18	7	0
2012-07-02 19:00:00	19.2	698.4	68400	1341255600	343340	22.11	19	7	0
2012-07-02 20:00:00	19.4	834.2	72000	1341259200	402073	22.11	20	7	0
2012-07-02 21:00:00	19.2	940.9	75600	1341262800	443616	22.11	21	7	0
2012-07-02 22:00:00	19.1	960.3	79200	1341266400	451390	22.11	22	7	0
2012-07-02 23:00:00	19.2	921.5	82800	1341270000	435494	22.11	23	7	0
2012-07-03 00:00:00	18.8	582.0	0	1341273600	272926	21.11	0	7	1
2012-07-03 01:00:00	18.8	455.9	3600	1341277200	212626	21.11	1	7	1
2012-07-03 02:00:00	18.6	591.7	7200	1341280800	276171	21.11	2	7	1
2012-07-03 03:00:00	18.8	504.4	10800	1341284400	233972	21.11	3	7	1
2012-07-03 04:00:00	18.2	465.6	14400	1341288000	213947	21.11	4	7	1
2012-07-03 05:00:00	19.5	475.3	18000	1341291600	224871	22.11	5	7	1
2012-07-03 06:00:00	20.5	494.7	21600	1341295200	238821	23.11	6	7	1
2012-07-03 07:00:00	22.0	601.4	25200	1341298800	303323	25.11	7	7	1
2012-07-03 08:00:00	22.7	989.4	28800	1341302400	497255	25.11	8	7	1
2012-07-03 09:00:00	21.6	1231.9	32400	1341306000	617238	24.11	9	7	1
2012-07-03 10:00:00	21.7	1018.5	36000	1341309600	502848	24.11	10	7	1
2012-07-03 11:00:00	21.5	853.6	39600	1341313200	428129	24.11	11	7	1
2012-07-03 12:00:00	20.4	950.6	43200	1341316800	459500	23.11	12	7	1
2012-07-03 13:00:00	20.9	989.4	46800	1341320400	481829	23.11	13	7	1
2012-07-03 14:00:00	21.7	766.3	50400	1341324000	410489	24.11	14	7	1
2012-07-03 15:00:00	21.5	785.7	54000	1341327600	423041	24.11	15	7	1
2012-07-03 16:00:00	21.6	58.2	57600	1341331200	49924	23.11	16	7	1
2012-07-03 17:00:00	22.0	58.2	61200	1341334800	50496	24.11	17	7	1
2012-07-03 18:00:00	22.4	58.2	64800	1341338400	50706	24.11	18	7	1
2012-07-03 19:00:00	23.3	1964.25	68400	1341342000	1029201	26.11	19	7	1
2012-07-03 20:00:00	21.7	2488.05	72000	1341345600	1452359	21.11	20	7	1
2012-07-03 21:00:00	21.1	2138.85	75600	1341349200	1102899	24.11	21	7	1
2012-07-03 22:00:00	20.3	2022.45	79200	1341352800	1007899	23.11	22	7	1
2012-07-03 23:00:00	20.5	1833.3	82800	1341356400	897349	23.11	23	7	1
2012-07-04 00:00:00	20.6	887.55	0	1341360000	433965	23.11	0	7	2
2012-07-04 01:00:00	20.8	858.45	3600	1341363600	423667	23.11	1	7	2
2012-07-04 02:00:00	20.8	742.05	7200	1341367200	399302	20.11	2	7	2
2012-07-04 03:00:00	20.5	727.5	10800	1341370800	372891	23.11	3	7	2
2012-07-04 04:00:00	19.9	727.5	14400	1341374400	381714	19.11	4	7	2
2012-07-04 05:00:00	19.7	712.95	18000	1341378000	357659	22.11	5	7	2
2012-07-04 06:00:00	20.0	858.45	21600	1341381600	416579	22.11	6	7	2
2012-07-04 07:00:00	21.1	58.2	25200	1341385200	49402	23.11	7	7	2
2012-07-04 08:00:00	21.5	58.2	28800	1341388800	49733	23.11	8	7	2
2012-07-04 09:00:00	22.7	1484.1	32400	1341392400	799897	25.11	9	7	2
2012-07-04 10:00:00	23.5	1484.1	36000	1341396000	811189	26.11	10	7	2
2012-07-04 11:00:00	23.6	58.2	39600	1341399600	51943	25.11	11	7	2
2012-07-04 12:00:00	24.1	58.2	43200	1341403200	52442	26.11	12	7	2
2012-07-04 13:00:00	24.4	58.2	46800	1341406800	52593	26.11	13	7	2
2012-07-04 14:00:00	24.4	494.7	50400	1341410400	256921	26.11	14	7	2
2012-07-04 15:00:00	24.5	795.4	54000	1341414000	461457	26.11	15	7	2
2012-07-04 16:00:00	25.0	785.7	57600	1341417600	467357	26.11	16	7	2
2012-07-04 17:00:00	25.2	911.8	61200	1341421200	512733	26.11	17	7	2
2012-07-04 18:00:00	25.3	989.4	64800	1341424800	562706	26.11	18	7	2
2012-07-04 19:00:00	25.0	989.4	68400	1341428400	538795	26.11	19	7	2
2012-07-04 20:00:00	25.0	999.1	72000	1341432000	544079	26.11	20	7	2
2012-07-04 21:00:00	24.9	58.2	75600	1341435600	53533	26.11	21	7	2
2012-07-04 22:00:00	24.0	999.1	79200	1341439200	512141	26.11	22	7	2
2012-07-04 23:00:00	22.9	989.4	82800	1341442800	499086	25.11	23	7	2
2012-07-05 00:00:00	21.4	601.4	0	1341446400	298993	24.11	0	7	3
2012-07-05 01:00:00	20.7	494.7	3600	1341450000	239712	23.11	1	7	3
2012-07-05 02:00:00	20.6	523.8	7200	1341453600	253107	23.11	2	7	3
2012-07-05 03:00:00	20.7	543.2	10800	1341457200	263427	23.11	3	7	3
2012-07-05 04:00:00	20.7	523.8	14400	1341460800	253657	23.11	4	7	3
2012-07-05 05:00:00	21.0	533.5	18000	1341464400	260848	23.11	5	7	3
2012-07-05 06:00:00	22.7	504.4	21600	1341468000	253367	25.11	6	7	3
2012-07-05 07:00:00	23.7	679.0	25200	1341471600	361520	26.11	7	7	3
2012-07-05 08:00:00	24.9	717.8	28800	1341475200	410847	26.11	8	7	3
2012-07-05 09:00:00	25.4	58.2	32400	1341478800	55906	26.11	9	7	3
2012-07-05 10:00:00	26.0	863.3	36000	1341482400	517246	26.11	10	7	3
2012-07-05 11:00:00	25.8	649.9	39600	1341486000	375806	25.11	11	7	3
2012-07-05 12:00:00	25.6	708.1	43200	1341489600	414300	25.11	12	7	3
2012-07-05 13:00:00	25.5	776.0	46800	1341493200	464348	25.11	13	7	3
2012-07-05 14:00:00	25.7	756.6	50400	1341496800	450982	25.11	14	7	3
2012-07-05 15:00:00	25.5	873.0	54000	1341500400	518569	25.11	15	7	3
2012-07-05 16:00:00	25.1	873.0	57600	1341504000	485558	26.11	16	7	3
2012-07-05 17:00:00	24.7	902.1	61200	1341507600	479014	26.11	17	7	3
2012-07-05 18:00:00	24.8	887.55	64800	1341511200	475899	26.11	18	7	3
2012-07-05 19:00:00	22.5	916.65	68400	1341514800	462292	25.11	19	7	3
2012-07-05 20:00:00	23.0	887.55	72000	1341518400	453008	25.11	20	7	3
2012-07-05 21:00:00	22.5	887.55	75600	1341522000	449601	25.11	21	7	3
2012-07-05 22:00:00	22.7	887.55	79200	1341525600	450669	25.11	22	7	3
2012-07-05 23:00:00	22.2	756.6	82800	1341529200	406978	25.11	23	7	3
2012-07-06 00:00:00	22.0	698.4	0	1341532800	364619	25.11	0	7	4
2012-07-06 01:00:00	22.3	727.5	3600	1341536400	386313	25.11	1	7	4
2012-07-06 02:00:00	21.6	698.4	7200	1341540000	361094	24.11	2	7	4
2012-07-06 03:00:00	22.2	683.85	10800	1341543600	355588	25.11	3	7	4
2012-07-06 04:00:00	21.8	698.4	14400	1341547200	363054	24.11	4	7	4
2012-07-06 05:00:00	21.8	683.85	18000	1341550800	353225	24.11	5	7	4
2012-07-06 06:00:00	22.0	727.5	21600	1341554400	384868	25.11	6	7	4
2012-07-06 07:00:00	20.4	771.15	25200	1341558000	402969	23.11	7	7	4
2012-07-06 08:00:00	20.1	785.7	28800	1341561600	411173	23.11	8	7	4
2012-07-06 09:00:00	21.0	727.5	32400	1341565200	377166	24.11	9	7	4
2012-07-06 10:00:00	21.6	785.7	36000	1341568800	424052	24.11	10	7	4
2012-07-06 11:00:00	22.1	756.6	39600	1341572400	406449	25.11	11	7	4
2012-07-06 12:00:00	22.8	814.8	43200	1341576000	421197	25.11	12	7	4
2012-07-06 13:00:00	22.5	858.45	46800	1341579600	437339	25.11	13	7	4
2012-07-06 14:00:00	23.4	514.1	50400	1341583200	261205	26.11	14	7	4
2012-07-06 15:00:00	23.5	795.4	54000	1341586800	447227	26.11	15	7	4
2012-07-06 16:00:00	22.8	960.3	57600	1341590400	484188	25.11	16	7	4
2012-07-06 17:00:00	23.6	979.7	61200	1341594000	499219	26.11	17	7	4
2012-07-06 18:00:00	23.9	58.2	64800	1341597600	52388	26.11	18	7	4
2012-07-06 19:00:00	22.9	58.2	68400	1341601200	51486	25.11	19	7	4
2012-07-06 20:00:00	22.5	1008.8	72000	1341604800	505315	25.11	20	7	4
2012-07-06 21:00:00	22.4	999.1	75600	1341608400	500020	25.11	21	7	4
2012-07-06 22:00:00	21.9	989.4	79200	1341612000	490953	24.11	22	7	4
2012-07-06 23:00:00	21.9	921.5	82800	1341615600	459656	24.11	23	7	4
2012-07-07 00:00:00	21.8	611.1	0	1341619200	307248	24.11	0	7	5
2012-07-07 01:00:00	22.0	504.4	3600	1341622800	250862	24.11	1	7	5
2012-07-07 02:00:00	22.3	533.5	7200	1341626400	266746	25.11	2	7	5
2012-07-07 03:00:00	22.7	543.2	10800	1341630000	273297	25.11	3	7	5
2012-07-07 04:00:00	22.5	533.5	14400	1341633600	267360	25.11	4	7	5
2012-07-07 05:00:00	23.6	533.5	18000	1341637200	271941	26.11	5	7	5
2012-07-07 06:00:00	24.9	523.8	21600	1341640800	282479	26.11	6	7	5
2012-07-07 07:00:00	25.5	620.8	25200	1341644400	355518	25.11	7	7	5
2012-07-07 08:00:00	25.6	698.4	28800	1341648000	407431	25.11	8	7	5
2012-07-07 09:00:00	26.4	776.0	32400	1341651600	472140	26.11	9	7	5
2012-07-07 10:00:00	26.2	824.5	36000	1341655200	502010	26.11	10	7	5
2012-07-07 11:00:00	22.9	785.7	39600	1341658800	448876	22.11	11	7	5
2012-07-07 12:00:00	24.9	727.5	43200	1341662400	418206	26.11	12	7	5
2012-07-07 13:00:00	24.2	785.7	46800	1341666000	447624	26.11	13	7	5
2012-07-07 14:00:00	21.3	698.4	50400	1341669600	358898	24.11	14	7	5
2012-07-07 15:00:00	23.0	669.3	54000	1341673200	351732	26.11	15	7	5
2012-07-07 16:00:00	23.8	698.4	57600	1341676800	375938	26.11	16	7	5
2012-07-07 17:00:00	24.2	712.95	61200	1341680400	391210	26.11	17	7	5
2012-07-07 18:00:00	24.4	669.3	64800	1341684000	363144	26.11	18	7	5
2012-07-07 19:00:00	24.4	669.3	68400	1341687600	363144	26.11	19	7	5
2012-07-07 20:00:00	24.4	742.05	72000	1341691200	416671	26.11	20	7	5
2012-07-07 21:00:00	24.1	771.15	75600	1341694800	434354	26.11	21	7	5
2012-07-07 22:00:00	23.8	742.05	79200	1341698400	408070	26.11	22	7	5
2012-07-07 23:00:00	23.5	771.15	82800	1341702000	427935	26.11	23	7	5
2012-07-08 00:00:00	23.7	698.4	0	1341705600	375111	26.11	0	7	6
2012-07-08 01:00:00	23.8	669.3	3600	1341709200	355628	26.11	1	7	6
2012-07-08 02:00:00	23.5	669.3	7200	1341712800	353660	26.11	2	7	6
2012-07-08 03:00:00	24.2	654.75	10800	1341716400	349978	26.11	3	7	6
2012-07-08 04:00:00	24.1	654.75	14400	1341720000	348709	26.11	4	7	6
2012-07-08 05:00:00	24.0	625.65	18000	1341723600	328477	26.11	5	7	6
2012-07-08 06:00:00	24.0	654.75	21600	1341727200	347603	26.11	6	7	6
2012-07-08 07:00:00	24.3	640.2	25200	1341730800	341625	26.11	7	7	6
2012-07-08 08:00:00	24.8	640.2	28800	1341734400	352195	26.11	8	7	6
2012-07-08 09:00:00	25.3	640.2	32400	1341738000	366523	25.11	9	7	6
2012-07-08 10:00:00	25.2	625.65	36000	1341741600	356157	26.11	10	7	6
2012-07-08 11:00:00	25.8	640.2	39600	1341745200	369502	25.11	11	7	6
2012-07-08 12:00:00	26.1	640.2	43200	1341748800	371262	26.11	12	7	6
2012-07-08 13:00:00	26.7	683.85	46800	1341752400	404663	26.11	13	7	6
2012-07-08 14:00:00	26.2	533.5	50400	1341756000	308382	26.11	14	7	6
2012-07-08 15:00:00	25.8	582.0	54000	1341759600	333785	25.11	15	7	6
2012-07-08 16:00:00	25.7	591.7	57600	1341763200	338981	25.11	16	7	6
2012-07-08 17:00:00	25.4	611.1	61200	1341766800	349017	25.11	17	7	6
2012-07-08 18:00:00	25.4	601.4	64800	1341770400	343180	25.11	18	7	6
2012-07-08 19:00:00	24.5	611.1	68400	1341774000	325947	26.11	19	7	6
2012-07-08 20:00:00	24.5	611.1	72000	1341777600	325947	26.11	20	7	6
2012-07-08 21:00:00	24.7	620.8	75600	1341781200	336576	26.11	21	7	6
2012-07-08 22:00:00	24.8	620.8	79200	1341784800	339199	26.11	22	7	6
2012-07-08 23:00:00	24.8	582.0	82800	1341788400	314313	26.11	23	7	6
2012-07-09 00:00:00	24.6	572.3	0	1341792000	303669	26.11	0	7	0
2012-07-09 01:00:00	25.1	533.5	3600	1341795600	294747	26.11	1	7	0
2012-07-09 02:00:00	23.1	552.9	7200	1341799200	281114	26.11	2	7	0
2012-07-09 03:00:00	22.0	552.9	10800	1341802800	275938	24.11	3	7	0
2012-07-09 04:00:00	21.6	552.9	14400	1341806400	273162	24.11	4	7	0
2012-07-09 05:00:00	21.1	562.6	18000	1341810000	276439	24.11	5	7	0
2012-07-09 06:00:00	20.7	523.8	21600	1341813600	253657	23.11	6	7	0
2012-07-09 07:00:00	20.9	552.9	25200	1341817200	270030	23.11	7	7	0
2012-07-09 08:00:00	21.5	543.2	28800	1341820800	267614	24.11	8	7	0
2012-07-09 09:00:00	22.2	572.3	32400	1341824400	287287	25.11	9	7	0
2012-07-09 10:00:00	21.0	552.9	36000	1341828000	271005	23.11	10	7	0
2012-07-09 11:00:00	20.7	523.8	39600	1341831600	253657	23.11	11	7	0
2012-07-09 12:00:00	19.6	543.2	43200	1341835200	257131	22.11	12	7	0
2012-07-09 13:00:00	19.6	572.3	46800	1341838800	272172	22.11	13	7	0
2012-07-09 14:00:00	20.2	625.65	50400	1341842400	305892	23.11	14	7	0
2012-07-09 15:00:00	20.1	1425.9	54000	1341846000	719989	23.11	15	7	0
2012-07-09 16:00:00	20.3	873.0	57600	1341849600	426397	23.11	16	7	0
2012-07-09 17:00:00	19.8	1687.8	61200	1341853200	806072	22.11	17	7	0
2012-07-09 18:00:00	19.9	1789.65	64800	1341856800	864825	23.11	18	7	0
2012-07-09 19:00:00	20.3	1396.8	68400	1341860400	703261	23.11	19	7	0
2012-07-09 20:00:00	20.6	1324.05	72000	1341864000	661173	23.11	20	7	0
2012-07-09 21:00:00	20.4	1731.45	75600	1341867600	838816	23.11	21	7	0
2012-07-09 22:00:00	20.2	1862.4	79200	1341871200	909208	23.11	22	7	0
2012-07-09 23:00:00	20.2	1265.85	82800	1341874800	620325	23.11	23	7	0
2012-07-10 00:00:00	20.2	756.6	0	1341878400	390791	23.11	0	7	1
2012-07-10 01:00:00	19.7	683.85	3600	1341882000	338594	22.11	1	7	1
2012-07-10 02:00:00	19.5	640.2	7200	1341885600	309623	22.11	2	7	1
2012-07-10 03:00:00	19.2	640.2	10800	1341889200	307519	22.11	3	7	1
2012-07-10 04:00:00	19.5	640.2	14400	1341892800	309623	22.11	4	7	1
2012-07-10 05:00:00	20.2	640.2	18000	1341896400	314490	23.11	5	7	1
2012-07-10 06:00:00	21.8	654.75	21600	1341900000	334197	24.11	6	7	1
2012-07-10 07:00:00	22.9	1644.15	25200	1341903600	831187	25.11	7	7	1
2012-07-10 08:00:00	22.4	1411.35	28800	1341907200	743006	25.11	8	7	1
2012-07-10 09:00:00	21.6	931.2	32400	1341910800	461445	24.11	9	7	1
2012-07-10 10:00:00	20.4	931.2	36000	1341914400	451068	23.11	10	7	1
2012-07-10 11:00:00	20.3	1033.05	39600	1341918000	496695	23.11	11	7	1
2012-07-10 12:00:00	20.2	1047.6	43200	1341921600	503067	23.11	12	7	1
2012-07-10 13:00:00	20.3	1396.8	46800	1341925200	703261	23.11	13	7	1
2012-07-10 14:00:00	21.2	543.2	50400	1341928800	266576	24.11	14	7	1
2012-07-10 15:00:00	21.7	562.6	54000	1341932400	278921	24.11	15	7	1
2012-07-10 16:00:00	21.9	572.3	57600	1341936000	285720	24.11	16	7	1
2012-07-10 17:00:00	21.4	572.3	61200	1341939600	282682	24.11	17	7	1
2012-07-10 18:00:00	21.8	582.0	64800	1341943200	290357	24.11	18	7	1
2012-07-10 19:00:00	20.8	582.0	68400	1341946800	284932	23.11	19	7	1
2012-07-10 20:00:00	20.3	572.3	72000	1341950400	276549	23.11	20	7	1
2012-07-10 21:00:00	20.4	562.6	75600	1341954000	271858	23.11	21	7	1
2012-07-10 22:00:00	20.8	572.3	79200	1341957600	279588	23.11	22	7	1
2012-07-10 23:00:00	20.6	572.3	82800	1341961200	278112	23.11	23	7	1
2012-07-11 00:00:00	20.4	572.3	0	1341964800	277001	23.11	0	7	2
2012-07-11 01:00:00	20.5	543.2	3600	1341968400	262305	23.11	1	7	2
2012-07-11 02:00:00	20.4	552.9	7200	1341972000	266808	23.11	2	7	2
2012-07-11 03:00:00	20.2	552.9	10800	1341975600	266029	23.11	3	7	2
2012-07-11 04:00:00	20.0	552.9	14400	1341979200	265421	23.11	4	7	2
2012-07-11 05:00:00	21.3	552.9	18000	1341982800	271922	24.11	5	7	2
2012-07-11 06:00:00	22.2	562.6	21600	1341986400	281946	25.11	6	7	2
2012-07-11 07:00:00	22.5	552.9	25200	1341990000	277642	25.11	7	7	2
2012-07-11 08:00:00	21.6	543.2	28800	1341993600	268065	24.11	8	7	2
2012-07-11 09:00:00	19.1	543.2	32400	1341997200	254779	22.11	9	7	2
2012-07-11 10:00:00	20.4	552.9	36000	1342000800	266808	23.11	10	7	2
2012-07-11 11:00:00	21.6	523.8	39600	1342004400	258159	24.11	11	7	2
2012-07-11 12:00:00	21.3	523.8	43200	1342008000	257073	24.11	12	7	2
2012-07-11 13:00:00	20.4	523.8	46800	1342011600	252217	23.11	13	7	2
2012-07-11 14:00:00	20.3	640.2	50400	1342015200	315020	23.11	14	7	2
2012-07-11 15:00:00	20.4	1964.25	54000	1342018800	973480	23.11	15	7	2
2012-07-11 16:00:00	20.2	1818.75	57600	1342022400	884250	23.11	16	7	2
2012-07-11 17:00:00	20.4	1847.85	61200	1342026000	903898	23.11	17	7	2
2012-07-11 18:00:00	20.3	1891.5	64800	1342029600	927724	23.11	18	7	2
2012-07-11 19:00:00	20.3	1964.25	68400	1342033200	971565	23.11	19	7	2
2012-07-11 20:00:00	19.8	2051.55	72000	1342036800	1060903	19.11	20	7	2
2012-07-11 21:00:00	19.1	1920.6	75600	1342040400	920904	22.11	21	7	2
2012-07-11 22:00:00	18.9	1804.2	79200	1342044000	900356	18.11	22	7	2
2012-07-11 23:00:00	18.5	858.45	82800	1342047600	401041	21.11	23	7	2
2012-07-12 00:00:00	18.7	814.8	0	1342051200	386318	21.11	0	7	3
2012-07-12 01:00:00	17.9	669.3	3600	1342054800	328523	17.11	1	7	3
2012-07-12 02:00:00	17.7	683.85	7200	1342058400	335057	17.11	2	7	3
2012-07-12 03:00:00	18.0	654.75	10800	1342062000	307419	21.11	3	7	3
2012-07-12 04:00:00	17.3	727.5	14400	1342065600	346679	20.11	4	7	3
2012-07-12 05:00:00	18.6	727.5	18000	1342069200	369782	18.11	5	7	3
2012-07-12 06:00:00	20.0	669.3	21600	1342072800	331321	23.11	6	7	3
2012-07-12 07:00:00	20.3	1556.85	25200	1342076400	814789	23.11	7	7	3
2012-07-12 08:00:00	20.8	771.15	28800	1342080000	419193	20.11	8	7	3
2012-07-12 09:00:00	19.6	989.4	32400	1342083600	467862	22.11	9	7	3
2012-07-12 10:00:00	19.0	1047.6	36000	1342087200	490271	22.11	10	7	3
2012-07-12 11:00:00	18.7	1062.15	39600	1342090800	491660	21.11	11	7	3
2012-07-12 12:00:00	19.6	1134.9	43200	1342094400	539210	22.11	12	7	3
2012-07-12 13:00:00	19.6	1207.65	46800	1342098000	578818	22.11	13	7	3
2012-07-12 14:00:00	19.7	552.9	50400	1342101600	262780	22.11	14	7	3
2012-07-12 15:00:00	20.0	58.2	54000	1342105200	48123	22.11	15	7	3
2012-07-12 16:00:00	20.3	58.2	57600	1342108800	48296	22.11	16	7	3
2012-07-12 17:00:00	20.5	1328.9	61200	1342112400	662549	23.11	17	7	3
2012-07-12 18:00:00	20.6	58.2	64800	1342116000	48800	22.11	18	7	3
2012-07-12 19:00:00	19.8	1358.0	68400	1342119600	673179	23.11	19	7	3
2012-07-12 20:00:00	19.8	58.2	72000	1342123200	48001	21.11	20	7	3
2012-07-12 21:00:00	19.3	1348.3	75600	1342126800	657427	22.11	21	7	3
2012-07-12 22:00:00	19.3	58.2	79200	1342130400	46981	21.11	22	7	3
2012-07-12 23:00:00	19.3	1328.9	82800	1342134000	645441	22.11	23	7	3
2012-07-13 00:00:00	18.8	679.0	0	1342137600	342125	18.11	0	7	4
2012-07-13 01:00:00	18.7	562.6	3600	1342141200	261664	21.11	1	7	4
2012-07-13 02:00:00	18.3	601.4	7200	1342144800	279116	21.11	2	7	4
2012-07-13 03:00:00	18.9	562.6	10800	1342148400	263749	21.11	3	7	4
2012-07-13 04:00:00	18.7	552.9	14400	1342152000	256690	21.11	4	7	4
2012-07-13 05:00:00	19.1	552.9	18000	1342155600	259590	22.11	5	7	4
2012-07-13 06:00:00	19.8	543.2	21600	1342159200	258633	22.11	6	7	4
2012-07-13 07:00:00	20.0	999.1	25200	1342162800	478056	22.11	7	7	4
2012-07-13 08:00:00	20.0	1134.9	28800	1342166400	545870	23.11	8	7	4
2012-07-13 09:00:00	19.5	785.7	32400	1342170000	406220	22.11	9	7	4
2012-07-13 10:00:00	20.3	805.1	36000	1342173600	400318	23.11	10	7	4
2012-07-13 11:00:00	19.9	814.8	39600	1342177200	398448	22.11	11	7	4
2012-07-13 12:00:00	20.3	931.2	43200	1342180800	450520	23.11	12	7	4
2012-07-13 13:00:00	20.5	989.4	46800	1342184400	477638	23.11	13	7	4
2012-07-13 14:00:00	20.9	727.5	50400	1342188000	390528	20.11	14	7	4
2012-07-13 15:00:00	20.6	1804.2	54000	1342191600	882744	23.11	15	7	4
2012-07-13 16:00:00	20.2	1338.6	57600	1342195200	664619	23.11	16	7	4
2012-07-13 17:00:00	21.3	1338.6	61200	1342198800	679591	24.11	17	7	4
2012-07-13 18:00:00	21.3	1731.45	64800	1342202400	854819	24.11	18	7	4
2012-07-13 19:00:00	21.1	2197.05	68400	1342206000	1143136	24.11	19	7	4
2012-07-13 20:00:00	21.4	1804.2	72000	1342209600	896971	24.11	20	7	4
2012-07-13 21:00:00	21.4	2051.55	75600	1342213200	1049547	24.11	21	7	4
2012-07-13 22:00:00	21.0	1324.05	79200	1342216800	667662	24.11	22	7	4
2012-07-13 23:00:00	20.7	1251.3	82800	1342220400	618373	23.11	23	7	4
2012-07-14 00:00:00	20.7	756.6	0	1342224000	395610	23.11	0	7	5
2012-07-14 01:00:00	20.7	785.7	3600	1342227600	428492	20.11	1	7	5
2012-07-14 02:00:00	21.0	669.3	7200	1342231200	338438	24.11	2	7	5
2012-07-14 03:00:00	20.2	698.4	10800	1342234800	350973	23.11	3	7	5
2012-07-14 04:00:00	19.0	669.3	14400	1342238400	323860	22.11	4	7	5
2012-07-14 05:00:00	20.2	654.75	18000	1342242000	323297	23.11	5	7	5
2012-07-14 06:00:00	20.3	785.7	21600	1342245600	412776	23.11	6	7	5
2012-07-14 07:00:00	19.3	1964.25	25200	1342249200	950451	22.11	7	7	5
2012-07-14 08:00:00	20.2	1818.75	28800	1342252800	884250	23.11	8	7	5
2012-07-14 09:00:00	20.4	1702.35	32400	1342256400	823246	23.11	9	7	5
2012-07-14 10:00:00	21.0	1935.15	36000	1342260000	969879	24.11	10	7	5
2012-07-14 11:00:00	21.4	2109.75	39600	1342263600	1088447	24.11	11	7	5
2012-07-14 12:00:00	22.2	1847.85	43200	1342267200	937505	25.11	12	7	5
2012-07-14 13:00:00	22.9	1993.35	46800	1342270800	1042387	25.11	13	7	5
2012-07-14 14:00:00	23.4	1096.1	50400	1342274400	558348	26.11	14	7	5
2012-07-14 15:00:00	23.7	1425.9	54000	1342278000	771125	26.11	15	7	5
2012-07-14 16:00:00	23.7	1784.8	57600	1342281600	921731	26.11	16	7	5
2012-07-14 17:00:00	23.7	1280.4	61200	1342285200	671072	26.11	17	7	5
2012-07-14 18:00:00	23.2	1813.9	64800	1342288800	933478	26.11	18	7	5
2012-07-14 19:00:00	23.4	1746.0	68400	1342292400	895028	26.11	19	7	5
2012-07-14 20:00:00	24.0	1716.9	72000	1342296000	887269	26.11	20	7	5
2012-07-14 21:00:00	24.0	1736.3	75600	1342299600	898679	26.11	21	7	5
2012-07-14 22:00:00	23.8	1726.6	79200	1342303200	888930	26.11	22	7	5
2012-07-14 23:00:00	23.3	1571.4	82800	1342306800	876144	26.11	23	7	5
2012-07-15 00:00:00	23.1	1231.9	0	1342310400	635566	26.11	0	7	6
2012-07-15 01:00:00	22.7	1096.1	3600	1342314000	551793	25.11	1	7	6
2012-07-15 02:00:00	23.1	1047.6	7200	1342317600	531140	26.11	2	7	6
2012-07-15 03:00:00	23.1	1047.6	10800	1342321200	531140	26.11	3	7	6
2012-07-15 04:00:00	23.1	1008.8	14400	1342324800	511312	25.11	4	7	6
2012-07-15 05:00:00	23.3	989.4	18000	1342328400	502516	26.11	5	7	6
2012-07-15 06:00:00	23.6	1086.4	21600	1342332000	554346	26.11	6	7	6
2012-07-15 07:00:00	23.7	1590.8	25200	1342335600	830207	26.11	7	7	6
2012-07-15 08:00:00	24.7	1522.9	28800	1342339200	877701	26.11	8	7	6
2012-07-15 09:00:00	24.0	1474.4	32400	1342342800	813222	26.11	9	7	6
2012-07-15 10:00:00	25.1	1552.0	36000	1342346400	921783	25.11	10	7	6
2012-07-15 11:00:00	24.3	1610.2	39600	1342350000	834922	26.11	11	7	6
2012-07-15 12:00:00	24.8	1707.2	43200	1342353600	919053	26.11	12	7	6
2012-07-15 13:00:00	24.7	1280.4	46800	1342357200	699064	26.11	13	7	6
2012-07-15 14:00:00	24.7	523.8	50400	1342360800	277471	26.11	14	7	6
2012-07-15 15:00:00	24.4	1387.1	54000	1342364400	760786	26.11	15	7	6
2012-07-15 16:00:00	24.3	1493.8	57600	1342368000	837099	26.11	16	7	6
2012-07-15 17:00:00	24.4	1610.2	61200	1342371600	838671	26.11	17	7	6
2012-07-15 18:00:00	24.9	1658.7	64800	1342375200	898261	26.11	18	7	6
2012-07-15 19:00:00	24.9	1658.7	68400	1342378800	898261	26.11	19	7	6
2012-07-15 20:00:00	24.3	1493.8	72000	1342382400	837099	26.11	20	7	6
2012-07-15 21:00:00	23.4	1503.5	75600	1342386000	824576	26.11	21	7	6
2012-07-15 22:00:00	23.8	1474.4	79200	1342389600	808798	26.11	22	7	6
2012-07-15 23:00:00	23.8	1367.7	82800	1342393200	731339	26.11	23	7	6
2012-07-16 00:00:00	23.4	679.0	0	1342396800	359754	26.11	0	7	0
2012-07-16 01:00:00	23.3	562.6	3600	1342400400	286960	26.11	1	7	0
2012-07-16 02:00:00	22.4	591.7	7200	1342404000	298946	25.11	2	7	0
2012-07-16 03:00:00	21.8	552.9	10800	1342407600	274337	24.11	3	7	0
2012-07-16 04:00:00	21.6	591.7	14400	1342411200	294503	24.11	4	7	0
2012-07-16 05:00:00	22.0	572.3	18000	1342414800	286649	24.11	5	7	0
2012-07-16 06:00:00	22.5	533.5	21600	1342418400	267360	25.11	6	7	0
2012-07-16 07:00:00	23.6	1299.8	25200	1342422000	682551	26.11	7	7	0
2012-07-16 08:00:00	23.7	1202.8	28800	1342425600	622306	26.11	8	7	0
2012-07-16 09:00:00	24.2	1173.7	32400	1342429200	612664	26.11	9	7	0
2012-07-16 10:00:00	24.6	931.2	36000	1342432800	489895	26.11	10	7	0
2012-07-16 11:00:00	24.9	1406.5	39600	1342436400	799954	26.11	11	7	0
2012-07-16 12:00:00	24.9	1387.1	43200	1342440000	785681	26.11	12	7	0
2012-07-16 13:00:00	25.0	1396.8	46800	1342443600	799363	26.11	13	7	0
2012-07-16 14:00:00	24.9	989.4	50400	1342447200	532770	26.11	14	7	0
2012-07-16 15:00:00	24.7	1600.5	54000	1342450800	848862	26.11	15	7	0
2012-07-16 16:00:00	24.6	1658.7	57600	1342454400	876325	26.11	16	7	0
2012-07-16 17:00:00	24.4	1649.0	61200	1342458000	860706	26.11	17	7	0
2012-07-16 18:00:00	24.0	1639.3	64800	1342461600	842983	26.11	18	7	0
2012-07-16 19:00:00	23.8	1687.8	68400	1342465200	866591	26.11	19	7	0
2012-07-16 20:00:00	23.9	1687.8	72000	1342468800	868343	26.11	20	7	0
2012-07-16 21:00:00	23.5	1639.3	75600	1342472400	835778	26.11	21	7	0
2012-07-16 22:00:00	23.2	1697.5	79200	1342476000	865573	26.11	22	7	0
2012-07-16 23:00:00	23.0	1464.7	82800	1342479600	791872	26.11	23	7	0
2012-07-17 00:00:00	22.7	1144.6	0	1342483200	578532	25.11	0	7	1
2012-07-17 01:00:00	22.9	717.8	3600	1342486800	384400	25.11	1	7	1
2012-07-17 02:00:00	22.5	1037.9	7200	1342490400	519799	25.11	2	7	1
2012-07-17 03:00:00	22.3	1037.9	10800	1342494000	518648	25.11	3	7	1
2012-07-17 04:00:00	21.8	1028.2	14400	1342497600	508666	24.11	4	7	1
2012-07-17 05:00:00	22.2	1008.8	18000	1342501200	503789	25.11	5	7	1
2012-07-17 06:00:00	22.7	1008.8	21600	1342504800	506733	25.11	6	7	1
2012-07-17 07:00:00	23.2	1416.2	25200	1342508400	758339	26.11	7	7	1
2012-07-17 08:00:00	22.9	1348.3	28800	1342512000	707926	25.11	8	7	1
2012-07-17 09:00:00	22.6	1261.0	32400	1342515600	646399	25.11	9	7	1
2012-07-17 10:00:00	21.7	1270.7	36000	1342519200	642218	24.11	10	7	1
2012-07-17 11:00:00	23.1	1377.4	39600	1342522800	730420	26.11	11	7	1
2012-07-17 12:00:00	22.9	1416.2	43200	1342526400	754935	25.11	12	7	1
2012-07-17 13:00:00	23.5	1513.2	46800	1342530000	833304	26.11	13	7	1
2012-07-17 14:00:00	23.5	591.7	50400	1342533600	304406	26.11	14	7	1
2012-07-17 15:00:00	23.8	669.3	54000	1342537200	355628	26.11	15	7	1
2012-07-17 16:00:00	23.9	708.1	57600	1342540800	383876	26.11	16	7	1
2012-07-17 17:00:00	23.3	717.8	61200	1342544400	386571	26.11	17	7	1
2012-07-17 18:00:00	23.2	756.6	64800	1342548000	414898	26.11	18	7	1
2012-07-17 19:00:00	23.2	669.3	68400	1342551600	352362	26.11	19	7	1
2012-07-17 20:00:00	22.2	737.2	72000	1342555200	392744	25.11	20	7	1
2012-07-17 21:00:00	22.7	795.4	75600	1342558800	440826	25.11	21	7	1
2012-07-17 22:00:00	22.2	805.1	79200	1342562400	414486	24.11	22	7	1
2012-07-17 23:00:00	22.0	1144.6	82800	1342566000	573297	24.11	23	7	1
2012-07-18 00:00:00	22.4	999.1	0	1342569600	500020	25.11	0	7	2
2012-07-18 01:00:00	22.3	591.7	3600	1342573200	298579	25.11	1	7	2
2012-07-18 02:00:00	22.3	727.5	7200	1342576800	386313	25.11	2	7	2
2012-07-18 03:00:00	22.2	679.0	10800	1342580400	352354	25.11	3	7	2
2012-07-18 04:00:00	22.5	669.3	14400	1342584000	347465	25.11	4	7	2
2012-07-18 05:00:00	23.0	630.5	18000	1342587600	326475	25.11	5	7	2
2012-07-18 06:00:00	23.3	582.0	21600	1342591200	298038	26.11	6	7	2
2012-07-18 07:00:00	24.3	582.0	25200	1342594800	304618	26.11	7	7	2
2012-07-18 08:00:00	24.8	572.3	28800	1342598400	308323	26.11	8	7	2
2012-07-18 09:00:00	25.5	582.0	32400	1342602000	332302	25.11	9	7	2
2012-07-18 10:00:00	26.1	591.7	36000	1342605600	340989	26.11	10	7	2
2012-07-18 11:00:00	25.6	582.0	39600	1342609200	332800	25.11	11	7	2
2012-07-18 12:00:00	24.9	591.7	43200	1342612800	323289	26.11	12	7	2
2012-07-18 13:00:00	24.9	611.1	46800	1342616400	335772	26.11	13	7	2
2012-07-18 14:00:00	24.4	746.9	50400	1342620000	420429	26.11	14	7	2
2012-07-18 15:00:00	23.3	1076.7	54000	1342623600	547322	26.11	15	7	2
2012-07-18 16:00:00	22.9	1096.1	57600	1342627200	554125	25.11	16	7	2
2012-07-18 17:00:00	24.0	1134.9	61200	1342630800	585868	26.11	17	7	2
2012-07-18 18:00:00	23.8	1134.9	64800	1342634400	583271	26.11	18	7	2
2012-07-18 19:00:00	23.6	1134.9	68400	1342638000	581378	26.11	19	7	2
2012-07-18 20:00:00	23.6	1173.7	72000	1342641600	603893	26.11	20	7	2
2012-07-18 21:00:00	22.9	1173.7	75600	1342645200	597911	25.11	21	7	2
2012-07-18 22:00:00	22.7	1105.8	79200	1342648800	557043	25.11	22	7	2
2012-07-18 23:00:00	22.9	1096.1	82800	1342652400	554125	25.11	23	7	2
2012-07-19 00:00:00	22.9	1047.6	0	1342656000	528367	25.11	0	7	3
2012-07-19 01:00:00	23.1	970.0	3600	1342659600	492150	25.11	1	7	3
2012-07-19 02:00:00	22.5	999.1	7200	1342663200	500583	25.11	2	7	3
2012-07-19 03:00:00	22.5	970.0	10800	1342666800	486674	25.11	3	7	3
2012-07-19 04:00:00	22.3	698.4	14400	1342670400	365921	25.11	4	7	3
2012-07-19 05:00:00	22.7	1096.1	18000	1342674000	551793	25.11	5	7	3
2012-07-19 06:00:00	22.9	717.8	21600	1342677600	384400	25.11	6	7	3
2012-07-19 07:00:00	23.0	1047.6	25200	1342681200	529697	25.11	7	7	3
2012-07-19 08:00:00	23.0	1008.8	28800	1342684800	509867	25.11	8	7	3
2012-07-19 09:00:00	23.5	999.1	32400	1342688400	508233	26.11	9	7	3
2012-07-19 10:00:00	24.3	737.2	36000	1342692000	411079	26.11	10	7	3
2012-07-19 11:00:00	24.9	727.5	39600	1342695600	418206	26.11	11	7	3
2012-07-19 12:00:00	24.4	737.2	43200	1342699200	412937	26.11	12	7	3
2012-07-19 13:00:00	24.5	1115.5	46800	1342702800	586285	26.11	13	7	3
2012-07-19 14:00:00	24.4	630.5	50400	1342706400	336794	26.11	14	7	3
2012-07-19 15:00:00	25.1	1619.9	54000	1342710000	895601	26.11	15	7	3
2012-07-19 16:00:00	25.1	1639.3	57600	1342713600	907061	26.11	16	7	3
2012-07-19 17:00:00	25.4	1649.0	61200	1342717200	941135	25.11	17	7	3
2012-07-19 18:00:00	22.2	1707.2	64800	1342720800	856482	25.11	18	7	3
2012-07-19 19:00:00	22.4	1668.4	68400	1342724400	837091	25.11	19	7	3
2012-07-19 20:00:00	24.3	1639.3	72000	1342728000	851284	26.11	20	7	3
2012-07-19 21:00:00	21.8	1581.1	75600	1342731600	884691	21.11	21	7	3
2012-07-19 22:00:00	22.0	1590.8	79200	1342735200	818712	26.11	22	7	3
2012-07-19 23:00:00	22.9	1552.0	82800	1342738800	883397	22.11	23	7	3
2012-07-20 00:00:00	22.5	805.1	0	1342742400	415966	25.11	0	7	4
2012-07-20 01:00:00	22.9	679.0	3600	1342746000	357251	25.11	1	7	4
2012-07-20 02:00:00	22.5	630.5	7200	1342749600	322638	25.11	2	7	4
2012-07-20 03:00:00	22.5	630.5	10800	1342753200	322638	25.11	3	7	4
2012-07-20 04:00:00	22.4	640.2	14400	1342756800	328190	25.11	4	7	4
2012-07-20 05:00:00	22.5	620.8	18000	1342760400	316674	25.11	5	7	4
2012-07-20 06:00:00	22.7	669.3	21600	1342764000	348868	25.11	6	7	4
2012-07-20 07:00:00	22.7	1493.8	25200	1342767600	807091	25.11	7	7	4
2012-07-20 08:00:00	22.5	1348.3	28800	1342771200	701352	25.11	8	7	4
2012-07-20 09:00:00	23.2	1280.4	32400	1342774800	666563	26.11	9	7	4
2012-07-20 10:00:00	23.1	1319.2	36000	1342778400	691160	26.11	10	7	4
2012-07-20 11:00:00	22.5	1251.3	39600	1342782000	639285	25.11	11	7	4
2012-07-20 12:00:00	21.8	1396.8	43200	1342785600	726104	24.11	12	7	4
2012-07-20 13:00:00	21.8	1474.4	46800	1342789200	780569	24.11	13	7	4
2012-07-20 14:00:00	21.8	533.5	50400	1342792800	264142	24.11	14	7	4
2012-07-20 15:00:00	21.3	1037.9	54000	1342796400	509357	24.11	15	7	4
2012-07-20 16:00:00	20.4	1028.2	57600	1342800000	495074	23.11	16	7	4
2012-07-20 17:00:00	20.5	1057.3	61200	1342803600	510026	23.11	17	7	4
2012-07-20 18:00:00	20.3	1076.7	64800	1342807200	518036	23.11	18	7	4
2012-07-20 19:00:00	19.1	1105.8	68400	1342810800	519176	22.11	19	7	4
2012-07-20 20:00:00	19.3	1144.6	72000	1342814400	540706	22.11	20	7	4
2012-07-20 21:00:00	19.1	1105.8	75600	1342818000	519176	22.11	21	7	4
2012-07-20 22:00:00	18.9	1096.1	79200	1342821600	512446	21.11	22	7	4
2012-07-20 23:00:00	19.0	1076.7	82800	1342825200	504191	22.11	23	7	4
2012-07-21 00:00:00	19.0	746.9	0	1342828800	374185	22.11	0	7	5
2012-07-21 01:00:00	19.0	698.4	3600	1342832400	342052	22.11	1	7	5
2012-07-21 02:00:00	18.5	1067.0	7200	1342836000	491140	21.11	2	7	5
2012-07-21 03:00:00	18.2	649.9	10800	1342839600	305838	21.11	3	7	5
2012-07-21 04:00:00	17.6	727.5	14400	1342843200	360239	17.11	4	7	5
2012-07-21 05:00:00	17.4	708.1	18000	1342846800	335294	20.11	5	7	5
2012-07-21 06:00:00	17.6	698.4	21600	1342850400	342647	17.11	6	7	5
2012-07-21 07:00:00	17.9	698.4	25200	1342854000	345450	17.11	7	7	5
2012-07-21 08:00:00	18.2	698.4	28800	1342857600	335409	21.11	8	7	5
2012-07-21 09:00:00	18.2	698.4	32400	1342861200	335409	21.11	9	7	5
2012-07-21 10:00:00	18.7	679.0	36000	1342864800	328292	21.11	10	7	5
2012-07-21 11:00:00	18.5	679.0	39600	1342868400	326006	21.11	11	7	5
2012-07-21 12:00:00	19.0	688.7	43200	1342872000	335897	22.11	12	7	5
2012-07-21 13:00:00	19.3	717.8	46800	1342875600	356804	22.11	13	7	5
2012-07-21 14:00:00	19.3	620.8	50400	1342879200	296882	22.11	14	7	5
2012-07-21 15:00:00	19.3	1619.9	54000	1342882800	761828	22.11	15	7	5
2012-07-21 16:00:00	19.8	1590.8	57600	1342886400	853251	19.11	16	7	5
2012-07-21 17:00:00	19.5	1649.0	61200	1342890000	779327	22.11	17	7	5
2012-07-21 18:00:00	19.5	1668.4	64800	1342893600	789204	22.11	18	7	5
2012-07-21 20:00:00	19.3	1687.8	72000	1342900800	795967	22.11	20	7	5
2012-07-21 21:00:00	19.3	1716.9	75600	1342904400	811056	22.11	21	7	5
2012-07-21 22:00:00	19.3	1658.7	79200	1342908000	781153	22.11	22	7	5
2012-07-21 23:00:00	19.6	1619.9	82800	1342911600	766530	22.11	23	7	5
2012-07-22 00:00:00	19.6	1086.4	0	1342915200	514259	22.11	0	7	6
2012-07-22 01:00:00	19.3	669.3	3600	1342918800	325709	22.11	1	7	6
2012-07-22 02:00:00	19.6	727.5	7200	1342922400	366286	22.11	2	7	6
2012-07-22 03:00:00	19.6	727.5	10800	1342926000	366286	22.11	3	7	6
2012-07-22 04:00:00	19.6	727.5	14400	1342929600	366286	22.11	4	7	6
2012-07-22 05:00:00	19.8	698.4	18000	1342933200	362501	19.11	5	7	6
2012-07-22 06:00:00	19.8	649.9	21600	1342936800	318486	22.11	6	7	6
2012-07-22 07:00:00	20.2	1435.6	25200	1342940400	727748	23.11	7	7	6
2012-07-22 08:00:00	20.6	1367.7	28800	1342944000	689108	23.11	8	7	6
2012-07-22 09:00:00	20.6	1387.1	32400	1342947600	701822	23.11	9	7	6
2012-07-22 10:00:00	20.4	1396.8	36000	1342951200	704743	23.11	10	7	6
2012-07-22 11:00:00	21.3	1493.8	39600	1342954800	785244	24.11	11	7	6
2012-07-22 12:00:00	21.8	1619.9	43200	1342958400	802488	24.11	12	7	6
2012-07-22 13:00:00	22.0	1474.4	46800	1342962000	783611	25.11	13	7	6
2012-07-22 14:00:00	21.8	698.4	50400	1342965600	363054	24.11	14	7	6
2012-07-22 15:00:00	22.2	1270.7	54000	1342969200	648664	25.11	15	7	6
2012-07-22 16:00:00	22.7	1358.0	57600	1342972800	710728	25.11	16	7	6
2012-07-22 17:00:00	22.5	1367.7	61200	1342976400	714349	25.11	17	7	6
2012-07-22 18:00:00	22.5	1358.0	64800	1342980000	707826	25.11	18	7	6
2012-07-22 19:00:00	21.8	1406.5	68400	1342983600	732750	24.11	19	7	6
2012-07-22 20:00:00	21.5	1425.9	72000	1342987200	740410	24.11	20	7	6
2012-07-22 21:00:00	21.5	1425.9	75600	1342990800	740410	24.11	21	7	6
2012-07-22 22:00:00	21.1	1358.0	79200	1342994400	690139	24.11	22	7	6
2012-07-22 23:00:00	20.9	1328.9	82800	1342998000	670021	24.11	23	7	6
2012-07-23 00:00:00	20.9	989.4	0	1343001600	481829	23.11	0	7	0
2012-07-23 01:00:00	20.9	688.7	3600	1343005200	365754	20.11	1	7	0
2012-07-23 02:00:00	21.3	640.2	7200	1343008800	321553	24.11	2	7	0
2012-07-23 03:00:00	21.3	630.5	10800	1343012400	315661	24.11	3	7	0
2012-07-23 04:00:00	21.8	630.5	14400	1343016000	318988	24.11	4	7	0
2012-07-23 05:00:00	21.8	620.8	18000	1343019600	313070	24.11	5	7	0
2012-07-23 06:00:00	22.4	679.0	21600	1343023200	353326	25.11	6	7	0
2012-07-23 07:00:00	23.3	1338.6	25200	1343026800	705474	26.11	7	7	0
2012-07-23 08:00:00	24.6	1212.5	28800	1343030400	649667	26.11	8	7	0
2012-07-23 09:00:00	24.4	1154.3	32400	1343034000	606197	26.11	9	7	0
2012-07-23 10:00:00	23.2	1134.9	36000	1343037600	578874	26.11	10	7	0
2012-07-23 11:00:00	24.0	1193.1	39600	1343041200	620501	26.11	11	7	0
2012-07-23 12:00:00	23.9	1251.3	43200	1343044800	655196	26.11	12	7	0
2012-07-23 13:00:00	24.5	1251.3	46800	1343048400	670807	26.11	13	7	0
2012-07-23 14:00:00	24.2	708.1	50400	1343052000	387641	26.11	14	7	0
2012-07-23 15:00:00	24.2	1290.1	54000	1343055600	686892	26.11	15	7	0
2012-07-23 16:00:00	23.8	1251.3	57600	1343059200	653695	26.11	16	7	0
2012-07-23 17:00:00	23.5	1299.8	61200	1343062800	681501	26.11	17	7	0
2012-07-23 18:00:00	23.5	1338.6	64800	1343066400	707315	26.11	18	7	0
2012-07-23 19:00:00	23.5	1309.5	68400	1343070000	687880	26.11	19	7	0
2012-07-23 20:00:00	23.6	1280.4	72000	1343073600	669903	26.11	20	7	0
2012-07-23 21:00:00	23.0	1261.0	75600	1343077200	652948	25.11	21	7	0
2012-07-23 22:00:00	23.0	1212.5	79200	1343080800	622848	25.11	22	7	0
2012-07-23 23:00:00	22.5	1202.8	82800	1343084400	610072	25.11	23	7	0
2012-07-24 00:00:00	22.3	679.0	0	1343088000	352809	25.11	0	7	1
2012-07-24 01:00:00	22.2	679.0	3600	1343091600	352354	25.11	1	7	1
2012-07-24 02:00:00	21.8	591.7	7200	1343095200	295891	24.11	2	7	1
2012-07-24 03:00:00	21.6	591.7	10800	1343098800	294503	24.11	3	7	1
2012-07-24 04:00:00	21.6	582.0	14400	1343102400	289024	24.11	4	7	1
2012-07-24 05:00:00	21.8	572.3	18000	1343106000	284920	24.11	5	7	1
2012-07-24 06:00:00	22.9	679.0	21600	1343109600	357251	25.11	6	7	1
2012-07-24 07:00:00	24.2	1455.0	25200	1343113200	804121	26.11	7	7	1
2012-07-24 08:00:00	25.3	1435.6	28800	1343116800	838076	25.11	8	7	1
2012-07-24 09:00:00	25.2	1299.8	32400	1343120400	744235	25.11	9	7	1
2012-07-24 10:00:00	25.5	1231.9	36000	1343124000	705056	25.11	10	7	1
2012-07-24 11:00:00	25.7	1241.6	39600	1343127600	713276	25.11	11	7	1
2012-07-24 12:00:00	25.0	1319.2	43200	1343131200	743724	26.11	12	7	1
2012-07-24 13:00:00	25.8	1290.1	46800	1343134800	745279	25.11	13	7	1
2012-07-24 14:00:00	25.0	620.8	50400	1343138400	345439	26.11	14	7	1
2012-07-24 15:00:00	25.0	1261.0	54000	1343142000	703830	26.11	15	7	1
2012-07-24 16:00:00	24.5	1319.2	57600	1343145600	716611	26.11	16	7	1
2012-07-24 17:00:00	24.2	1299.8	61200	1343149200	693399	26.11	17	7	1
2012-07-24 18:00:00	23.2	1309.5	64800	1343152800	685420	26.11	18	7	1
2012-07-24 19:00:00	23.0	1280.4	68400	1343156400	665328	25.11	19	7	1
2012-07-24 20:00:00	23.2	1328.9	72000	1343160000	698237	26.11	20	7	1
2012-07-24 21:00:00	22.7	1319.2	75600	1343163600	684931	25.11	21	7	1
2012-07-24 22:00:00	21.8	1270.7	79200	1343167200	643961	24.11	22	7	1
2012-07-24 23:00:00	21.0	1251.3	82800	1343170800	623204	24.11	23	7	1
2012-07-25 00:00:00	19.9	950.6	0	1343174400	454124	22.11	0	7	2
2012-07-25 01:00:00	19.6	611.1	3600	1343178000	293527	22.11	1	7	2
2012-07-25 02:00:00	18.4	649.9	7200	1343181600	307400	21.11	2	7	2
2012-07-25 03:00:00	17.7	640.2	10800	1343185200	310603	17.11	3	7	2
2012-07-25 04:00:00	17.1	630.5	14400	1343188800	286328	20.11	4	7	2
2012-07-25 05:00:00	16.4	630.5	18000	1343192400	280978	19.11	5	7	2
2012-07-25 06:00:00	17.0	611.1	21600	1343196000	275106	20.11	6	7	2
2012-07-25 07:00:00	17.1	1183.4	25200	1343199600	530826	20.11	7	7	2
2012-07-25 08:00:00	17.2	1134.9	28800	1343203200	507226	20.11	8	7	2
2012-07-25 09:00:00	17.2	1067.0	32400	1343206800	474361	20.11	9	7	2
2012-07-25 10:00:00	17.8	1086.4	36000	1343210400	492821	20.11	10	7	2
2012-07-25 11:00:00	17.5	1105.8	39600	1343214000	496828	20.11	11	7	2
2012-07-25 12:00:00	18.9	1125.2	43200	1343217600	527496	21.11	12	7	2
2012-07-25 13:00:00	19.5	1231.9	46800	1343221200	590964	22.11	13	7	2
2012-07-25 14:00:00	18.3	572.3	50400	1343224800	263724	21.11	14	7	2
2012-07-25 15:00:00	18.9	1290.1	54000	1343228400	647133	18.11	15	7	2
2012-07-25 16:00:00	18.6	1328.9	57600	1343232000	636223	21.11	16	7	2
2012-07-25 17:00:00	19.0	1328.9	61200	1343235600	641808	22.11	17	7	2
2012-07-25 18:00:00	19.4	1387.1	64800	1343239200	683599	22.11	18	7	2
2012-07-25 19:00:00	19.1	1377.4	68400	1343242800	672962	22.11	19	7	2
2012-07-25 20:00:00	19.0	1445.3	72000	1343246400	715665	22.11	20	7	2
2012-07-25 21:00:00	18.4	1455.0	75600	1343250000	712252	21.11	21	7	2
2012-07-25 22:00:00	18.0	1367.7	79200	1343253600	649783	21.11	22	7	2
2012-07-25 23:00:00	18.2	1280.4	82800	1343257200	600376	21.11	23	7	2
2012-07-26 00:00:00	18.2	999.1	0	1343260800	456876	21.11	0	7	3
2012-07-26 01:00:00	18.3	601.4	3600	1343264400	279116	21.11	1	7	3
2012-07-26 02:00:00	18.3	669.3	7200	1343268000	318187	21.11	2	7	3
2012-07-26 03:00:00	19.0	630.5	10800	1343271600	300878	22.11	3	7	3
2012-07-26 04:00:00	19.8	640.2	14400	1343275200	312593	22.11	4	7	3
2012-07-26 05:00:00	20.4	630.5	18000	1343278800	309824	23.11	5	7	3
2012-07-26 06:00:00	21.5	601.4	21600	1343282400	299498	24.11	6	7	3
2012-07-26 07:00:00	22.3	1183.4	25200	1343286000	597154	25.11	7	7	3
2012-07-26 08:00:00	22.7	1105.8	28800	1343289600	557043	25.11	8	7	3
2012-07-26 09:00:00	23.0	1047.6	32400	1343293200	529697	25.11	9	7	3
2012-07-26 10:00:00	24.0	1047.6	36000	1343296800	537336	26.11	10	7	3
2012-07-26 11:00:00	24.8	1096.1	39600	1343300400	587524	26.11	11	7	3
2012-07-26 12:00:00	25.6	1309.5	43200	1343304000	755512	25.11	12	7	3
2012-07-26 13:00:00	26.7	1202.8	46800	1343307600	699733	26.11	13	7	3
2012-07-26 14:00:00	26.6	630.5	50400	1343311200	367804	26.11	14	7	3
2012-07-26 15:00:00	26.4	1270.7	54000	1343314800	739663	26.11	15	7	3
2012-07-26 16:00:00	26.4	1299.8	57600	1343318400	758828	26.11	16	7	3
2012-07-26 17:00:00	26.2	1328.9	61200	1343322000	775946	26.11	17	7	3
2012-07-26 18:00:00	26.1	1358.0	64800	1343325600	794599	26.11	18	7	3
2012-07-26 19:00:00	25.6	1367.7	68400	1343329200	794623	25.11	19	7	3
2012-07-26 20:00:00	23.2	1367.7	72000	1343332800	724458	26.11	20	7	3
2012-07-26 21:00:00	22.9	1367.7	75600	1343336400	721118	25.11	21	7	3
2012-07-26 22:00:00	22.9	1416.2	79200	1343340000	754935	25.11	22	7	3
2012-07-26 23:00:00	22.5	1299.8	82800	1343343600	669710	25.11	23	7	3
2012-07-27 00:00:00	22.4	717.8	0	1343347200	380013	25.11	0	7	4
2012-07-27 01:00:00	22.5	620.8	3600	1343350800	316674	25.11	1	7	4
2012-07-27 02:00:00	22.0	679.0	7200	1343354400	351597	25.11	2	7	4
2012-07-27 03:00:00	22.4	659.6	10800	1343358000	340564	25.11	3	7	4
2012-07-27 04:00:00	22.0	659.6	14400	1343361600	338957	25.11	4	7	4
2012-07-27 05:00:00	22.2	640.2	18000	1343365200	327352	25.11	5	7	4
2012-07-27 06:00:00	23.2	591.7	21600	1343368800	303443	26.11	6	7	4
2012-07-27 07:00:00	23.5	1037.9	25200	1343372400	527933	26.11	7	7	4
2012-07-27 08:00:00	23.5	1028.2	28800	1343376000	522935	26.11	8	7	4
2012-07-27 09:00:00	24.5	989.4	32400	1343379600	516437	26.11	9	7	4
2012-07-27 10:00:00	24.5	1028.2	36000	1343383200	537029	26.11	10	7	4
2012-07-27 11:00:00	24.6	756.6	39600	1343386800	432447	26.11	11	7	4
2012-07-27 12:00:00	24.3	1105.8	43200	1343390400	574906	26.11	12	7	4
2012-07-27 13:00:00	24.6	1193.1	46800	1343394000	637334	26.11	13	7	4
2012-07-27 14:00:00	24.2	601.4	50400	1343397600	315276	26.11	14	7	4
2012-07-27 15:00:00	24.9	1309.5	54000	1343401200	730362	26.11	15	7	4
2012-07-27 16:00:00	24.8	1358.0	57600	1343404800	758569	26.11	16	7	4
2012-07-27 17:00:00	23.8	1377.4	61200	1343408400	738133	26.11	17	7	4
2012-07-27 18:00:00	24.0	1348.3	64800	1343412000	721695	26.11	18	7	4
2012-07-27 19:00:00	24.1	1348.3	68400	1343415600	724017	26.11	19	7	4
2012-07-27 20:00:00	24.4	1358.0	72000	1343419200	739944	26.11	20	7	4
2012-07-27 21:00:00	23.6	1328.9	75600	1343422800	701895	26.11	21	7	4
2012-07-27 22:00:00	23.2	1319.2	79200	1343426400	691804	26.11	22	7	4
2012-07-27 23:00:00	23.4	1328.9	82800	1343430000	699823	26.11	23	7	4
2012-07-28 00:00:00	22.9	756.6	0	1343433600	413067	25.11	0	7	5
2012-07-28 01:00:00	22.9	620.8	3600	1343437200	319411	25.11	1	7	5
2012-07-28 02:00:00	22.3	640.2	7200	1343440800	327744	25.11	2	7	5
2012-07-28 03:00:00	22.5	611.1	10800	1343444400	310808	25.11	3	7	5
2012-07-28 04:00:00	21.6	630.5	14400	1343448000	317380	24.11	4	7	5
2012-07-28 05:00:00	22.4	601.4	18000	1343451600	304602	25.11	5	7	5
2012-07-28 06:00:00	22.9	620.8	21600	1343455200	319411	25.11	6	7	5
2012-07-28 07:00:00	23.9	1222.2	25200	1343458800	636832	26.11	7	7	5
2012-07-28 08:00:00	24.2	1173.7	28800	1343462400	612664	26.11	8	7	5
2012-07-28 09:00:00	24.7	1105.8	32400	1343466000	588405	26.11	9	7	5
2012-07-28 10:00:00	25.5	1096.1	36000	1343469600	626571	25.11	10	7	5
2012-07-28 11:00:00	25.0	1115.5	39600	1343473200	611045	26.11	11	7	5
2012-07-28 12:00:00	24.5	1280.4	43200	1343476800	690151	26.11	12	7	5
2012-07-28 13:00:00	23.6	1261.0	46800	1343480400	657454	26.11	13	7	5
2012-07-28 14:00:00	24.0	669.3	50400	1343484000	357500	26.11	14	7	5
2012-07-28 15:00:00	23.6	1338.6	54000	1343487600	708443	26.11	15	7	5
2012-07-28 16:00:00	23.6	1338.6	57600	1343491200	708443	26.11	16	7	5
2012-07-28 18:00:00	22.5	1522.9	64800	1343498400	825307	25.11	18	7	5
2012-07-28 19:00:00	22.0	1493.8	68400	1343502000	797685	25.11	19	7	5
2012-07-28 20:00:00	22.3	1522.9	72000	1343505600	822399	25.11	20	7	5
2012-07-28 21:00:00	22.0	1522.9	75600	1343509200	819154	25.11	21	7	5
2012-07-28 22:00:00	22.0	1455.0	79200	1343512800	769729	25.11	22	7	5
2012-07-28 23:00:00	21.8	1425.9	82800	1343516400	746181	24.11	23	7	5
2012-07-29 00:00:00	21.1	1076.7	0	1343520000	527665	24.11	0	7	6
2012-07-29 01:00:00	20.7	669.3	3600	1343523600	336149	23.11	1	7	6
2012-07-29 02:00:00	20.4	1008.8	7200	1343527200	485904	23.11	2	7	6
2012-07-29 03:00:00	20.0	1008.8	10800	1343530800	482666	22.11	3	7	6
2012-07-29 04:00:00	19.6	1028.2	14400	1343534400	485862	22.11	4	7	6
2012-07-29 05:00:00	20.2	1028.2	18000	1343538000	493772	23.11	5	7	6
2012-07-29 06:00:00	20.9	630.5	21600	1343541600	314144	23.11	6	7	6
2012-07-29 07:00:00	21.3	1134.9	25200	1343545200	559324	24.11	7	7	6
2012-07-29 08:00:00	21.8	1202.8	28800	1343548800	603040	24.11	8	7	6
2012-07-29 09:00:00	22.4	1096.1	32400	1343552400	549371	25.11	9	7	6
2012-07-29 10:00:00	22.5	1173.7	36000	1343556000	593127	25.11	10	7	6
2012-07-29 11:00:00	22.9	1231.9	39600	1343559600	632828	25.11	11	7	6
2012-07-29 12:00:00	22.4	1328.9	43200	1343563200	687431	25.11	12	7	6
2012-07-29 13:00:00	22.5	1309.5	46800	1343566800	675941	25.11	13	7	6
2012-07-29 14:00:00	22.5	601.4	50400	1343570400	305038	25.11	14	7	6
2012-07-29 15:00:00	22.7	640.2	54000	1343574000	329959	25.11	15	7	6
2012-07-29 16:00:00	22.5	688.7	57600	1343577600	360463	25.11	16	7	6
2012-07-29 17:00:00	22.2	698.4	61200	1343581200	365432	25.11	17	7	6
2012-07-29 18:00:00	22.2	679.0	64800	1343584800	352354	25.11	18	7	6
2012-07-29 19:00:00	21.8	708.1	68400	1343588400	369724	24.11	19	7	6
2012-07-29 20:00:00	21.3	688.7	72000	1343592000	352436	24.11	20	7	6
2012-07-29 21:00:00	21.5	698.4	75600	1343595600	360272	24.11	21	7	6
2012-07-29 22:00:00	21.3	698.4	79200	1343599200	358898	24.11	22	7	6
2012-07-29 23:00:00	21.1	640.2	82800	1343602800	320695	24.11	23	7	6
2012-07-30 00:00:00	20.7	659.6	0	1343606400	329997	23.11	0	7	0
2012-07-30 01:00:00	20.3	591.7	3600	1343610000	287075	23.11	1	7	0
2012-07-30 02:00:00	20.5	669.3	7200	1343613600	334340	23.11	2	7	0
2012-07-30 03:00:00	20.3	611.1	10800	1343617200	297974	23.11	3	7	0
2012-07-30 04:00:00	20.3	611.1	14400	1343620800	297974	23.11	4	7	0
2012-07-30 05:00:00	22.0	601.4	18000	1343624400	303323	25.11	5	7	0
2012-07-30 06:00:00	22.7	582.0	21600	1343628000	294787	25.11	6	7	0
2012-07-30 07:00:00	21.6	611.1	25200	1343631600	305749	24.11	7	7	0
2012-07-30 08:00:00	23.1	601.4	28800	1343635200	308958	26.11	8	7	0
2012-07-30 09:00:00	23.1	601.4	32400	1343638800	308958	26.11	9	7	0
2012-07-30 10:00:00	23.0	591.7	36000	1343642400	302687	25.11	10	7	0
2012-07-30 11:00:00	23.7	620.8	39600	1343646000	323146	26.11	11	7	0
2012-07-30 12:00:00	22.7	640.2	43200	1343649600	329959	25.11	12	7	0
2012-07-30 13:00:00	22.9	649.9	46800	1343653200	337895	25.11	13	7	0
2012-07-30 14:00:00	22.9	989.4	50400	1343656800	499086	25.11	14	7	0
2012-07-30 15:00:00	22.7	1455.0	54000	1343660400	778600	25.11	15	7	0
2012-07-30 16:00:00	22.4	1513.2	57600	1343664000	816493	25.11	16	7	0
2012-07-30 17:00:00	22.2	1581.1	61200	1343667600	865622	25.11	17	7	0
2012-07-30 18:00:00	23.1	1658.7	64800	1343671200	843337	26.11	18	7	0
2012-07-30 19:00:00	21.8	1629.6	68400	1343674800	807569	24.11	19	7	0
2012-07-30 20:00:00	22.0	1629.6	72000	1343678400	812179	24.11	20	7	0
2012-07-30 21:00:00	21.5	1522.9	75600	1343682000	809690	24.11	21	7	0
2012-07-30 22:00:00	21.6	1425.9	79200	1343685600	742122	24.11	22	7	0
2012-07-30 23:00:00	21.6	1406.5	82800	1343689200	728783	24.11	23	7	0
2012-07-31 00:00:00	21.6	1115.5	0	1343692800	551488	24.11	0	7	1
2012-07-31 01:00:00	21.4	940.9	3600	1343696400	464557	24.11	1	7	1
2012-07-31 02:00:00	21.1	1057.3	7200	1343700000	517906	24.11	2	7	1
2012-07-31 03:00:00	21.4	1037.9	10800	1343703600	509972	24.11	3	7	1
2012-07-31 04:00:00	21.3	1018.5	14400	1343707200	499925	24.11	4	7	1
2012-07-31 05:00:00	21.3	1008.8	18000	1343710800	495280	24.11	5	7	1
2012-07-31 06:00:00	22.0	960.3	21600	1343714400	478488	24.11	6	7	1
2012-07-31 07:00:00	22.7	1299.8	25200	1343718000	672325	25.11	7	7	1
2012-07-31 08:00:00	22.5	1348.3	28800	1343721600	701352	25.11	8	7	1
2012-07-31 09:00:00	22.5	1251.3	32400	1343725200	639285	25.11	9	7	1
2012-07-31 10:00:00	22.5	1261.0	36000	1343728800	645273	25.11	10	7	1
2012-07-31 11:00:00	22.7	1319.2	39600	1343732400	684931	25.11	11	7	1
2012-07-31 12:00:00	22.7	1435.6	43200	1343736000	764641	25.11	12	7	1
2012-07-31 13:00:00	22.9	1377.4	46800	1343739600	727786	25.11	13	7	1
2012-07-31 14:00:00	23.0	582.0	50400	1343743200	296984	25.11	14	7	1
2012-07-31 15:00:00	22.5	620.8	54000	1343746800	316674	25.11	15	7	1
2012-07-31 16:00:00	22.2	649.9	57600	1343750400	333458	25.11	16	7	1
2012-07-31 17:00:00	22.7	659.6	61200	1343754000	342468	25.11	17	7	1
2012-07-31 18:00:00	22.5	649.9	64800	1343757600	334857	25.11	18	7	1
2012-07-31 19:00:00	22.7	669.3	68400	1343761200	348868	25.11	19	7	1
2012-07-31 20:00:00	22.9	649.9	72000	1343764800	337895	25.11	20	7	1
2012-07-31 21:00:00	22.2	659.6	75600	1343768400	339661	25.11	21	7	1
2012-07-31 22:00:00	21.8	659.6	79200	1343772000	337309	24.11	22	7	1
2012-07-31 23:00:00	21.3	679.0	82800	1343775600	346070	24.11	23	7	1
