	Twet	Load	Hour(s)	TimeStamp(s)	Power	Tset	Hour	month	DayofWeek
2011-07-01 00:00:00	15.4	58.2	0	1309478400	41179	17.11	0	7	4
2011-07-01 01:00:00	14.7	58.2	3600	1309482000	40002	16.11	1	7	4
2011-07-01 02:00:00	14.9	58.2	7200	1309485600	40247	17.11	2	7	4
2011-07-01 03:00:00	14.2	58.2	10800	1309489200	39080	16.11	3	7	4
2011-07-01 04:00:00	13.9	58.2	14400	1309492800	38441	16.11	4	7	4
2011-07-01 05:00:00	15.6	58.2	18000	1309496400	41545	17.11	5	7	4
2011-07-01 06:00:00	16.6	58.2	21600	1309500000	43209	18.11	6	7	4
2011-07-01 07:00:00	16.9	58.2	25200	1309503600	43684	19.11	7	7	4
2011-07-01 08:00:00	17.0	58.2	28800	1309507200	43743	19.11	8	7	4
2011-07-01 09:00:00	17.6	58.2	32400	1309510800	44771	19.11	9	7	4
2011-07-01 10:00:00	18.0	58.2	36000	1309514400	45307	20.11	10	7	4
2011-07-01 11:00:00	17.3	58.2	39600	1309518000	44126	19.11	11	7	4
2011-07-01 12:00:00	17.5	58.2	43200	1309521600	44586	19.11	12	7	4
2011-07-01 13:00:00	17.8	58.2	46800	1309525200	45191	19.11	13	7	4
2011-07-01 14:00:00	18.0	58.2	50400	1309528800	45307	20.11	14	7	4
2011-07-01 15:00:00	17.6	58.2	54000	1309532400	44771	19.11	15	7	4
2011-07-01 16:00:00	18.0	58.2	57600	1309536000	45307	20.11	16	7	4
2011-07-01 17:00:00	16.8	58.2	61200	1309539600	43638	18.11	17	7	4
2011-07-01 18:00:00	17.2	58.2	64800	1309543200	43947	19.11	18	7	4
2011-07-01 19:00:00	17.1	58.2	68400	1309546800	43827	19.11	19	7	4
2011-07-01 20:00:00	17.0	58.2	72000	1309550400	43743	19.11	20	7	4
2011-07-01 21:00:00	16.3	58.2	75600	1309554000	42648	18.11	21	7	4
2011-07-01 22:00:00	15.8	58.2	79200	1309557600	41948	18.11	22	7	4
2011-07-01 23:00:00	16.4	58.2	82800	1309561200	42848	18.11	23	7	4
2011-07-02 00:00:00	15.7	58.2	0	1309564800	41754	17.11	0	7	5
2011-07-02 01:00:00	15.5	58.2	3600	1309568400	41354	17.11	1	7	5
2011-07-02 02:00:00	15.5	58.2	7200	1309572000	41354	17.11	2	7	5
2011-07-02 03:00:00	14.8	58.2	10800	1309575600	40160	17.11	3	7	5
2011-07-02 04:00:00	15.0	58.2	14400	1309579200	40374	17.11	4	7	5
2011-07-02 05:00:00	15.9	58.2	18000	1309582800	42007	18.11	5	7	5
2011-07-02 06:00:00	17.8	58.2	21600	1309586400	45191	19.11	6	7	5
2011-07-02 07:00:00	18.6	58.2	25200	1309590000	46230	20.11	7	7	5
2011-07-02 08:00:00	19.2	58.2	28800	1309593600	46886	21.11	8	7	5
2011-07-02 09:00:00	18.5	58.2	32400	1309597200	46034	20.11	9	7	5
2011-07-02 10:00:00	19.1	58.2	36000	1309600800	46819	21.11	10	7	5
2011-07-02 11:00:00	18.5	58.2	39600	1309604400	46034	20.11	11	7	5
2011-07-02 12:00:00	18.0	58.2	43200	1309608000	45307	20.11	12	7	5
2011-07-02 13:00:00	18.1	58.2	46800	1309611600	45369	20.11	13	7	5
2011-07-02 14:00:00	18.6	58.2	50400	1309615200	46230	20.11	14	7	5
2011-07-02 15:00:00	20.4	58.2	54000	1309618800	48405	22.11	15	7	5
2011-07-02 16:00:00	20.3	58.2	57600	1309622400	48296	22.11	16	7	5
2011-07-02 17:00:00	19.8	58.2	61200	1309626000	48001	21.11	17	7	5
2011-07-02 18:00:00	19.8	58.2	64800	1309629600	48001	21.11	18	7	5
2011-07-02 19:00:00	20.1	58.2	68400	1309633200	48165	22.11	19	7	5
2011-07-02 20:00:00	19.9	58.2	72000	1309636800	48091	22.11	20	7	5
2011-07-02 21:00:00	19.6	58.2	75600	1309640400	47585	21.11	21	7	5
2011-07-02 22:00:00	19.4	58.2	79200	1309644000	47120	21.11	22	7	5
2011-07-02 23:00:00	19.5	58.2	82800	1309647600	47326	21.11	23	7	5
2011-07-03 00:00:00	19.8	58.2	0	1309651200	48001	21.11	0	7	6
2011-07-03 01:00:00	20.0	58.2	3600	1309654800	48123	22.11	1	7	6
2011-07-03 02:00:00	19.7	58.2	7200	1309658400	47785	21.11	2	7	6
2011-07-03 03:00:00	20.2	58.2	10800	1309662000	48220	22.11	3	7	6
2011-07-03 04:00:00	20.3	58.2	14400	1309665600	48296	22.11	4	7	6
2011-07-03 05:00:00	20.3	58.2	18000	1309669200	48296	22.11	5	7	6
2011-07-03 06:00:00	21.1	58.2	21600	1309672800	49402	23.11	6	7	6
2011-07-03 07:00:00	21.8	58.2	25200	1309676400	50410	23.11	7	7	6
2011-07-03 08:00:00	22.3	58.2	28800	1309680000	50628	24.11	8	7	6
2011-07-03 09:00:00	23.4	58.2	32400	1309683600	51703	25.11	9	7	6
2011-07-03 10:00:00	23.9	58.2	36000	1309687200	52388	26.11	10	7	6
2011-07-03 11:00:00	24.3	58.2	39600	1309690800	52528	26.11	11	7	6
2011-07-03 12:00:00	24.0	58.2	43200	1309694400	52412	26.11	12	7	6
2011-07-03 13:00:00	24.0	446.2	46800	1309698000	230571	26.11	13	7	6
2011-07-03 14:00:00	23.3	455.9	50400	1309701600	232994	26.11	14	7	6
2011-07-03 15:00:00	23.9	514.1	54000	1309705200	262995	26.11	15	7	6
2011-07-03 16:00:00	23.3	533.5	57600	1309708800	271076	26.11	16	7	6
2011-07-03 17:00:00	22.2	543.2	61200	1309712400	271549	25.11	17	7	6
2011-07-03 18:00:00	21.3	572.3	64800	1309716000	282291	24.11	18	7	6
2011-07-03 19:00:00	20.7	572.3	68400	1309719600	278797	23.11	19	7	6
2011-07-03 20:00:00	21.1	58.2	72000	1309723200	49402	23.11	20	7	6
2011-07-03 21:00:00	20.7	552.9	75600	1309726800	268455	23.11	21	7	6
2011-07-03 22:00:00	20.7	58.2	79200	1309730400	49038	22.11	22	7	6
2011-07-03 23:00:00	21.1	58.2	82800	1309734000	49402	23.11	23	7	6
2011-07-04 00:00:00	20.2	58.2	0	1309737600	48220	22.11	0	7	0
2011-07-04 01:00:00	20.2	58.2	3600	1309741200	48220	22.11	1	7	0
2011-07-04 02:00:00	20.2	58.2	7200	1309744800	48220	22.11	2	7	0
2011-07-04 03:00:00	20.2	58.2	10800	1309748400	48220	22.11	3	7	0
2011-07-04 04:00:00	20.2	58.2	14400	1309752000	48220	22.11	4	7	0
2011-07-04 05:00:00	20.6	58.2	18000	1309755600	48800	22.11	5	7	0
2011-07-04 06:00:00	21.5	58.2	21600	1309759200	49733	23.11	6	7	0
2011-07-04 07:00:00	22.0	58.2	25200	1309762800	50496	24.11	7	7	0
2011-07-04 08:00:00	22.0	58.2	28800	1309766400	50496	24.11	8	7	0
2011-07-04 09:00:00	22.2	58.2	32400	1309770000	50571	24.11	9	7	0
2011-07-04 10:00:00	21.9	58.2	36000	1309773600	50469	24.11	10	7	0
2011-07-04 11:00:00	21.7	58.2	39600	1309777200	50190	23.11	11	7	0
2011-07-04 12:00:00	22.4	58.2	43200	1309780800	50706	24.11	12	7	0
2011-07-04 13:00:00	21.9	58.2	46800	1309784400	50469	24.11	13	7	0
2011-07-04 14:00:00	22.2	533.5	50400	1309788000	266493	25.11	14	7	0
2011-07-04 15:00:00	22.7	543.2	54000	1309791600	273297	25.11	15	7	0
2011-07-04 16:00:00	22.1	523.8	57600	1309795200	261317	25.11	16	7	0
2011-07-04 17:00:00	22.4	562.6	61200	1309798800	282557	25.11	17	7	0
2011-07-04 18:00:00	22.0	58.2	64800	1309802400	50496	24.11	18	7	0
2011-07-04 19:00:00	22.2	58.2	68400	1309806000	50571	24.11	19	7	0
2011-07-04 20:00:00	22.2	58.2	72000	1309809600	50571	24.11	20	7	0
2011-07-04 21:00:00	22.0	58.2	75600	1309813200	50496	24.11	21	7	0
2011-07-04 22:00:00	22.0	58.2	79200	1309816800	50496	24.11	22	7	0
2011-07-04 23:00:00	22.2	58.2	82800	1309820400	50571	24.11	23	7	0
2011-07-05 00:00:00	22.2	58.2	0	1309824000	50571	24.11	0	7	1
2011-07-05 01:00:00	20.9	58.2	3600	1309827600	49337	23.11	1	7	1
2011-07-05 02:00:00	20.7	426.8	7200	1309831200	210473	23.11	2	7	1
2011-07-05 03:00:00	19.8	58.2	10800	1309834800	48001	21.11	3	7	1
2011-07-05 04:00:00	19.8	552.9	14400	1309838400	263616	22.11	4	7	1
2011-07-05 05:00:00	20.7	58.2	18000	1309842000	49038	22.11	5	7	1
2011-07-05 06:00:00	21.5	485.0	21600	1309845600	239146	24.11	6	7	1
2011-07-05 07:00:00	22.2	58.2	25200	1309849200	50571	24.11	7	7	1
2011-07-05 08:00:00	22.0	533.5	28800	1309852800	265614	24.11	8	7	1
2011-07-05 09:00:00	22.1	58.2	32400	1309856400	50529	24.11	9	7	1
2011-07-05 10:00:00	22.2	58.2	36000	1309860000	50571	24.11	10	7	1
2011-07-05 11:00:00	22.9	58.2	39600	1309863600	51486	25.11	11	7	1
2011-07-05 12:00:00	22.7	989.4	43200	1309867200	497255	25.11	12	7	1
2011-07-05 13:00:00	23.0	601.4	46800	1309870800	308488	25.11	13	7	1
2011-07-05 14:00:00	22.3	785.7	50400	1309874400	429706	25.11	14	7	1
2011-07-05 15:00:00	23.0	843.9	54000	1309878000	434426	25.11	15	7	1
2011-07-05 16:00:00	22.4	853.6	57600	1309881600	434931	25.11	16	7	1
2011-07-05 17:00:00	23.5	805.1	61200	1309885200	421428	26.11	17	7	1
2011-07-05 18:00:00	23.5	746.9	64800	1309888800	409259	26.11	18	7	1
2011-07-05 19:00:00	23.2	669.3	68400	1309892400	352362	26.11	19	7	1
2011-07-05 20:00:00	23.4	58.2	72000	1309896000	51703	25.11	20	7	1
2011-07-05 21:00:00	22.9	640.2	75600	1309899600	331637	25.11	21	7	1
2011-07-05 22:00:00	22.7	640.2	79200	1309903200	329959	25.11	22	7	1
2011-07-05 23:00:00	22.5	620.8	82800	1309906800	316674	25.11	23	7	1
2011-07-06 00:00:00	22.2	611.1	0	1309910400	309607	25.11	0	7	2
2011-07-06 01:00:00	21.5	58.2	3600	1309914000	49733	23.11	1	7	2
2011-07-06 02:00:00	21.5	58.2	7200	1309917600	49733	23.11	2	7	2
2011-07-06 03:00:00	21.1	58.2	10800	1309921200	49402	23.11	3	7	2
2011-07-06 04:00:00	21.1	58.2	14400	1309924800	49402	23.11	4	7	2
2011-07-06 05:00:00	21.6	58.2	18000	1309928400	49924	23.11	5	7	2
2011-07-06 06:00:00	22.9	58.2	21600	1309932000	51486	25.11	6	7	2
2011-07-06 07:00:00	23.0	58.2	25200	1309935600	51511	25.11	7	7	2
2011-07-06 08:00:00	23.0	58.2	28800	1309939200	51511	25.11	8	7	2
2011-07-06 09:00:00	23.7	58.2	32400	1309942800	52156	25.11	9	7	2
2011-07-06 10:00:00	22.2	756.6	36000	1309946400	406978	25.11	10	7	2
2011-07-06 11:00:00	22.4	426.8	39600	1309950000	217466	25.11	11	7	2
2011-07-06 12:00:00	22.4	485.0	43200	1309953600	243074	25.11	12	7	2
2011-07-06 13:00:00	22.4	475.3	46800	1309957200	238569	25.11	13	7	2
2011-07-06 14:00:00	23.2	436.5	50400	1309960800	224287	26.11	14	7	2
2011-07-06 15:00:00	23.8	475.3	54000	1309964400	243240	26.11	15	7	2
2011-07-06 16:00:00	23.3	465.6	57600	1309968000	237415	26.11	16	7	2
2011-07-06 17:00:00	23.7	436.5	61200	1309971600	225261	26.11	17	7	2
2011-07-06 18:00:00	23.2	455.9	64800	1309975200	232829	26.11	18	7	2
2011-07-06 19:00:00	22.9	58.2	68400	1309978800	51486	25.11	19	7	2
2011-07-06 20:00:00	22.9	58.2	72000	1309982400	51486	25.11	20	7	2
2011-07-06 21:00:00	22.7	504.4	75600	1309986000	253367	25.11	21	7	2
2011-07-06 22:00:00	22.5	58.2	79200	1309989600	50815	24.11	22	7	2
2011-07-06 23:00:00	22.2	426.8	82800	1309993200	217063	24.11	23	7	2
2011-07-07 00:00:00	22.2	58.2	0	1309996800	50571	24.11	0	7	3
2011-07-07 01:00:00	21.6	58.2	3600	1310000400	49924	23.11	1	7	3
2011-07-07 02:00:00	21.4	446.2	7200	1310004000	221802	24.11	2	7	3
2011-07-07 03:00:00	20.7	397.7	10800	1310007600	199345	23.11	3	7	3
2011-07-07 04:00:00	20.9	58.2	14400	1310011200	49337	23.11	4	7	3
2011-07-07 05:00:00	22.0	58.2	18000	1310014800	50496	24.11	5	7	3
2011-07-07 06:00:00	22.5	58.2	21600	1310018400	50815	24.11	6	7	3
2011-07-07 07:00:00	23.2	58.2	25200	1310022000	51582	25.11	7	7	3
2011-07-07 08:00:00	23.5	58.2	28800	1310025600	51801	25.11	8	7	3
2011-07-07 09:00:00	23.5	58.2	32400	1310029200	51801	25.11	9	7	3
2011-07-07 10:00:00	23.0	543.2	36000	1310032800	275162	25.11	10	7	3
2011-07-07 11:00:00	22.9	601.4	39600	1310036400	307575	25.11	11	7	3
2011-07-07 12:00:00	23.3	640.2	43200	1310040000	333622	26.11	12	7	3
2011-07-07 13:00:00	23.6	649.9	46800	1310043600	341277	26.11	13	7	3
2011-07-07 14:00:00	23.2	659.6	50400	1310047200	345905	26.11	14	7	3
2011-07-07 15:00:00	24.4	669.3	54000	1310050800	363144	26.11	15	7	3
2011-07-07 16:00:00	24.1	679.0	57600	1310054400	365396	26.11	16	7	3
2011-07-07 17:00:00	21.8	669.3	61200	1310058000	343605	24.11	17	7	3
2011-07-07 18:00:00	21.3	669.3	64800	1310061600	339798	24.11	18	7	3
2011-07-07 19:00:00	21.5	669.3	68400	1310065200	341039	24.11	19	7	3
2011-07-07 20:00:00	21.1	58.2	72000	1310068800	49402	23.11	20	7	3
2011-07-07 21:00:00	21.3	669.3	75600	1310072400	339798	24.11	21	7	3
2011-07-07 22:00:00	21.6	649.9	79200	1310076000	329395	24.11	22	7	3
2011-07-07 23:00:00	22.4	659.6	82800	1310079600	340564	25.11	23	7	3
2011-07-08 00:00:00	21.8	659.6	0	1310083200	337309	24.11	0	7	4
2011-07-08 01:00:00	21.5	58.2	3600	1310086800	49733	23.11	1	7	4
2011-07-08 02:00:00	20.7	58.2	7200	1310090400	49038	22.11	2	7	4
2011-07-08 03:00:00	20.5	407.4	10800	1310094000	202393	23.11	3	7	4
2011-07-08 04:00:00	20.9	543.2	14400	1310097600	264938	23.11	4	7	4
2011-07-08 05:00:00	21.1	572.3	18000	1310101200	281644	24.11	5	7	4
2011-07-08 06:00:00	22.5	601.4	21600	1310104800	305038	25.11	6	7	4
2011-07-08 07:00:00	23.0	601.4	25200	1310108400	308488	25.11	7	7	4
2011-07-08 08:00:00	23.4	611.1	28800	1310112000	315733	26.11	8	7	4
2011-07-08 09:00:00	24.1	58.2	32400	1310115600	52442	26.11	9	7	4
2011-07-08 10:00:00	24.2	58.2	36000	1310119200	52479	26.11	10	7	4
2011-07-08 11:00:00	25.0	58.2	39600	1310122800	53818	26.11	11	7	4
2011-07-08 12:00:00	24.7	58.2	43200	1310126400	53009	26.11	12	7	4
2011-07-08 13:00:00	24.4	58.2	46800	1310130000	52593	26.11	13	7	4
2011-07-08 14:00:00	24.5	620.8	50400	1310133600	332227	26.11	14	7	4
2011-07-08 15:00:00	22.2	58.2	54000	1310137200	50571	24.11	15	7	4
2011-07-08 16:00:00	21.6	58.2	57600	1310140800	49924	23.11	16	7	4
2011-07-08 17:00:00	22.2	611.1	61200	1310144400	309607	25.11	17	7	4
2011-07-08 18:00:00	22.2	562.6	64800	1310148000	281946	25.11	18	7	4
2011-07-08 19:00:00	22.0	58.2	68400	1310151600	50496	24.11	19	7	4
2011-07-08 20:00:00	21.4	58.2	72000	1310155200	49604	23.11	20	7	4
2011-07-08 21:00:00	21.1	58.2	75600	1310158800	49402	23.11	21	7	4
2011-07-08 22:00:00	21.1	58.2	79200	1310162400	49402	23.11	22	7	4
2011-07-08 23:00:00	20.9	58.2	82800	1310166000	49337	23.11	23	7	4
2011-07-09 00:00:00	20.9	58.2	0	1310169600	49337	23.11	0	7	5
2011-07-09 01:00:00	20.9	58.2	3600	1310173200	49337	23.11	1	7	5
2011-07-09 02:00:00	20.3	58.2	7200	1310176800	48296	22.11	2	7	5
2011-07-09 03:00:00	19.6	58.2	10800	1310180400	47585	21.11	3	7	5
2011-07-09 04:00:00	19.8	58.2	14400	1310184000	48001	21.11	4	7	5
2011-07-09 05:00:00	20.3	58.2	18000	1310187600	48296	22.11	5	7	5
2011-07-09 06:00:00	21.5	58.2	21600	1310191200	49733	23.11	6	7	5
2011-07-09 07:00:00	21.8	58.2	25200	1310194800	50410	23.11	7	7	5
2011-07-09 08:00:00	21.5	58.2	28800	1310198400	49733	23.11	8	7	5
2011-07-09 09:00:00	21.5	659.6	32400	1310202000	334817	24.11	9	7	5
2011-07-09 10:00:00	21.6	940.9	36000	1310205600	465757	24.11	10	7	5
2011-07-09 11:00:00	21.1	979.7	39600	1310209200	480539	23.11	11	7	5
2011-07-09 12:00:00	21.9	921.5	43200	1310212800	459656	24.11	12	7	5
2011-07-09 13:00:00	21.5	892.4	46800	1310216400	444101	24.11	13	7	5
2011-07-09 14:00:00	21.8	863.3	50400	1310220000	433894	24.11	14	7	5
2011-07-09 15:00:00	21.6	843.9	54000	1310223600	424758	24.11	15	7	5
2011-07-09 16:00:00	21.5	688.7	57600	1310227200	353766	24.11	16	7	5
2011-07-09 17:00:00	21.1	698.4	61200	1310230800	357826	24.11	17	7	5
2011-07-09 18:00:00	21.1	679.0	64800	1310234400	345073	24.11	18	7	5
2011-07-09 19:00:00	21.4	611.1	68400	1310238000	304620	24.11	19	7	5
2011-07-09 20:00:00	21.3	649.9	72000	1310241600	327540	24.11	20	7	5
2011-07-09 21:00:00	21.3	591.7	75600	1310245200	293037	24.11	21	7	5
2011-07-09 22:00:00	21.3	514.1	79200	1310248800	252310	24.11	22	7	5
2011-07-09 23:00:00	20.8	543.2	82800	1310252400	264125	23.11	23	7	5
2011-07-10 00:00:00	20.4	562.6	0	1310256000	271858	23.11	0	7	6
2011-07-10 01:00:00	20.0	659.6	3600	1310259600	325324	23.11	1	7	6
2011-07-10 02:00:00	20.0	746.9	7200	1310263200	382619	23.11	2	7	6
2011-07-10 03:00:00	19.7	795.4	10800	1310266800	425641	17.11	3	7	6
2011-07-10 04:00:00	19.1	805.1	14400	1310270400	387438	21.11	4	7	6
2011-07-10 05:00:00	19.8	834.2	18000	1310274000	404842	22.11	5	7	6
2011-07-10 06:00:00	20.3	843.9	21600	1310277600	414949	23.11	6	7	6
2011-07-10 07:00:00	20.4	863.3	25200	1310281200	422999	23.11	7	7	6
2011-07-10 08:00:00	20.9	882.7	28800	1310284800	434534	23.11	8	7	6
2011-07-10 09:00:00	21.9	58.2	32400	1310288400	50469	24.11	9	7	6
2011-07-10 10:00:00	22.7	58.2	36000	1310292000	51218	24.11	10	7	6
2011-07-10 11:00:00	22.7	58.2	39600	1310295600	51218	24.11	11	7	6
2011-07-10 12:00:00	21.9	58.2	43200	1310299200	50469	24.11	12	7	6
2011-07-10 13:00:00	22.1	58.2	46800	1310302800	50529	24.11	13	7	6
2011-07-10 14:00:00	22.9	58.2	50400	1310306400	51486	25.11	14	7	6
2011-07-10 15:00:00	22.1	1008.8	54000	1310310000	503373	24.11	15	7	6
2011-07-10 16:00:00	22.6	58.2	57600	1310313600	50977	24.11	16	7	6
2011-07-10 17:00:00	22.9	58.2	61200	1310317200	51486	25.11	17	7	6
2011-07-10 18:00:00	22.5	58.2	64800	1310320800	50815	24.11	18	7	6
2011-07-10 19:00:00	21.7	58.2	68400	1310324400	50190	23.11	19	7	6
2011-07-10 20:00:00	21.2	58.2	72000	1310328000	49450	23.11	20	7	6
2011-07-10 21:00:00	21.3	58.2	75600	1310331600	49514	23.11	21	7	6
2011-07-10 22:00:00	21.5	58.2	79200	1310335200	49733	23.11	22	7	6
2011-07-10 23:00:00	21.1	58.2	82800	1310338800	49402	23.11	23	7	6
2011-07-11 00:00:00	21.0	58.2	0	1310342400	49366	23.11	0	7	0
2011-07-11 01:00:00	20.3	58.2	3600	1310346000	48296	22.11	1	7	0
2011-07-11 02:00:00	19.8	58.2	7200	1310349600	48001	21.11	2	7	0
2011-07-11 03:00:00	19.6	58.2	10800	1310353200	47585	21.11	3	7	0
2011-07-11 04:00:00	19.7	58.2	14400	1310356800	47785	21.11	4	7	0
2011-07-11 05:00:00	20.4	58.2	18000	1310360400	48405	22.11	5	7	0
2011-07-11 06:00:00	21.3	58.2	21600	1310364000	49514	23.11	6	7	0
2011-07-11 07:00:00	22.7	58.2	25200	1310367600	51218	24.11	7	7	0
2011-07-11 08:00:00	23.0	58.2	28800	1310371200	51511	25.11	8	7	0
2011-07-11 09:00:00	23.9	562.6	32400	1310374800	289449	26.11	9	7	0
2011-07-11 10:00:00	24.5	688.7	36000	1310378400	378863	26.11	10	7	0
2011-07-11 11:00:00	24.8	679.0	39600	1310382000	379283	26.11	11	7	0
2011-07-11 12:00:00	25.3	679.0	43200	1310385600	391987	25.11	12	7	0
2011-07-11 13:00:00	25.4	669.3	46800	1310389200	386125	25.11	13	7	0
2011-07-11 14:00:00	25.4	611.1	50400	1310392800	349017	25.11	14	7	0
2011-07-11 15:00:00	25.6	698.4	54000	1310396400	407431	25.11	15	7	0
2011-07-11 16:00:00	26.3	776.0	57600	1310400000	471270	26.11	16	7	0
2011-07-11 17:00:00	26.0	785.7	61200	1310403600	476433	26.11	17	7	0
2011-07-11 18:00:00	26.0	776.0	64800	1310407200	468669	26.11	18	7	0
2011-07-11 19:00:00	22.9	611.1	68400	1310410800	313444	25.11	19	7	0
2011-07-11 20:00:00	22.7	572.3	72000	1310414400	289267	25.11	20	7	0
2011-07-11 21:00:00	23.3	582.0	75600	1310418000	298038	26.11	21	7	0
2011-07-11 22:00:00	23.3	572.3	79200	1310421600	292450	26.11	22	7	0
2011-07-11 23:00:00	22.7	572.3	82800	1310425200	289267	25.11	23	7	0
2011-07-12 00:00:00	23.1	572.3	0	1310428800	291961	26.11	0	7	1
2011-07-12 01:00:00	22.7	591.7	3600	1310432400	300403	25.11	1	7	1
2011-07-12 02:00:00	22.7	649.9	7200	1310436000	336164	25.11	2	7	1
2011-07-12 03:00:00	22.7	727.5	10800	1310439600	389303	25.11	3	7	1
2011-07-12 04:00:00	22.3	737.2	14400	1310443200	393303	25.11	4	7	1
2011-07-12 05:00:00	22.9	727.5	18000	1310446800	391425	25.11	5	7	1
2011-07-12 06:00:00	22.5	746.9	21600	1310450400	401785	25.11	6	7	1
2011-07-12 07:00:00	22.5	746.9	25200	1310454000	401785	25.11	7	7	1
2011-07-12 08:00:00	23.2	698.4	28800	1310457600	372323	26.11	8	7	1
2011-07-12 09:00:00	23.5	58.2	32400	1310461200	51801	25.11	9	7	1
2011-07-12 10:00:00	24.2	58.2	36000	1310464800	52479	26.11	10	7	1
2011-07-12 11:00:00	24.3	58.2	39600	1310468400	52528	26.11	11	7	1
2011-07-12 12:00:00	24.3	58.2	43200	1310472000	52528	26.11	12	7	1
2011-07-12 13:00:00	24.7	940.9	46800	1310475600	498170	26.11	13	7	1
2011-07-12 14:00:00	24.7	58.2	50400	1310479200	53009	26.11	14	7	1
2011-07-12 15:00:00	24.1	601.4	54000	1310482800	314171	26.11	15	7	1
2011-07-12 16:00:00	24.1	58.2	57600	1310486400	52442	26.11	16	7	1
2011-07-12 17:00:00	23.2	572.3	61200	1310490000	292191	26.11	17	7	1
2011-07-12 18:00:00	21.8	58.2	64800	1310493600	50410	23.11	18	7	1
2011-07-12 19:00:00	21.4	58.2	68400	1310497200	49604	23.11	19	7	1
2011-07-12 20:00:00	21.4	58.2	72000	1310500800	49604	23.11	20	7	1
2011-07-12 21:00:00	21.0	58.2	75600	1310504400	49366	23.11	21	7	1
2011-07-12 22:00:00	21.2	58.2	79200	1310508000	49450	23.11	22	7	1
2011-07-12 23:00:00	21.2	58.2	82800	1310511600	49450	23.11	23	7	1
2011-07-13 00:00:00	20.9	58.2	0	1310515200	49337	23.11	0	7	2
2011-07-13 01:00:00	21.0	58.2	3600	1310518800	49366	23.11	1	7	2
2011-07-13 02:00:00	21.0	58.2	7200	1310522400	49366	23.11	2	7	2
2011-07-13 03:00:00	20.6	58.2	10800	1310526000	48800	22.11	3	7	2
2011-07-13 04:00:00	20.8	58.2	14400	1310529600	49256	22.11	4	7	2
2011-07-13 05:00:00	21.2	58.2	18000	1310533200	49450	23.11	5	7	2
2011-07-13 06:00:00	22.2	58.2	21600	1310536800	50571	24.11	6	7	2
2011-07-13 07:00:00	22.4	58.2	25200	1310540400	50706	24.11	7	7	2
2011-07-13 08:00:00	22.7	58.2	28800	1310544000	51218	24.11	8	7	2
2011-07-13 09:00:00	21.9	591.7	32400	1310547600	296753	24.11	9	7	2
2011-07-13 10:00:00	21.8	834.2	36000	1310551200	422134	24.11	10	7	2
2011-07-13 11:00:00	22.9	727.5	39600	1310554800	391425	25.11	11	7	2
2011-07-13 12:00:00	22.6	669.3	43200	1310558400	348118	25.11	12	7	2
2011-07-13 13:00:00	22.7	630.5	46800	1310562000	323851	25.11	13	7	2
2011-07-13 14:00:00	22.5	582.0	50400	1310565600	293789	25.11	14	7	2
2011-07-13 15:00:00	23.3	533.5	54000	1310569200	271076	26.11	15	7	2
2011-07-13 16:00:00	23.4	620.8	57600	1310572800	321726	26.11	16	7	2
2011-07-13 17:00:00	23.0	601.4	61200	1310576400	308488	25.11	17	7	2
2011-07-13 18:00:00	23.2	572.3	64800	1310580000	292191	26.11	18	7	2
2011-07-13 19:00:00	22.2	514.1	68400	1310583600	256667	25.11	19	7	2
2011-07-13 20:00:00	22.0	620.8	72000	1310587200	314821	25.11	20	7	2
2011-07-13 21:00:00	22.2	485.0	75600	1310590800	242637	25.11	21	7	2
2011-07-13 22:00:00	18.7	465.6	79200	1310594400	216069	21.11	22	7	2
2011-07-13 23:00:00	17.6	58.2	82800	1310598000	44771	19.11	23	7	2
2011-07-14 00:00:00	16.6	58.2	0	1310601600	43209	18.11	0	7	3
2011-07-14 01:00:00	15.6	611.1	3600	1310605200	276588	15.11	1	7	3
2011-07-14 02:00:00	15.1	863.3	7200	1310608800	360479	18.11	2	7	3
2011-07-14 03:00:00	14.9	853.6	10800	1310612400	352991	17.11	3	7	3
2011-07-14 04:00:00	14.5	805.1	14400	1310616000	328877	17.11	4	7	3
2011-07-14 05:00:00	15.0	805.1	18000	1310619600	337243	17.11	5	7	3
2011-07-14 06:00:00	16.4	824.5	21600	1310623200	362961	19.11	6	7	3
2011-07-14 07:00:00	16.6	911.8	25200	1310626800	397851	19.11	7	7	3
2011-07-14 08:00:00	17.4	921.5	28800	1310630400	412811	20.11	8	7	3
2011-07-14 09:00:00	17.3	58.2	32400	1310634000	44126	19.11	9	7	3
2011-07-14 10:00:00	17.2	785.7	36000	1310637600	384907	20.11	10	7	3
2011-07-14 11:00:00	17.4	58.2	39600	1310641200	44383	19.11	11	7	3
2011-07-14 12:00:00	18.1	58.2	43200	1310644800	45369	20.11	12	7	3
2011-07-14 13:00:00	18.2	582.0	46800	1310648400	268199	21.11	13	7	3
2011-07-14 14:00:00	18.6	562.6	50400	1310652000	260798	21.11	14	7	3
2011-07-14 15:00:00	18.1	552.9	54000	1310655600	252990	21.11	15	7	3
2011-07-14 16:00:00	18.1	543.2	57600	1310659200	248265	21.11	16	7	3
2011-07-14 17:00:00	18.3	698.4	61200	1310662800	336262	21.11	17	7	3
2011-07-14 18:00:00	17.8	523.8	64800	1310666400	236966	20.11	18	7	3
2011-07-14 19:00:00	17.5	58.2	68400	1310670000	44586	19.11	19	7	3
2011-07-14 20:00:00	17.4	58.2	72000	1310673600	44383	19.11	20	7	3
2011-07-14 21:00:00	17.2	58.2	75600	1310677200	43947	19.11	21	7	3
2011-07-14 22:00:00	18.1	58.2	79200	1310680800	45369	20.11	22	7	3
2011-07-14 23:00:00	18.0	58.2	82800	1310684400	45307	20.11	23	7	3
2011-07-15 00:00:00	17.6	58.2	0	1310688000	44771	19.11	0	7	4
2011-07-15 01:00:00	17.4	58.2	3600	1310691600	44383	19.11	1	7	4
2011-07-15 02:00:00	17.0	58.2	7200	1310695200	43743	19.11	2	7	4
2011-07-15 03:00:00	17.0	58.2	10800	1310698800	43743	19.11	3	7	4
2011-07-15 04:00:00	16.4	58.2	14400	1310702400	42848	18.11	4	7	4
2011-07-15 05:00:00	17.7	58.2	18000	1310706000	44971	19.11	5	7	4
2011-07-15 06:00:00	18.9	58.2	21600	1310709600	46732	21.11	6	7	4
2011-07-15 07:00:00	18.8	58.2	25200	1310713200	46646	20.11	7	7	4
2011-07-15 08:00:00	18.9	58.2	28800	1310716800	46732	21.11	8	7	4
2011-07-15 09:00:00	19.8	58.2	32400	1310720400	48001	21.11	9	7	4
2011-07-15 10:00:00	19.5	58.2	36000	1310724000	47326	21.11	10	7	4
2011-07-15 11:00:00	19.3	58.2	39600	1310727600	46981	21.11	11	7	4
2011-07-15 12:00:00	19.1	824.5	43200	1310731200	394793	21.11	12	7	4
2011-07-15 13:00:00	19.7	591.7	46800	1310734800	283514	22.11	13	7	4
2011-07-15 14:00:00	19.2	717.8	50400	1310738400	356005	22.11	14	7	4
2011-07-15 15:00:00	18.5	727.5	54000	1310742000	357229	21.11	15	7	4
2011-07-15 16:00:00	17.6	737.2	57600	1310745600	366271	17.11	16	7	4
2011-07-15 17:00:00	18.2	708.1	61200	1310749200	341587	21.11	17	7	4
2011-07-15 18:00:00	18.4	669.3	64800	1310752800	319058	21.11	18	7	4
2011-07-15 19:00:00	17.8	562.6	68400	1310756400	256211	20.11	19	7	4
2011-07-15 20:00:00	17.7	58.2	72000	1310760000	44971	19.11	20	7	4
2011-07-15 21:00:00	17.6	523.8	75600	1310763600	235156	20.11	21	7	4
2011-07-15 22:00:00	17.2	504.4	79200	1310767200	223967	20.11	22	7	4
2011-07-15 23:00:00	16.8	514.1	82800	1310770800	225845	19.11	23	7	4
2011-07-16 00:00:00	16.2	494.7	0	1310774400	212705	19.11	0	7	5
2011-07-16 01:00:00	15.6	58.2	3600	1310778000	41545	17.11	1	7	5
2011-07-16 02:00:00	15.3	58.2	7200	1310781600	41014	17.11	2	7	5
2011-07-16 03:00:00	15.3	58.2	10800	1310785200	41014	17.11	3	7	5
2011-07-16 04:00:00	15.3	58.2	14400	1310788800	41014	17.11	4	7	5
2011-07-16 05:00:00	15.9	58.2	18000	1310792400	42007	18.11	5	7	5
2011-07-16 06:00:00	18.9	58.2	21600	1310796000	46732	21.11	6	7	5
2011-07-16 07:00:00	19.6	58.2	25200	1310799600	47585	21.11	7	7	5
2011-07-16 08:00:00	19.5	58.2	28800	1310803200	47326	21.11	8	7	5
2011-07-16 09:00:00	19.6	58.2	32400	1310806800	47585	21.11	9	7	5
2011-07-16 10:00:00	19.2	58.2	36000	1310810400	46886	21.11	10	7	5
2011-07-16 11:00:00	19.5	58.2	39600	1310814000	47326	21.11	11	7	5
2011-07-16 12:00:00	19.9	58.2	43200	1310817600	48091	22.11	12	7	5
2011-07-16 13:00:00	19.5	58.2	46800	1310821200	47326	21.11	13	7	5
2011-07-16 14:00:00	19.5	58.2	50400	1310824800	47326	21.11	14	7	5
2011-07-16 15:00:00	19.2	58.2	54000	1310828400	46886	21.11	15	7	5
2011-07-16 16:00:00	19.5	58.2	57600	1310832000	47326	21.11	16	7	5
2011-07-16 17:00:00	19.4	58.2	61200	1310835600	47120	21.11	17	7	5
2011-07-16 18:00:00	20.6	58.2	64800	1310839200	48800	22.11	18	7	5
2011-07-16 19:00:00	20.7	58.2	68400	1310842800	49038	22.11	19	7	5
2011-07-16 20:00:00	20.3	58.2	72000	1310846400	48296	22.11	20	7	5
2011-07-16 21:00:00	20.1	58.2	75600	1310850000	48165	22.11	21	7	5
2011-07-16 22:00:00	19.8	58.2	79200	1310853600	48001	21.11	22	7	5
2011-07-16 23:00:00	19.1	58.2	82800	1310857200	46819	21.11	23	7	5
2011-07-17 00:00:00	18.5	58.2	0	1310860800	46034	20.11	0	7	6
2011-07-17 01:00:00	18.1	58.2	3600	1310864400	45369	20.11	1	7	6
2011-07-17 02:00:00	18.1	58.2	7200	1310868000	45369	20.11	2	7	6
2011-07-17 03:00:00	18.1	58.2	10800	1310871600	45369	20.11	3	7	6
2011-07-17 04:00:00	17.6	58.2	14400	1310875200	44771	19.11	4	7	6
2011-07-17 05:00:00	18.3	58.2	18000	1310878800	45583	20.11	5	7	6
2011-07-17 06:00:00	19.1	58.2	21600	1310882400	46819	21.11	6	7	6
2011-07-17 07:00:00	20.2	58.2	25200	1310886000	48220	22.11	7	7	6
2011-07-17 08:00:00	21.2	58.2	28800	1310889600	49450	23.11	8	7	6
2011-07-17 09:00:00	21.7	58.2	32400	1310893200	50190	23.11	9	7	6
2011-07-17 10:00:00	22.1	58.2	36000	1310896800	50529	24.11	10	7	6
2011-07-17 11:00:00	21.5	824.5	39600	1310900400	416641	24.11	11	7	6
2011-07-17 12:00:00	21.6	562.6	43200	1310904000	278353	24.11	12	7	6
2011-07-17 13:00:00	21.7	727.5	46800	1310907600	382235	24.11	13	7	6
2011-07-17 14:00:00	21.3	766.3	50400	1310911200	406775	24.11	14	7	6
2011-07-17 15:00:00	21.8	785.7	54000	1310914800	438816	21.11	15	7	6
2011-07-17 16:00:00	22.0	776.0	57600	1310918400	420533	25.11	16	7	6
2011-07-17 17:00:00	21.6	737.2	61200	1310922000	388147	24.11	17	7	6
2011-07-17 18:00:00	21.6	649.9	64800	1310925600	329395	24.11	18	7	6
2011-07-17 19:00:00	21.6	562.6	68400	1310929200	278353	24.11	19	7	6
2011-07-17 20:00:00	21.2	58.2	72000	1310932800	49450	23.11	20	7	6
2011-07-17 21:00:00	21.3	485.0	75600	1310936400	238583	24.11	21	7	6
2011-07-17 22:00:00	21.0	465.6	79200	1310940000	228317	23.11	22	7	6
2011-07-17 23:00:00	21.0	504.4	82800	1310943600	246326	23.11	23	7	6
2011-07-18 00:00:00	20.8	58.2	0	1310947200	49256	22.11	0	7	0
2011-07-18 01:00:00	20.6	58.2	3600	1310950800	48800	22.11	1	7	0
2011-07-18 02:00:00	20.4	58.2	7200	1310954400	48405	22.11	2	7	0
2011-07-18 03:00:00	20.2	58.2	10800	1310958000	48220	22.11	3	7	0
2011-07-18 04:00:00	20.2	58.2	14400	1310961600	48220	22.11	4	7	0
2011-07-18 05:00:00	20.7	58.2	18000	1310965200	49038	22.11	5	7	0
2011-07-18 06:00:00	21.6	58.2	21600	1310968800	49924	23.11	6	7	0
2011-07-18 07:00:00	22.4	58.2	25200	1310972400	50706	24.11	7	7	0
2011-07-18 08:00:00	23.2	58.2	28800	1310976000	51582	25.11	8	7	0
2011-07-18 09:00:00	23.7	58.2	32400	1310979600	52156	25.11	9	7	0
2011-07-18 10:00:00	23.7	58.2	36000	1310983200	52156	25.11	10	7	0
2011-07-18 11:00:00	23.8	58.2	39600	1310986800	52368	26.11	11	7	0
2011-07-18 12:00:00	23.6	58.2	43200	1310990400	51943	25.11	12	7	0
2011-07-18 13:00:00	23.8	58.2	46800	1310994000	52368	26.11	13	7	0
2011-07-18 14:00:00	23.5	58.2	50400	1310997600	51801	25.11	14	7	0
2011-07-18 15:00:00	22.9	58.2	54000	1311001200	51486	25.11	15	7	0
2011-07-18 16:00:00	23.6	58.2	57600	1311004800	51943	25.11	16	7	0
2011-07-18 17:00:00	23.8	58.2	61200	1311008400	52368	26.11	17	7	0
2011-07-18 18:00:00	23.7	58.2	64800	1311012000	52156	25.11	18	7	0
2011-07-18 19:00:00	23.4	58.2	68400	1311015600	51703	25.11	19	7	0
2011-07-18 20:00:00	22.7	58.2	72000	1311019200	51218	24.11	20	7	0
2011-07-18 21:00:00	22.9	58.2	75600	1311022800	51486	25.11	21	7	0
2011-07-18 22:00:00	22.9	58.2	79200	1311026400	51486	25.11	22	7	0
2011-07-18 23:00:00	22.7	58.2	82800	1311030000	51218	24.11	23	7	0
2011-07-19 00:00:00	22.3	58.2	0	1311033600	50628	24.11	0	7	1
2011-07-19 01:00:00	22.2	58.2	3600	1311037200	50571	24.11	1	7	1
2011-07-19 02:00:00	22.0	58.2	7200	1311040800	50496	24.11	2	7	1
2011-07-19 03:00:00	21.8	58.2	10800	1311044400	50410	23.11	3	7	1
2011-07-19 04:00:00	22.0	58.2	14400	1311048000	50496	24.11	4	7	1
2011-07-19 05:00:00	22.7	58.2	18000	1311051600	51218	24.11	5	7	1
2011-07-19 06:00:00	23.7	58.2	21600	1311055200	52156	25.11	6	7	1
2011-07-19 07:00:00	24.5	58.2	25200	1311058800	52684	26.11	7	7	1
2011-07-19 08:00:00	24.8	58.2	28800	1311062400	53278	26.11	8	7	1
2011-07-19 09:00:00	24.8	58.2	32400	1311066000	53278	26.11	9	7	1
2011-07-19 10:00:00	25.4	58.2	36000	1311069600	55906	26.11	10	7	1
2011-07-19 11:00:00	25.7	795.4	39600	1311073200	495825	25.11	11	7	1
2011-07-19 12:00:00	25.6	465.6	43200	1311076800	272456	25.11	12	7	1
2011-07-19 13:00:00	25.8	523.8	46800	1311080400	301659	25.11	13	7	1
2011-07-19 14:00:00	25.6	523.8	50400	1311084000	300853	25.11	14	7	1
2011-07-19 15:00:00	25.0	523.8	54000	1311087600	285590	26.11	15	7	1
2011-07-19 16:00:00	24.2	523.8	57600	1311091200	270191	26.11	16	7	1
2011-07-19 17:00:00	24.8	514.1	61200	1311094800	274363	26.11	17	7	1
2011-07-19 18:00:00	25.0	514.1	64800	1311098400	280100	26.11	18	7	1
2011-07-19 19:00:00	25.1	514.1	68400	1311102000	283638	26.11	19	7	1
2011-07-19 20:00:00	24.0	58.2	72000	1311105600	52412	26.11	20	7	1
2011-07-19 21:00:00	24.0	504.4	75600	1311109200	258540	26.11	21	7	1
2011-07-19 22:00:00	22.9	446.2	79200	1311112800	227108	25.11	22	7	1
2011-07-19 23:00:00	22.7	504.4	82800	1311116400	253367	25.11	23	7	1
2011-07-20 00:00:00	22.5	494.7	0	1311120000	247950	25.11	0	7	2
2011-07-20 01:00:00	22.3	58.2	3600	1311123600	50628	24.11	1	7	2
2011-07-20 02:00:00	22.2	58.2	7200	1311127200	50571	24.11	2	7	2
2011-07-20 03:00:00	22.0	58.2	10800	1311130800	50496	24.11	3	7	2
2011-07-20 04:00:00	22.2	58.2	14400	1311134400	50571	24.11	4	7	2
2011-07-20 05:00:00	22.4	58.2	18000	1311138000	50706	24.11	5	7	2
2011-07-20 06:00:00	23.1	58.2	21600	1311141600	51542	25.11	6	7	2
2011-07-20 07:00:00	23.8	58.2	25200	1311145200	52368	26.11	7	7	2
2011-07-20 08:00:00	24.3	58.2	28800	1311148800	52528	26.11	8	7	2
2011-07-20 09:00:00	25.1	58.2	32400	1311152400	54148	26.11	9	7	2
2011-07-20 10:00:00	25.4	58.2	36000	1311156000	55906	26.11	10	7	2
2011-07-20 11:00:00	25.7	611.1	39600	1311159600	350654	25.11	11	7	2
2011-07-20 12:00:00	26.0	58.2	43200	1311163200	89637	26.11	12	7	2
2011-07-20 13:00:00	25.8	58.2	46800	1311166800	72844	26.11	13	7	2
2011-07-20 14:00:00	25.8	58.2	50400	1311170400	72844	26.11	14	7	2
2011-07-20 15:00:00	25.8	698.4	54000	1311174000	408834	25.11	15	7	2
2011-07-20 16:00:00	26.0	58.2	57600	1311177600	89637	26.11	16	7	2
2011-07-20 17:00:00	25.3	58.2	61200	1311181200	55100	26.11	17	7	2
2011-07-20 18:00:00	25.0	58.2	64800	1311184800	53818	26.11	18	7	2
2011-07-20 19:00:00	24.9	58.2	68400	1311188400	53533	26.11	19	7	2
2011-07-20 20:00:00	25.1	58.2	72000	1311192000	54148	26.11	20	7	2
2011-07-20 21:00:00	25.0	58.2	75600	1311195600	53818	26.11	21	7	2
2011-07-20 22:00:00	24.8	58.2	79200	1311199200	53278	26.11	22	7	2
2011-07-20 23:00:00	24.8	58.2	82800	1311202800	53278	26.11	23	7	2
2011-07-21 00:00:00	25.1	58.2	0	1311206400	54148	26.11	0	7	3
2011-07-21 01:00:00	24.5	58.2	3600	1311210000	52684	26.11	1	7	3
2011-07-21 02:00:00	24.3	58.2	7200	1311213600	52528	26.11	2	7	3
2011-07-21 03:00:00	24.2	58.2	10800	1311217200	52479	26.11	3	7	3
2011-07-21 04:00:00	24.2	58.2	14400	1311220800	52479	26.11	4	7	3
2011-07-21 05:00:00	24.7	58.2	18000	1311224400	53009	26.11	5	7	3
2011-07-21 06:00:00	25.2	58.2	21600	1311228000	54555	26.11	6	7	3
2011-07-21 07:00:00	25.8	58.2	25200	1311231600	72844	26.11	7	7	3
2011-07-21 08:00:00	26.4	58.2	28800	1311235200	89975	26.11	8	7	3
2011-07-21 09:00:00	26.8	485.0	32400	1311238800	285416	26.11	9	7	3
2011-07-21 10:00:00	26.9	485.0	36000	1311242400	285708	26.11	10	7	3
2011-07-21 11:00:00	26.5	523.8	39600	1311246000	304342	26.11	11	7	3
2011-07-21 12:00:00	26.9	543.2	43200	1311249600	316436	26.11	12	7	3
2011-07-21 13:00:00	26.6	562.6	46800	1311253200	326224	26.11	13	7	3
2011-07-21 14:00:00	26.4	562.6	50400	1311256800	325358	26.11	14	7	3
2011-07-21 15:00:00	26.7	572.3	54000	1311260400	332302	26.11	15	7	3
2011-07-21 16:00:00	26.6	562.6	57600	1311264000	326224	26.11	16	7	3
2011-07-21 17:00:00	27.1	543.2	61200	1311267600	317200	26.11	17	7	3
2011-07-21 18:00:00	27.1	552.9	64800	1311271200	322715	26.11	18	7	3
2011-07-21 19:00:00	27.0	552.9	68400	1311274800	322317	26.11	19	7	3
2011-07-21 20:00:00	26.8	485.0	72000	1311278400	285416	26.11	20	7	3
2011-07-21 21:00:00	26.9	543.2	75600	1311282000	316436	26.11	21	7	3
2011-07-21 22:00:00	26.7	543.2	79200	1311285600	315657	26.11	22	7	3
2011-07-21 23:00:00	26.2	543.2	82800	1311289200	313647	26.11	23	7	3
2011-07-22 00:00:00	25.3	543.2	0	1311292800	308816	26.11	0	7	4
2011-07-22 01:00:00	24.8	58.2	3600	1311296400	53278	26.11	1	7	4
2011-07-22 02:00:00	24.6	58.2	7200	1311300000	52815	26.11	2	7	4
2011-07-22 03:00:00	24.6	58.2	10800	1311303600	52815	26.11	3	7	4
2011-07-22 04:00:00	24.8	58.2	14400	1311307200	53278	26.11	4	7	4
2011-07-22 05:00:00	25.5	58.2	18000	1311310800	57229	26.11	5	7	4
2011-07-22 06:00:00	26.6	417.1	21600	1311314400	253893	26.11	6	7	4
2011-07-22 07:00:00	27.1	455.9	25200	1311318000	272207	26.11	7	7	4
2011-07-22 08:00:00	27.4	562.6	28800	1311321600	329562	26.11	8	7	4
2011-07-22 09:00:00	27.8	58.2	32400	1311325200	91001	26.11	9	7	4
2011-07-22 10:00:00	28.1	58.2	36000	1311328800	91189	26.11	10	7	4
2011-07-22 11:00:00	27.4	58.2	39600	1311332400	90733	26.11	11	7	4
2011-07-22 12:00:00	27.7	58.2	43200	1311336000	90936	26.11	12	7	4
2011-07-22 13:00:00	27.7	58.2	46800	1311339600	90936	26.11	13	7	4
2011-07-22 14:00:00	26.5	58.2	50400	1311343200	90056	26.11	14	7	4
2011-07-22 15:00:00	26.5	58.2	54000	1311346800	90056	26.11	15	7	4
2011-07-22 16:00:00	26.2	58.2	57600	1311350400	89809	26.11	16	7	4
2011-07-22 17:00:00	24.9	58.2	61200	1311354000	53533	26.11	17	7	4
2011-07-22 18:00:00	23.6	58.2	64800	1311357600	51943	25.11	18	7	4
2011-07-22 19:00:00	23.5	58.2	68400	1311361200	51801	25.11	19	7	4
2011-07-22 20:00:00	23.7	58.2	72000	1311364800	52156	25.11	20	7	4
2011-07-22 21:00:00	23.8	58.2	75600	1311368400	52368	26.11	21	7	4
2011-07-22 22:00:00	23.5	58.2	79200	1311372000	51801	25.11	22	7	4
2011-07-22 23:00:00	23.8	58.2	82800	1311375600	52368	26.11	23	7	4
2011-07-23 00:00:00	23.8	58.2	0	1311379200	52368	26.11	0	7	5
2011-07-23 01:00:00	23.5	58.2	3600	1311382800	51801	25.11	1	7	5
2011-07-23 02:00:00	23.0	58.2	7200	1311386400	51511	25.11	2	7	5
2011-07-23 03:00:00	23.0	58.2	10800	1311390000	51511	25.11	3	7	5
2011-07-23 04:00:00	22.5	58.2	14400	1311393600	50815	24.11	4	7	5
2011-07-23 05:00:00	22.9	58.2	18000	1311397200	51486	25.11	5	7	5
2011-07-23 06:00:00	23.7	58.2	21600	1311400800	52156	25.11	6	7	5
2011-07-23 07:00:00	23.4	58.2	25200	1311404400	51703	25.11	7	7	5
2011-07-23 08:00:00	24.0	620.8	28800	1311408000	325377	26.11	8	7	5
2011-07-23 09:00:00	24.4	543.2	32400	1311411600	283206	26.11	9	7	5
2011-07-23 10:00:00	24.8	717.8	36000	1311415200	407820	26.11	10	7	5
2011-07-23 11:00:00	25.0	756.6	39600	1311418800	444018	26.11	11	7	5
2011-07-23 12:00:00	25.3	834.2	43200	1311422400	483367	26.11	12	7	5
2011-07-23 13:00:00	25.4	882.7	46800	1311426000	517092	26.11	13	7	5
2011-07-23 14:00:00	26.0	882.7	50400	1311429600	525629	26.11	14	7	5
2011-07-23 15:00:00	25.7	911.8	54000	1311433200	536759	25.11	15	7	5
2011-07-23 16:00:00	25.4	882.7	57600	1311436800	517092	26.11	16	7	5
2011-07-23 17:00:00	25.3	853.6	61200	1311440400	492701	26.11	17	7	5
2011-07-23 18:00:00	25.5	863.3	64800	1311444000	514459	25.11	18	7	5
2011-07-23 19:00:00	24.9	649.9	68400	1311447600	361822	26.11	19	7	5
2011-07-23 20:00:00	25.0	572.3	72000	1311451200	314398	26.11	20	7	5
2011-07-23 21:00:00	25.2	591.7	75600	1311454800	334130	26.11	21	7	5
2011-07-23 22:00:00	25.0	562.6	79200	1311458400	308456	26.11	22	7	5
2011-07-23 23:00:00	24.5	552.9	82800	1311462000	290306	26.11	23	7	5
2011-07-24 00:00:00	24.4	543.2	0	1311465600	283206	26.11	0	7	6
2011-07-24 01:00:00	24.6	552.9	3600	1311469200	292106	26.11	1	7	6
2011-07-24 02:00:00	24.1	698.4	7200	1311472800	379186	26.11	2	7	6
2011-07-24 03:00:00	24.1	708.1	10800	1311476400	386227	26.11	3	7	6
2011-07-24 04:00:00	24.1	669.3	14400	1311480000	358647	26.11	4	7	6
2011-07-24 05:00:00	24.4	669.3	18000	1311483600	363144	26.11	5	7	6
2011-07-24 06:00:00	25.1	902.1	21600	1311487200	500000	26.11	6	7	6
2011-07-24 07:00:00	25.8	611.1	25200	1311490800	351193	25.11	7	7	6
2011-07-24 08:00:00	25.6	659.6	28800	1311494400	380955	25.11	8	7	6
2011-07-24 09:00:00	25.7	58.2	32400	1311498000	64325	26.11	9	7	6
2011-07-24 10:00:00	25.8	58.2	36000	1311501600	72844	26.11	10	7	6
2011-07-24 11:00:00	25.5	58.2	39600	1311505200	57229	26.11	11	7	6
2011-07-24 12:00:00	26.0	533.5	43200	1311508800	307582	26.11	12	7	6
2011-07-24 13:00:00	26.1	58.2	46800	1311512400	89724	26.11	13	7	6
2011-07-24 14:00:00	25.5	649.9	50400	1311516000	373974	25.11	14	7	6
2011-07-24 15:00:00	25.1	58.2	54000	1311519600	54148	26.11	15	7	6
2011-07-24 16:00:00	25.2	58.2	57600	1311523200	54555	26.11	16	7	6
2011-07-24 17:00:00	25.6	58.2	61200	1311526800	59637	26.11	17	7	6
2011-07-24 18:00:00	24.5	58.2	64800	1311530400	52684	26.11	18	7	6
2011-07-24 19:00:00	23.9	58.2	68400	1311534000	52388	26.11	19	7	6
2011-07-24 20:00:00	23.7	58.2	72000	1311537600	52156	25.11	20	7	6
2011-07-24 21:00:00	23.9	58.2	75600	1311541200	52388	26.11	21	7	6
2011-07-24 22:00:00	24.7	58.2	79200	1311544800	53009	26.11	22	7	6
2011-07-24 23:00:00	24.3	58.2	82800	1311548400	52528	26.11	23	7	6
2011-07-25 00:00:00	24.1	58.2	0	1311552000	52442	26.11	0	7	0
2011-07-25 01:00:00	24.5	58.2	3600	1311555600	52684	26.11	1	7	0
2011-07-25 02:00:00	24.7	58.2	7200	1311559200	53009	26.11	2	7	0
2011-07-25 03:00:00	24.9	58.2	10800	1311562800	53533	26.11	3	7	0
2011-07-25 04:00:00	24.3	58.2	14400	1311566400	52528	26.11	4	7	0
2011-07-25 05:00:00	24.3	58.2	18000	1311570000	52528	26.11	5	7	0
2011-07-25 06:00:00	24.8	58.2	21600	1311573600	53278	26.11	6	7	0
2011-07-25 07:00:00	25.3	58.2	25200	1311577200	55100	26.11	7	7	0
2011-07-25 08:00:00	25.2	58.2	28800	1311580800	54555	26.11	8	7	0
2011-07-25 09:00:00	25.5	543.2	32400	1311584400	310669	25.11	9	7	0
2011-07-25 10:00:00	25.0	999.1	36000	1311588000	544079	26.11	10	7	0
2011-07-25 11:00:00	25.1	756.6	39600	1311591600	446049	25.11	11	7	0
2011-07-25 12:00:00	25.4	620.8	43200	1311595200	354954	25.11	12	7	0
2011-07-25 13:00:00	25.0	620.8	46800	1311598800	345439	26.11	13	7	0
2011-07-25 14:00:00	22.4	640.2	50400	1311602400	328190	25.11	14	7	0
2011-07-25 15:00:00	23.3	640.2	54000	1311606000	333622	26.11	15	7	0
2011-07-25 16:00:00	23.8	640.2	57600	1311609600	336216	26.11	16	7	0
2011-07-25 17:00:00	24.5	640.2	61200	1311613200	345075	26.11	17	7	0
2011-07-25 18:00:00	24.1	640.2	64800	1311616800	338992	26.11	18	7	0
2011-07-25 19:00:00	23.6	523.8	68400	1311620400	266806	26.11	19	7	0
2011-07-25 20:00:00	23.6	582.0	72000	1311624000	299096	26.11	20	7	0
2011-07-25 21:00:00	23.1	504.4	75600	1311627600	255656	25.11	21	7	0
2011-07-25 22:00:00	23.1	494.7	79200	1311631200	250816	25.11	22	7	0
2011-07-25 23:00:00	22.5	514.1	82800	1311634800	257463	25.11	23	7	0
2011-07-26 00:00:00	22.4	58.2	0	1311638400	50706	24.11	0	7	1
2011-07-26 01:00:00	22.5	562.6	3600	1311642000	282928	25.11	1	7	1
2011-07-26 02:00:00	22.4	776.0	7200	1311645600	422947	25.11	2	7	1
2011-07-26 03:00:00	22.4	863.3	10800	1311649200	438939	25.11	3	7	1
2011-07-26 04:00:00	22.0	795.4	14400	1311652800	435470	25.11	4	7	1
2011-07-26 05:00:00	22.0	805.1	18000	1311656400	412333	24.11	5	7	1
2011-07-26 06:00:00	22.3	805.1	21600	1311660000	415273	25.11	6	7	1
2011-07-26 07:00:00	21.5	853.6	25200	1311663600	428129	24.11	7	7	1
2011-07-26 08:00:00	21.4	931.2	28800	1311667200	460273	24.11	8	7	1
2011-07-26 09:00:00	20.8	58.2	32400	1311670800	49256	22.11	9	7	1
2011-07-26 10:00:00	20.1	58.2	36000	1311674400	48165	22.11	10	7	1
2011-07-26 11:00:00	20.2	58.2	39600	1311678000	48220	22.11	11	7	1
2011-07-26 12:00:00	21.7	611.1	43200	1311681600	306445	24.11	12	7	1
2011-07-26 13:00:00	20.8	58.2	46800	1311685200	49256	22.11	13	7	1
2011-07-26 14:00:00	20.5	523.8	50400	1311688800	252631	23.11	14	7	1
2011-07-26 15:00:00	20.7	58.2	54000	1311692400	49038	22.11	15	7	1
2011-07-26 16:00:00	21.1	58.2	57600	1311696000	49402	23.11	16	7	1
2011-07-26 17:00:00	21.5	388.0	61200	1311699600	199211	24.11	17	7	1
2011-07-26 18:00:00	20.9	58.2	64800	1311703200	49337	23.11	18	7	1
2011-07-26 19:00:00	21.4	58.2	68400	1311706800	49604	23.11	19	7	1
2011-07-26 20:00:00	21.6	58.2	72000	1311710400	49924	23.11	20	7	1
2011-07-26 21:00:00	21.5	58.2	75600	1311714000	49733	23.11	21	7	1
2011-07-26 22:00:00	21.5	58.2	79200	1311717600	49733	23.11	22	7	1
2011-07-26 23:00:00	21.8	58.2	82800	1311721200	50410	23.11	23	7	1
2011-07-27 00:00:00	21.3	58.2	0	1311724800	49514	23.11	0	7	2
2011-07-27 01:00:00	20.7	58.2	3600	1311728400	49038	22.11	1	7	2
2011-07-27 02:00:00	19.8	58.2	7200	1311732000	48001	21.11	2	7	2
2011-07-27 03:00:00	18.9	58.2	10800	1311735600	46732	21.11	3	7	2
2011-07-27 04:00:00	18.5	58.2	14400	1311739200	46034	20.11	4	7	2
2011-07-27 05:00:00	18.3	58.2	18000	1311742800	45583	20.11	5	7	2
2011-07-27 06:00:00	18.6	58.2	21600	1311746400	46230	20.11	6	7	2
2011-07-27 07:00:00	18.6	58.2	25200	1311750000	46230	20.11	7	7	2
2011-07-27 08:00:00	19.0	58.2	28800	1311753600	46769	21.11	8	7	2
2011-07-27 09:00:00	19.1	611.1	32400	1311757200	290360	22.11	9	7	2
2011-07-27 10:00:00	19.3	58.2	36000	1311760800	46981	21.11	10	7	2
2011-07-27 11:00:00	19.3	58.2	39600	1311764400	46981	21.11	11	7	2
2011-07-27 12:00:00	20.2	882.7	43200	1311768000	429873	23.11	12	7	2
2011-07-27 13:00:00	19.3	630.5	46800	1311771600	302464	22.11	13	7	2
2011-07-27 14:00:00	19.6	795.4	50400	1311775200	424649	19.11	14	7	2
2011-07-27 15:00:00	19.6	805.1	54000	1311778800	392457	22.11	15	7	2
2011-07-27 16:00:00	19.9	863.3	57600	1311782400	417266	22.11	16	7	2
2011-07-27 17:00:00	19.8	834.2	61200	1311786000	404842	22.11	17	7	2
2011-07-27 18:00:00	19.8	776.0	64800	1311789600	413099	19.11	18	7	2
2011-07-27 19:00:00	19.6	688.7	68400	1311793200	340605	22.11	19	7	2
2011-07-27 20:00:00	19.4	58.2	72000	1311796800	47120	21.11	20	7	2
2011-07-27 21:00:00	19.1	640.2	75600	1311800400	306972	22.11	21	7	2
2011-07-27 22:00:00	19.2	640.2	79200	1311804000	307519	22.11	22	7	2
2011-07-27 23:00:00	19.4	620.8	82800	1311807600	297531	22.11	23	7	2
2011-07-28 00:00:00	19.4	611.1	0	1311811200	292016	22.11	0	7	3
2011-07-28 01:00:00	19.2	58.2	3600	1311814800	46886	21.11	1	7	3
2011-07-28 02:00:00	19.2	58.2	7200	1311818400	46886	21.11	2	7	3
2011-07-28 03:00:00	19.1	58.2	10800	1311822000	46819	21.11	3	7	3
2011-07-28 04:00:00	19.4	58.2	14400	1311825600	47120	21.11	4	7	3
2011-07-28 05:00:00	20.0	58.2	18000	1311829200	48123	22.11	5	7	3
2011-07-28 06:00:00	21.3	58.2	21600	1311832800	49514	23.11	6	7	3
2011-07-28 07:00:00	22.5	58.2	25200	1311836400	50815	24.11	7	7	3
2011-07-28 08:00:00	21.9	58.2	28800	1311840000	50469	24.11	8	7	3
2011-07-28 09:00:00	23.0	58.2	32400	1311843600	51511	25.11	9	7	3
2011-07-28 10:00:00	23.7	504.4	36000	1311847200	257165	26.11	10	7	3
2011-07-28 11:00:00	23.8	58.2	39600	1311850800	52368	26.11	11	7	3
2011-07-28 12:00:00	23.8	58.2	43200	1311854400	52368	26.11	12	7	3
2011-07-28 13:00:00	24.5	58.2	46800	1311858000	52684	26.11	13	7	3
2011-07-28 14:00:00	24.5	388.0	50400	1311861600	208942	26.11	14	7	3
2011-07-28 15:00:00	24.7	426.8	54000	1311865200	228102	26.11	15	7	3
2011-07-28 16:00:00	24.3	58.2	57600	1311868800	52528	26.11	16	7	3
2011-07-28 17:00:00	24.3	58.2	61200	1311872400	52528	26.11	17	7	3
2011-07-28 18:00:00	24.4	58.2	64800	1311876000	52593	26.11	18	7	3
2011-07-28 19:00:00	24.2	58.2	68400	1311879600	52479	26.11	19	7	3
2011-07-28 20:00:00	24.4	426.8	72000	1311883200	224433	26.11	20	7	3
2011-07-28 21:00:00	24.4	58.2	75600	1311886800	52593	26.11	21	7	3
2011-07-28 22:00:00	24.3	58.2	79200	1311890400	52528	26.11	22	7	3
2011-07-28 23:00:00	24.3	58.2	82800	1311894000	52528	26.11	23	7	3
2011-07-29 00:00:00	24.5	58.2	0	1311897600	52684	26.11	0	7	4
2011-07-29 01:00:00	24.3	58.2	3600	1311901200	52528	26.11	1	7	4
2011-07-29 02:00:00	24.1	58.2	7200	1311904800	52442	26.11	2	7	4
2011-07-29 03:00:00	24.0	475.3	10800	1311908400	244103	26.11	3	7	4
2011-07-29 04:00:00	24.0	58.2	14400	1311912000	52412	26.11	4	7	4
2011-07-29 05:00:00	24.0	58.2	18000	1311915600	52412	26.11	5	7	4
2011-07-29 06:00:00	24.8	58.2	21600	1311919200	53278	26.11	6	7	4
2011-07-29 07:00:00	25.2	58.2	25200	1311922800	54555	26.11	7	7	4
2011-07-29 08:00:00	25.3	358.9	28800	1311926400	215475	26.11	8	7	4
2011-07-29 09:00:00	25.7	58.2	32400	1311930000	64325	26.11	9	7	4
2011-07-29 10:00:00	25.7	58.2	36000	1311933600	64325	26.11	10	7	4
2011-07-29 11:00:00	25.3	58.2	39600	1311937200	55100	26.11	11	7	4
2011-07-29 12:00:00	25.1	58.2	43200	1311940800	54148	26.11	12	7	4
2011-07-29 13:00:00	24.8	58.2	46800	1311944400	53278	26.11	13	7	4
2011-07-29 14:00:00	24.6	58.2	50400	1311948000	52815	26.11	14	7	4
2011-07-29 15:00:00	24.5	58.2	54000	1311951600	52684	26.11	15	7	4
2011-07-29 16:00:00	24.1	58.2	57600	1311955200	52442	26.11	16	7	4
2011-07-29 17:00:00	24.1	58.2	61200	1311958800	52442	26.11	17	7	4
2011-07-29 18:00:00	23.8	58.2	64800	1311962400	52368	26.11	18	7	4
2011-07-29 19:00:00	23.5	58.2	68400	1311966000	51801	25.11	19	7	4
2011-07-29 20:00:00	23.0	58.2	72000	1311969600	51511	25.11	20	7	4
2011-07-29 21:00:00	22.7	58.2	75600	1311973200	51218	24.11	21	7	4
2011-07-29 22:00:00	22.4	58.2	79200	1311976800	50706	24.11	22	7	4
2011-07-29 23:00:00	22.2	58.2	82800	1311980400	50571	24.11	23	7	4
2011-07-30 00:00:00	22.7	58.2	0	1311984000	51218	24.11	0	7	5
2011-07-30 01:00:00	22.7	58.2	3600	1311987600	51218	24.11	1	7	5
2011-07-30 02:00:00	22.9	58.2	7200	1311991200	51486	25.11	2	7	5
2011-07-30 03:00:00	22.7	58.2	10800	1311994800	51218	24.11	3	7	5
2011-07-30 04:00:00	22.7	58.2	14400	1311998400	51218	24.11	4	7	5
2011-07-30 05:00:00	22.7	58.2	18000	1312002000	51218	24.11	5	7	5
2011-07-30 06:00:00	23.2	58.2	21600	1312005600	51582	25.11	6	7	5
2011-07-30 07:00:00	23.0	58.2	25200	1312009200	51511	25.11	7	7	5
2011-07-30 08:00:00	22.2	58.2	28800	1312012800	50571	24.11	8	7	5
2011-07-30 09:00:00	21.8	58.2	32400	1312016400	50410	23.11	9	7	5
2011-07-30 10:00:00	22.3	58.2	36000	1312020000	50628	24.11	10	7	5
2011-07-30 11:00:00	22.1	562.6	39600	1312023600	281693	25.11	11	7	5
2011-07-30 12:00:00	21.6	58.2	43200	1312027200	49924	23.11	12	7	5
2011-07-30 13:00:00	21.7	669.3	46800	1312030800	342643	24.11	13	7	5
2011-07-30 14:00:00	21.9	58.2	50400	1312034400	50469	24.11	14	7	5
2011-07-30 15:00:00	21.7	475.3	54000	1312038000	235437	24.11	15	7	5
2011-07-30 16:00:00	21.5	368.6	57600	1312041600	192339	24.11	16	7	5
2011-07-30 17:00:00	21.4	58.2	61200	1312045200	49604	23.11	17	7	5
2011-07-30 18:00:00	21.2	659.6	64800	1312048800	333130	24.11	18	7	5
2011-07-30 19:00:00	20.6	58.2	68400	1312052400	48800	22.11	19	7	5
2011-07-30 20:00:00	19.9	58.2	72000	1312056000	48091	22.11	20	7	5
2011-07-30 21:00:00	20.2	58.2	75600	1312059600	48220	22.11	21	7	5
2011-07-30 22:00:00	20.0	58.2	79200	1312063200	48123	22.11	22	7	5
2011-07-31 00:00:00	20.1	58.2	0	1312070400	48165	22.11	0	7	6
2011-07-31 01:00:00	19.7	58.2	3600	1312074000	47785	21.11	1	7	6
2011-07-31 02:00:00	19.8	58.2	7200	1312077600	48001	21.11	2	7	6
2011-07-31 03:00:00	19.7	58.2	10800	1312081200	47785	21.11	3	7	6
2011-07-31 04:00:00	19.7	58.2	14400	1312084800	47785	21.11	4	7	6
2011-07-31 05:00:00	20.0	58.2	18000	1312088400	48123	22.11	5	7	6
2011-07-31 06:00:00	20.8	58.2	21600	1312092000	49256	22.11	6	7	6
2011-07-31 07:00:00	21.4	58.2	25200	1312095600	49604	23.11	7	7	6
2011-07-31 08:00:00	22.3	58.2	28800	1312099200	50628	24.11	8	7	6
2011-07-31 09:00:00	22.4	620.8	32400	1312102800	316202	25.11	9	7	6
2011-07-31 10:00:00	22.4	669.3	36000	1312106400	346896	25.11	10	7	6
2011-07-31 11:00:00	21.5	601.4	39600	1312110000	299498	24.11	11	7	6
2011-07-31 12:00:00	20.6	679.0	43200	1312113600	341413	23.11	12	7	6
2011-07-31 13:00:00	20.3	746.9	46800	1312117200	384689	23.11	13	7	6
2011-07-31 14:00:00	20.8	717.8	50400	1312120800	369469	23.11	14	7	6
2011-07-31 15:00:00	19.5	717.8	54000	1312124400	358660	22.11	15	7	6
2011-07-31 16:00:00	20.2	737.2	57600	1312128000	377151	23.11	16	7	6
2011-07-31 17:00:00	20.1	766.3	61200	1312131600	397022	23.11	17	7	6
2011-07-31 18:00:00	20.3	698.4	64800	1312135200	351634	23.11	18	7	6
2011-07-31 19:00:00	19.9	688.7	68400	1312138800	357424	19.11	19	7	6
2011-07-31 20:00:00	19.7	620.8	72000	1312142400	300028	22.11	20	7	6
2011-07-31 21:00:00	23.0	640.2	75600	1312146000	332665	25.11	21	7	6
2011-07-31 22:00:00	22.7	669.3	79200	1312149600	348868	25.11	22	7	6
2011-07-31 23:00:00	22.9	601.4	82800	1312153200	307575	25.11	23	7	6
