	Hour	DayofWeek	Twet	Tset
0	0	0	0	15.11
1	0	0	1	15.11
2	0	0	2	15.11
3	0	0	3	16.11
4	0	0	6	15.11
5	0	0	7	19.11
6	0	0	8	20.11
7	0	0	9	21.11
8	0	0	10	22.11
9	0	0	11	23.11
10	0	0	12	24.11
11	0	0	14	26.11
12	0	0	15	26.11
13	0	1	0	15.11
14	0	1	2	15.11
15	0	1	3	16.11
16	0	1	4	16.11
17	0	1	6	18.11
18	0	1	8	20.11
19	0	1	9	21.11
20	0	1	11	23.11
21	0	1	12	24.11
22	0	1	13	25.11
23	0	1	14	26.11
24	0	2	0	15.11
25	0	2	2	15.11
26	0	2	3	15.11
27	0	2	4	16.11
28	0	2	6	18.11
29	0	2	7	16.11
30	0	2	8	20.11
31	0	2	9	21.11
32	0	2	10	22.11
33	0	2	11	23.11
34	0	2	12	24.11
35	0	2	13	25.11
36	0	3	0	15.11
37	0	3	1	15.11
38	0	3	3	15.11
39	0	3	4	16.11
40	0	3	6	15.11
41	0	3	7	16.11
42	0	3	8	19.11
43	0	3	9	21.11
44	0	3	10	22.11
45	0	3	11	24.11
46	0	3	12	24.11
47	0	3	13	25.11
48	0	4	0	15.11
49	0	4	5	18.11
50	0	4	6	18.11
51	0	4	7	19.11
52	0	4	9	20.11
53	0	4	10	19.11
54	0	4	11	23.11
55	0	4	13	25.11
56	0	5	0	15.11
57	0	5	3	15.11
58	0	5	5	18.11
59	0	5	6	18.11
60	0	5	7	19.11
61	0	5	10	22.11
62	0	5	11	23.11
63	0	5	12	24.11
64	0	5	13	25.11
65	0	5	15	26.11
66	0	6	0	15.11
67	0	6	2	15.11
68	0	6	3	15.11
69	0	6	4	16.11
70	0	6	6	17.11
71	0	6	10	22.11
72	0	6	11	23.11
73	0	6	12	24.11
74	0	6	13	25.11
75	0	6	14	26.11
76	1	0	0	15.11
77	1	0	1	15.11
78	1	0	2	15.11
79	1	0	6	17.11
80	1	0	7	19.11
81	1	0	8	17.11
82	1	0	9	21.11
83	1	0	10	22.11
84	1	0	11	22.11
85	1	0	14	26.11
86	1	0	16	26.11
87	1	1	0	15.11
88	1	1	3	16.11
89	1	1	6	15.11
90	1	1	7	17.11
91	1	1	8	20.11
92	1	1	9	21.11
93	1	1	10	22.11
94	1	1	12	24.11
95	1	1	13	25.11
96	1	1	14	26.11
97	1	2	0	15.11
98	1	2	3	16.11
99	1	2	6	18.11
100	1	2	7	16.11
101	1	2	8	19.11
102	1	2	9	21.11
103	1	2	10	22.11
104	1	2	11	23.11
105	1	2	12	24.11
106	1	2	13	25.11
107	1	3	0	15.11
108	1	3	3	15.11
109	1	3	4	15.11
110	1	3	6	15.11
111	1	3	7	16.11
112	1	3	8	18.11
113	1	3	9	21.11
114	1	3	10	22.11
115	1	3	11	24.11
116	1	3	12	24.11
117	1	3	14	25.11
118	1	4	0	15.11
119	1	4	5	17.11
120	1	4	6	18.11
121	1	4	7	16.11
122	1	4	8	20.11
123	1	4	9	20.11
124	1	4	10	19.11
125	1	4	11	23.11
126	1	4	13	25.11
127	1	4	14	26.11
128	1	5	0	15.11
129	1	5	2	15.11
130	1	5	5	18.11
131	1	5	6	18.11
132	1	5	10	22.11
133	1	5	11	22.11
134	1	5	13	25.11
135	1	5	15	26.11
136	1	6	0	15.11
137	1	6	2	15.11
138	1	6	3	15.11
139	1	6	6	17.11
140	1	6	10	22.11
141	1	6	11	23.11
142	1	6	12	24.11
143	1	6	13	25.11
144	1	6	14	26.11
145	2	0	0	15.11
146	2	0	1	15.11
147	2	0	2	15.11
148	2	0	6	17.11
149	2	0	7	19.11
150	2	0	8	19.11
151	2	0	9	21.11
152	2	0	10	22.11
153	2	0	11	23.11
154	2	0	12	24.11
155	2	0	13	25.11
156	2	0	14	26.11
157	2	1	0	15.11
158	2	1	4	16.11
159	2	1	6	16.11
160	2	1	7	16.11
161	2	1	8	17.11
162	2	1	9	21.11
163	2	1	10	22.11
164	2	1	12	24.11
165	2	1	13	25.11
166	2	2	0	15.11
167	2	2	3	15.11
168	2	2	4	16.11
169	2	2	7	19.11
170	2	2	8	20.11
171	2	2	9	21.11
172	2	2	10	22.11
173	2	2	11	22.11
174	2	2	12	24.11
175	2	2	13	25.11
176	2	3	0	15.11
177	2	3	1	15.11
178	2	3	3	15.11
179	2	3	6	15.11
180	2	3	8	18.11
181	2	3	9	21.11
182	2	3	10	22.11
183	2	3	11	23.11
184	2	3	12	23.11
185	2	3	13	25.11
186	2	4	0	15.11
187	2	4	5	17.11
188	2	4	6	18.11
189	2	4	7	16.11
190	2	4	8	20.11
191	2	4	9	21.11
192	2	4	11	23.11
193	2	4	12	24.11
194	2	4	13	25.11
195	2	4	14	26.11
196	2	5	0	15.11
197	2	5	1	15.11
198	2	5	2	15.11
199	2	5	5	17.11
200	2	5	6	18.11
201	2	5	7	19.11
202	2	5	9	21.11
203	2	5	10	22.11
204	2	5	11	23.11
205	2	5	12	24.11
206	2	5	13	25.11
207	2	5	15	26.11
208	2	6	0	15.11
209	2	6	2	15.11
210	2	6	3	15.11
211	2	6	7	19.11
212	2	6	9	22.11
213	2	6	10	22.11
214	2	6	11	23.11
215	2	6	12	24.11
216	2	6	13	25.11
217	2	6	14	26.11
218	3	0	0	15.11
219	3	0	1	15.11
220	3	0	2	15.11
221	3	0	6	17.11
222	3	0	8	20.11
223	3	0	9	21.11
224	3	0	11	23.11
225	3	0	12	24.11
226	3	0	13	24.11
227	3	0	14	26.11
228	3	1	0	15.11
229	3	1	4	17.11
230	3	1	5	17.11
231	3	1	7	16.11
232	3	1	8	19.11
233	3	1	9	21.11
234	3	1	10	22.11
235	3	1	11	23.11
236	3	1	12	24.11
237	3	1	13	25.11
238	3	2	0	15.11
239	3	2	4	16.11
240	3	2	7	18.11
241	3	2	8	19.11
242	3	2	10	22.11
243	3	2	11	23.11
244	3	2	12	24.11
245	3	2	13	25.11
246	3	3	0	15.11
247	3	3	2	15.11
248	3	3	3	15.11
249	3	3	6	15.11
250	3	3	8	20.11
251	3	3	9	21.11
252	3	3	10	22.11
253	3	3	11	23.11
254	3	3	12	23.11
255	3	3	13	25.11
256	3	4	0	15.11
257	3	4	4	17.11
258	3	4	6	17.11
259	3	4	8	20.11
260	3	4	9	21.11
261	3	4	11	23.11
262	3	4	12	24.11
263	3	4	13	25.11
264	3	4	14	26.11
265	3	5	0	15.11
266	3	5	2	15.11
267	3	5	5	17.11
268	3	5	6	18.11
269	3	5	7	19.11
270	3	5	9	21.11
271	3	5	11	22.11
272	3	5	13	25.11
273	3	5	15	26.11
274	3	6	0	15.11
275	3	6	1	15.11
276	3	6	2	15.11
277	3	6	3	15.11
278	3	6	6	16.11
279	3	6	9	21.11
280	3	6	10	22.11
281	3	6	11	21.11
282	3	6	13	25.11
283	3	6	14	26.11
284	3	6	15	26.11
285	4	0	0	15.11
286	4	0	1	15.11
287	4	0	2	15.11
288	4	0	6	17.11
289	4	0	8	20.11
290	4	0	9	21.11
291	4	0	11	23.11
292	4	0	12	24.11
293	4	0	13	25.11
294	4	1	0	15.11
295	4	1	4	17.11
296	4	1	5	17.11
297	4	1	7	18.11
298	4	1	8	20.11
299	4	1	9	21.11
300	4	1	10	22.11
301	4	1	11	23.11
302	4	1	12	24.11
303	4	1	13	25.11
304	4	2	0	15.11
305	4	2	3	16.11
306	4	2	7	18.11
307	4	2	8	20.11
308	4	2	10	20.11
309	4	2	11	23.11
310	4	2	12	24.11
311	4	2	13	25.11
312	4	3	0	15.11
313	4	3	1	15.11
314	4	3	2	15.11
315	4	3	3	15.11
316	4	3	5	17.11
317	4	3	6	15.11
318	4	3	7	19.11
319	4	3	8	19.11
320	4	3	10	22.11
321	4	3	11	23.11
322	4	3	13	25.11
323	4	4	0	15.11
324	4	4	4	17.11
325	4	4	6	18.11
326	4	4	8	20.11
327	4	4	9	21.11
328	4	4	10	22.11
329	4	4	11	23.11
330	4	4	12	24.11
331	4	4	13	25.11
332	4	4	14	26.11
333	4	5	0	15.11
334	4	5	3	15.11
335	4	5	4	17.11
336	4	5	6	18.11
337	4	5	8	17.11
338	4	5	9	21.11
339	4	5	10	22.11
340	4	5	11	23.11
341	4	5	12	24.11
342	4	5	13	25.11
343	4	5	15	26.11
344	4	6	0	15.11
345	4	6	2	15.11
346	4	6	3	15.11
347	4	6	5	17.11
348	4	6	6	15.11
349	4	6	9	20.11
350	4	6	10	22.11
351	4	6	11	24.11
352	4	6	13	25.11
353	4	6	14	26.11
354	4	6	15	26.11
355	5	0	0	15.11
356	5	0	3	15.11
357	5	0	6	17.11
358	5	0	8	20.11
359	5	0	9	21.11
360	5	0	11	23.11
361	5	0	12	24.11
362	5	0	13	25.11
363	5	0	14	26.11
364	5	1	0	15.11
365	5	1	4	15.11
366	5	1	5	17.11
367	5	1	6	15.11
368	5	1	7	16.11
369	5	1	8	20.11
370	5	1	9	21.11
371	5	1	10	22.11
372	5	1	11	23.11
373	5	1	12	24.11
374	5	1	13	25.11
375	5	2	0	15.11
376	5	2	3	15.11
377	5	2	7	18.11
378	5	2	8	20.11
379	5	2	9	20.11
380	5	2	10	21.11
381	5	2	11	23.11
382	5	2	12	24.11
383	5	2	13	25.11
384	5	2	14	25.11
385	5	3	0	15.11
386	5	3	2	15.11
387	5	3	3	15.11
388	5	3	6	15.11
389	5	3	7	16.11
390	5	3	8	18.11
391	5	3	9	18.11
392	5	3	10	22.11
393	5	3	11	22.11
394	5	3	12	23.11
395	5	3	13	25.11
396	5	4	0	15.11
397	5	4	2	15.11
398	5	4	4	17.11
399	5	4	6	17.11
400	5	4	8	19.11
401	5	4	9	21.11
402	5	4	10	22.11
403	5	4	11	23.11
404	5	4	12	24.11
405	5	4	13	25.11
406	5	5	0	15.11
407	5	5	4	17.11
408	5	5	6	18.11
409	5	5	7	19.11
410	5	5	8	20.11
411	5	5	10	22.11
412	5	5	11	23.11
413	5	5	13	25.11
414	5	5	14	26.11
415	5	5	15	26.11
416	5	6	0	15.11
417	5	6	3	15.11
418	5	6	4	15.11
419	5	6	5	16.11
420	5	6	7	19.11
421	5	6	9	21.11
422	5	6	10	21.11
423	5	6	11	23.11
424	5	6	13	25.11
425	5	6	14	26.11
426	5	6	15	26.11
427	6	0	0	15.11
428	6	0	3	15.11
429	6	0	6	18.11
430	6	0	7	19.11
431	6	0	8	20.11
432	6	0	9	21.11
433	6	0	10	22.11
434	6	0	11	24.11
435	6	0	12	24.11
436	6	0	13	25.11
437	6	0	14	26.11
438	6	1	0	15.11
439	6	1	4	15.11
440	6	1	5	16.11
441	6	1	6	18.11
442	6	1	8	20.11
443	6	1	9	21.11
444	6	1	11	23.11
445	6	1	12	24.11
446	6	1	13	25.11
447	6	2	0	15.11
448	6	2	3	16.11
449	6	2	4	16.11
450	6	2	6	18.11
451	6	2	8	20.11
452	6	2	9	21.11
453	6	2	10	22.11
454	6	2	11	23.11
455	6	2	12	24.11
456	6	2	13	25.11
457	6	2	14	26.11
458	6	3	0	15.11
459	6	3	2	15.11
460	6	3	3	16.11
461	6	3	6	15.11
462	6	3	7	16.11
463	6	3	9	21.11
464	6	3	10	22.11
465	6	3	11	23.11
466	6	3	12	24.11
467	6	3	13	25.11
468	6	3	14	26.11
469	6	4	0	15.11
470	6	4	3	15.11
471	6	4	5	17.11
472	6	4	6	16.11
473	6	4	8	20.11
474	6	4	10	21.11
475	6	4	11	23.11
476	6	4	12	24.11
477	6	4	13	25.11
478	6	4	14	26.11
479	6	5	0	15.11
480	6	5	2	15.11
481	6	5	3	15.11
482	6	5	4	16.11
483	6	5	5	17.11
484	6	5	6	18.11
485	6	5	8	17.11
486	6	5	9	21.11
487	6	5	10	22.11
488	6	5	11	23.11
489	6	5	13	25.11
490	6	5	15	26.11
491	6	6	0	15.11
492	6	6	2	15.11
493	6	6	3	15.11
494	6	6	4	16.11
495	6	6	5	17.11
496	6	6	8	20.11
497	6	6	9	21.11
498	6	6	10	22.11
499	6	6	11	23.11
500	6	6	14	26.11
501	6	6	15	26.11
502	7	0	0	15.11
503	7	0	2	15.11
504	7	0	4	15.11
505	7	0	7	18.11
506	7	0	8	20.11
507	7	0	10	22.11
508	7	0	11	23.11
509	7	0	12	24.11
510	7	0	13	25.11
511	7	0	14	26.11
512	7	1	0	15.11
513	7	1	2	15.11
514	7	1	3	15.11
515	7	1	5	18.11
516	7	1	7	19.11
517	7	1	8	19.11
518	7	1	9	21.11
519	7	1	10	22.11
520	7	1	12	24.11
521	7	1	13	25.11
522	7	1	14	26.11
523	7	1	15	26.11
524	7	2	0	15.11
525	7	2	1	15.11
526	7	2	4	16.11
527	7	2	5	18.11
528	7	2	8	20.11
529	7	2	9	21.11
530	7	2	10	22.11
531	7	2	11	22.11
532	7	2	12	24.11
533	7	2	13	25.11
534	7	2	15	26.11
535	7	3	0	15.11
536	7	3	1	15.11
537	7	3	2	15.11
538	7	3	3	15.11
539	7	3	4	16.11
540	7	3	6	15.11
541	7	3	7	16.11
542	7	3	10	22.11
543	7	3	11	23.11
544	7	3	12	24.11
545	7	3	13	25.11
546	7	3	14	26.11
547	7	3	15	26.11
548	7	4	0	15.11
549	7	4	3	15.11
550	7	4	4	15.11
551	7	4	5	16.11
552	7	4	6	17.11
553	7	4	7	19.11
554	7	4	8	20.11
555	7	4	11	22.11
556	7	4	12	24.11
557	7	4	13	25.11
558	7	4	14	26.11
559	7	5	0	15.11
560	7	5	1	15.11
561	7	5	2	15.11
562	7	5	3	15.11
563	7	5	4	16.11
564	7	5	6	18.11
565	7	5	7	19.11
566	7	5	8	17.11
567	7	5	10	22.11
568	7	5	12	24.11
569	7	5	14	26.11
570	7	5	15	26.11
571	7	5	16	25.11
572	7	6	0	15.11
573	7	6	1	15.11
574	7	6	3	15.11
575	7	6	5	16.11
576	7	6	6	18.11
577	7	6	9	21.11
578	7	6	10	22.11
579	7	6	11	23.11
580	7	6	12	24.11
581	7	6	14	26.11
582	7	6	15	26.11
583	8	0	0	15.11
584	8	0	1	15.11
585	8	0	4	17.11
586	8	0	5	16.11
587	8	0	7	19.11
588	8	0	8	20.11
589	8	0	9	21.11
590	8	0	10	22.11
591	8	0	12	24.11
592	8	0	13	22.11
593	8	0	14	26.11
594	8	0	15	26.11
595	8	1	0	15.11
596	8	1	1	15.11
597	8	1	3	16.11
598	8	1	4	15.11
599	8	1	6	18.11
600	8	1	8	20.11
601	8	1	9	19.11
602	8	1	10	22.11
603	8	1	12	24.11
604	8	1	13	25.11
605	8	1	14	25.11
606	8	1	16	25.11
607	8	2	0	15.11
608	8	2	2	15.11
609	8	2	4	16.11
610	8	2	5	18.11
611	8	2	6	15.11
612	8	2	8	20.11
613	8	2	9	20.11
614	8	2	10	22.11
615	8	2	11	22.11
616	8	2	12	24.11
617	8	2	13	25.11
618	8	2	15	26.11
619	8	3	0	15.11
620	8	3	1	15.11
621	8	3	2	15.11
622	8	3	3	15.11
623	8	3	4	16.11
624	8	3	6	15.11
625	8	3	7	16.11
626	8	3	11	22.11
627	8	3	12	24.11
628	8	3	13	25.11
629	8	3	14	26.11
630	8	3	15	26.11
631	8	4	0	15.11
632	8	4	4	17.11
633	8	4	5	16.11
634	8	4	6	18.11
635	8	4	7	19.11
636	8	4	8	20.11
637	8	4	11	22.11
638	8	4	12	24.11
639	8	4	13	25.11
640	8	4	14	26.11
641	8	5	0	15.11
642	8	5	3	15.11
643	8	5	4	17.11
644	8	5	7	19.11
645	8	5	8	20.11
646	8	5	9	21.11
647	8	5	10	22.11
648	8	5	11	23.11
649	8	5	12	24.11
650	8	5	13	25.11
651	8	5	15	26.11
652	8	5	16	25.11
653	8	6	0	15.11
654	8	6	2	15.11
655	8	6	5	16.11
656	8	6	7	19.11
657	8	6	9	21.11
658	8	6	10	22.11
659	8	6	11	23.11
660	8	6	12	24.11
661	8	6	13	25.11
662	8	6	15	26.11
663	9	0	0	15.11
664	9	0	2	15.11
665	9	0	3	15.11
666	9	0	4	17.11
667	9	0	8	19.11
668	9	0	10	22.11
669	9	0	12	24.11
670	9	0	13	25.11
671	9	0	14	26.11
672	9	0	15	26.11
673	9	1	0	15.11
674	9	1	1	15.11
675	9	1	3	16.11
676	9	1	4	16.11
677	9	1	7	19.11
678	9	1	9	21.11
679	9	1	10	22.11
680	9	1	12	24.11
681	9	1	13	25.11
682	9	1	14	26.11
683	9	1	16	25.11
684	9	2	0	15.11
685	9	2	2	15.11
686	9	2	3	15.11
687	9	2	4	16.11
688	9	2	5	17.11
689	9	2	7	19.11
690	9	2	8	20.11
691	9	2	9	21.11
692	9	2	10	22.11
693	9	2	11	23.11
694	9	2	12	24.11
695	9	2	13	24.11
696	9	2	16	25.11
697	9	3	0	15.11
698	9	3	2	15.11
699	9	3	3	15.11
700	9	3	4	16.11
701	9	3	5	17.11
702	9	3	6	18.11
703	9	3	7	16.11
704	9	3	10	22.11
705	9	3	11	23.11
706	9	3	12	24.11
707	9	3	13	25.11
708	9	3	14	26.11
709	9	3	15	26.11
710	9	3	16	26.11
711	9	4	0	15.11
712	9	4	1	15.11
713	9	4	3	16.11
714	9	4	5	17.11
715	9	4	7	19.11
716	9	4	8	19.11
717	9	4	9	21.11
718	9	4	10	22.11
719	9	4	12	24.11
720	9	4	14	26.11
721	9	4	15	26.11
722	9	5	0	15.11
723	9	5	1	15.11
724	9	5	3	16.11
725	9	5	4	16.11
726	9	5	8	20.11
727	9	5	9	21.11
728	9	5	11	23.11
729	9	5	12	24.11
730	9	5	13	25.11
731	9	5	15	26.11
732	9	5	16	26.11
733	9	6	0	15.11
734	9	6	1	15.11
735	9	6	4	17.11
736	9	6	5	17.11
737	9	6	6	18.11
738	9	6	8	20.11
739	9	6	10	21.11
740	9	6	11	23.11
741	9	6	13	25.11
742	9	6	14	26.11
743	9	6	15	26.11
744	9	6	16	25.11
745	10	0	0	15.11
746	10	0	2	15.11
747	10	0	4	17.11
748	10	0	5	17.11
749	10	0	8	20.11
750	10	0	9	21.11
751	10	0	10	21.11
752	10	0	12	23.11
753	10	0	14	26.11
754	10	0	15	26.11
755	10	1	0	15.11
756	10	1	1	15.11
757	10	1	2	15.11
758	10	1	4	17.11
759	10	1	5	18.11
760	10	1	7	19.11
761	10	1	8	17.11
762	10	1	9	21.11
763	10	1	10	21.11
764	10	1	11	23.11
765	10	1	12	24.11
766	10	1	13	25.11
767	10	1	14	26.11
768	10	1	16	25.11
769	10	2	0	15.11
770	10	2	3	15.11
771	10	2	4	16.11
772	10	2	5	18.11
773	10	2	8	20.11
774	10	2	9	18.11
775	10	2	10	22.11
776	10	2	11	23.11
777	10	2	12	24.11
778	10	2	13	25.11
779	10	2	14	26.11
780	10	2	16	26.11
781	10	3	0	15.11
782	10	3	1	15.11
783	10	3	3	16.11
784	10	3	4	17.11
785	10	3	5	17.11
786	10	3	6	18.11
787	10	3	7	19.11
788	10	3	10	22.11
789	10	3	11	23.11
790	10	3	12	24.11
791	10	3	13	25.11
792	10	3	14	26.11
793	10	3	15	26.11
794	10	3	16	26.11
795	10	4	0	15.11
796	10	4	1	15.11
797	10	4	4	16.11
798	10	4	5	17.11
799	10	4	6	15.11
800	10	4	7	18.11
801	10	4	8	17.11
802	10	4	9	21.11
803	10	4	11	23.11
804	10	4	12	24.11
805	10	4	13	25.11
806	10	4	14	26.11
807	10	4	15	26.11
808	10	5	0	15.11
809	10	5	2	15.11
810	10	5	3	15.11
811	10	5	4	16.11
812	10	5	5	17.11
813	10	5	6	18.11
814	10	5	8	17.11
815	10	5	9	21.11
816	10	5	10	22.11
817	10	5	11	22.11
818	10	5	12	24.11
819	10	5	13	25.11
820	10	5	14	26.11
821	10	5	16	25.11
822	10	6	0	15.11
823	10	6	1	15.11
824	10	6	2	15.11
825	10	6	4	17.11
826	10	6	5	17.11
827	10	6	6	15.11
828	10	6	7	19.11
829	10	6	8	20.11
830	10	6	10	22.11
831	10	6	11	23.11
832	10	6	13	25.11
833	10	6	14	26.11
834	10	6	15	26.11
835	10	6	16	26.11
836	11	0	0	15.11
837	11	0	3	15.11
838	11	0	4	17.11
839	11	0	5	18.11
840	11	0	6	15.11
841	11	0	8	17.11
842	11	0	9	21.11
843	11	0	10	22.11
844	11	0	11	23.11
845	11	0	12	24.11
846	11	0	13	25.11
847	11	0	14	26.11
848	11	0	15	26.11
849	11	1	0	15.11
850	11	1	1	15.11
851	11	1	2	15.11
852	11	1	4	16.11
853	11	1	6	15.11
854	11	1	8	20.11
855	11	1	9	21.11
856	11	1	10	22.11
857	11	1	11	23.11
858	11	1	12	24.11
859	11	1	13	25.11
860	11	1	14	26.11
861	11	1	15	26.11
862	11	1	16	25.11
863	11	2	0	15.11
864	11	2	1	15.11
865	11	2	2	15.11
866	11	2	4	16.11
867	11	2	5	15.11
868	11	2	8	20.11
869	11	2	9	18.11
870	11	2	10	22.11
871	11	2	11	22.11
872	11	2	12	24.11
873	11	2	13	25.11
874	11	2	14	25.11
875	11	2	16	25.11
876	11	3	0	15.11
877	11	3	2	15.11
878	11	3	3	16.11
879	11	3	4	16.11
880	11	3	5	17.11
881	11	3	6	18.11
882	11	3	8	20.11
883	11	3	9	21.11
884	11	3	11	23.11
885	11	3	12	24.11
886	11	3	15	26.11
887	11	3	16	25.11
888	11	4	0	15.11
889	11	4	1	15.11
890	11	4	4	16.11
891	11	4	6	18.11
892	11	4	7	19.11
893	11	4	9	20.11
894	11	4	10	22.11
895	11	4	11	23.11
896	11	4	12	24.11
897	11	4	13	25.11
898	11	4	15	26.11
899	11	4	16	26.11
900	11	5	0	15.11
901	11	5	2	15.11
902	11	5	3	16.11
903	11	5	5	18.11
904	11	5	6	18.11
905	11	5	9	21.11
906	11	5	10	19.11
907	11	5	11	22.11
908	11	5	12	24.11
909	11	5	13	22.11
910	11	5	14	26.11
911	11	5	16	26.11
912	11	6	0	15.11
913	11	6	1	15.11
914	11	6	2	15.11
915	11	6	4	17.11
916	11	6	6	18.11
917	11	6	7	16.11
918	11	6	8	20.11
919	11	6	11	23.11
920	11	6	12	24.11
921	11	6	13	25.11
922	11	6	14	26.11
923	11	6	15	26.11
924	11	6	16	26.11
925	12	0	0	15.11
926	12	0	3	15.11
927	12	0	4	17.11
928	12	0	6	15.11
929	12	0	9	21.11
930	12	0	10	21.11
931	12	0	11	23.11
932	12	0	12	24.11
933	12	0	13	25.11
934	12	0	14	26.11
935	12	0	15	26.11
936	12	1	0	15.11
937	12	1	2	15.11
938	12	1	3	15.11
939	12	1	4	17.11
940	12	1	7	19.11
941	12	1	8	20.11
942	12	1	9	21.11
943	12	1	10	22.11
944	12	1	11	23.11
945	12	1	12	24.11
946	12	1	13	25.11
947	12	1	14	26.11
948	12	1	16	26.11
949	12	2	0	15.11
950	12	2	2	15.11
951	12	2	3	16.11
952	12	2	5	17.11
953	12	2	6	18.11
954	12	2	8	20.11
955	12	2	9	21.11
956	12	2	10	22.11
957	12	2	11	23.11
958	12	2	12	24.11
959	12	2	13	25.11
960	12	2	15	26.11
961	12	3	0	15.11
962	12	3	3	16.11
963	12	3	4	15.11
964	12	3	5	18.11
965	12	3	7	17.11
966	12	3	9	20.11
967	12	3	10	22.11
968	12	3	11	23.11
969	12	3	12	24.11
970	12	3	15	26.11
971	12	3	16	25.11
972	12	4	0	15.11
973	12	4	1	15.11
974	12	4	2	15.11
975	12	4	4	17.11
976	12	4	6	18.11
977	12	4	7	19.11
978	12	4	9	21.11
979	12	4	10	22.11
980	12	4	11	22.11
981	12	4	12	24.11
982	12	4	13	25.11
983	12	4	15	26.11
984	12	4	16	25.11
985	12	5	0	15.11
986	12	5	2	15.11
987	12	5	3	15.11
988	12	5	5	18.11
989	12	5	6	18.11
990	12	5	8	20.11
991	12	5	9	21.11
992	12	5	10	22.11
993	12	5	11	22.11
994	12	5	13	25.11
995	12	5	14	26.11
996	12	5	15	26.11
997	12	5	16	26.11
998	12	6	0	15.11
999	12	6	1	15.11
1000	12	6	2	15.11
1001	12	6	3	15.11
1002	12	6	6	18.11
1003	12	6	7	18.11
1004	12	6	9	21.11
1005	12	6	11	23.11
1006	12	6	12	24.11
1007	12	6	13	25.11
1008	12	6	15	26.11
1009	12	6	16	26.11
1010	13	0	0	15.11
1011	13	0	1	15.11
1012	13	0	3	15.11
1013	13	0	4	17.11
1014	13	0	5	17.11
1015	13	0	6	15.11
1016	13	0	9	21.11
1017	13	0	10	22.11
1018	13	0	11	23.11
1019	13	0	12	23.11
1020	13	0	13	25.11
1021	13	0	14	25.11
1022	13	0	15	26.11
1023	13	0	16	26.11
1024	13	1	0	15.11
1025	13	1	1	15.11
1026	13	1	3	15.11
1027	13	1	4	15.11
1028	13	1	7	19.11
1029	13	1	9	21.11
1030	13	1	10	22.11
1031	13	1	11	23.11
1032	13	1	13	25.11
1033	13	1	14	26.11
1034	13	1	16	25.11
1035	13	2	0	15.11
1036	13	2	2	15.11
1037	13	2	3	16.11
1038	13	2	6	18.11
1039	13	2	8	20.11
1040	13	2	9	21.11
1041	13	2	10	22.11
1042	13	2	11	23.11
1043	13	2	12	24.11
1044	13	2	13	25.11
1045	13	2	15	26.11
1046	13	3	0	15.11
1047	13	3	1	15.11
1048	13	3	2	15.11
1049	13	3	4	16.11
1050	13	3	5	18.11
1051	13	3	6	18.11
1052	13	3	7	19.11
1053	13	3	8	20.11
1054	13	3	10	22.11
1055	13	3	11	23.11
1056	13	3	12	23.11
1057	13	3	15	26.11
1058	13	3	16	26.11
1059	13	4	0	15.11
1060	13	4	1	15.11
1061	13	4	2	15.11
1062	13	4	4	17.11
1063	13	4	6	18.11
1064	13	4	7	19.11
1065	13	4	8	17.11
1066	13	4	9	21.11
1067	13	4	11	22.11
1068	13	4	12	24.11
1069	13	4	13	25.11
1070	13	4	14	26.11
1071	13	4	15	26.11
1072	13	4	16	26.11
1073	13	5	0	15.11
1074	13	5	2	15.11
1075	13	5	5	17.11
1076	13	5	6	15.11
1077	13	5	7	18.11
1078	13	5	8	17.11
1079	13	5	9	18.11
1080	13	5	10	22.11
1081	13	5	11	22.11
1082	13	5	13	25.11
1083	13	5	14	26.11
1084	13	5	15	26.11
1085	13	5	16	25.11
1086	13	6	0	15.11
1087	13	6	1	15.11
1088	13	6	2	15.11
1089	13	6	4	15.11
1090	13	6	6	18.11
1091	13	6	8	20.11
1092	13	6	9	21.11
1093	13	6	10	22.11
1094	13	6	11	23.11
1095	13	6	13	25.11
1096	13	6	15	26.11
1097	13	6	16	26.11
1098	14	0	0	15.11
1099	14	0	2	15.11
1100	14	0	3	15.11
1101	14	0	4	16.11
1102	14	0	5	18.11
1103	14	0	7	19.11
1104	14	0	8	17.11
1105	14	0	10	22.11
1106	14	0	11	23.11
1107	14	0	13	25.11
1108	14	0	14	26.11
1109	14	0	15	26.11
1110	14	1	0	15.11
1111	14	1	1	15.11
1112	14	1	3	16.11
1113	14	1	4	15.11
1114	14	1	7	16.11
1115	14	1	9	21.11
1116	14	1	10	22.11
1117	14	1	11	23.11
1118	14	1	12	24.11
1119	14	1	13	25.11
1120	14	1	14	26.11
1121	14	1	16	26.11
1122	14	2	0	15.11
1123	14	2	3	16.11
1124	14	2	4	16.11
1125	14	2	6	18.11
1126	14	2	8	20.11
1127	14	2	9	21.11
1128	14	2	10	22.11
1129	14	2	11	23.11
1130	14	2	12	23.11
1131	14	2	13	25.11
1132	14	2	14	26.11
1133	14	2	15	26.11
1134	14	3	0	15.11
1135	14	3	1	15.11
1136	14	3	2	15.11
1137	14	3	4	16.11
1138	14	3	5	18.11
1139	14	3	6	18.11
1140	14	3	7	19.11
1141	14	3	8	17.11
1142	14	3	10	22.11
1143	14	3	11	23.11
1144	14	3	12	24.11
1145	14	3	15	26.11
1146	14	3	16	26.11
1147	14	4	0	15.11
1148	14	4	2	15.11
1149	14	4	5	17.11
1150	14	4	6	15.11
1151	14	4	7	16.11
1152	14	4	9	21.11
1153	14	4	10	22.11
1154	14	4	11	20.11
1155	14	4	12	24.11
1156	14	4	13	25.11
1157	14	4	14	26.11
1158	14	4	15	26.11
1159	14	4	16	26.11
1160	14	5	0	15.11
1161	14	5	2	15.11
1162	14	5	3	15.11
1163	14	5	4	15.11
1164	14	5	5	17.11
1165	14	5	6	18.11
1166	14	5	7	19.11
1167	14	5	9	21.11
1168	14	5	10	22.11
1169	14	5	11	23.11
1170	14	5	12	24.11
1171	14	5	14	26.11
1172	14	5	15	26.11
1173	14	6	0	15.11
1174	14	6	1	15.11
1175	14	6	2	15.11
1176	14	6	3	15.11
1177	14	6	6	18.11
1178	14	6	7	16.11
1179	14	6	8	20.11
1180	14	6	9	21.11
1181	14	6	10	22.11
1182	14	6	11	23.11
1183	14	6	12	24.11
1184	14	6	13	25.11
1185	14	6	14	26.11
1186	14	6	15	26.11
1187	14	6	16	26.11
1188	15	0	0	15.11
1189	15	0	2	15.11
1190	15	0	3	16.11
1191	15	0	5	18.11
1192	15	0	6	15.11
1193	15	0	8	19.11
1194	15	0	10	22.11
1195	15	0	11	23.11
1196	15	0	12	24.11
1197	15	0	13	25.11
1198	15	0	14	25.11
1199	15	0	15	26.11
1200	15	1	0	15.11
1201	15	1	1	15.11
1202	15	1	3	16.11
1203	15	1	7	19.11
1204	15	1	9	21.11
1205	15	1	10	19.11
1206	15	1	11	23.11
1207	15	1	12	23.11
1208	15	1	13	25.11
1209	15	1	14	26.11
1210	15	1	16	26.11
1211	15	2	0	15.11
1212	15	2	3	16.11
1213	15	2	4	16.11
1214	15	2	5	18.11
1215	15	2	6	18.11
1216	15	2	7	16.11
1217	15	2	8	20.11
1218	15	2	9	18.11
1219	15	2	10	22.11
1220	15	2	11	23.11
1221	15	2	12	24.11
1222	15	2	13	25.11
1223	15	2	14	26.11
1224	15	2	15	26.11
1225	15	3	0	15.11
1226	15	3	1	15.11
1227	15	3	2	15.11
1228	15	3	4	16.11
1229	15	3	5	18.11
1230	15	3	6	18.11
1231	15	3	7	18.11
1232	15	3	10	21.11
1233	15	3	11	23.11
1234	15	3	12	24.11
1235	15	3	14	26.11
1236	15	3	16	26.11
1237	15	4	0	15.11
1238	15	4	2	16.11
1239	15	4	5	17.11
1240	15	4	6	15.11
1241	15	4	7	19.11
1242	15	4	9	21.11
1243	15	4	10	22.11
1244	15	4	11	23.11
1245	15	4	12	24.11
1246	15	4	13	25.11
1247	15	4	14	26.11
1248	15	4	15	26.11
1249	15	4	16	26.11
1250	15	5	0	15.11
1251	15	5	1	16.11
1252	15	5	2	15.11
1253	15	5	4	17.11
1254	15	5	5	17.11
1255	15	5	7	18.11
1256	15	5	9	21.11
1257	15	5	10	22.11
1258	15	5	12	24.11
1259	15	5	13	25.11
1260	15	5	14	26.11
1261	15	5	16	25.11
1262	15	6	0	15.11
1263	15	6	1	15.11
1264	15	6	2	15.11
1265	15	6	6	18.11
1266	15	6	7	19.11
1267	15	6	8	20.11
1268	15	6	9	21.11
1269	15	6	11	23.11
1270	15	6	12	24.11
1271	15	6	13	25.11
1272	15	6	14	26.11
1273	15	6	15	26.11
1274	15	6	16	25.11
1275	16	0	0	15.11
1276	16	0	3	15.11
1277	16	0	4	16.11
1278	16	0	5	18.11
1279	16	0	7	19.11
1280	16	0	8	17.11
1281	16	0	10	22.11
1282	16	0	11	23.11
1283	16	0	12	23.11
1284	16	0	13	25.11
1285	16	0	14	26.11
1286	16	0	15	26.11
1287	16	1	0	15.11
1288	16	1	1	15.11
1289	16	1	3	15.11
1290	16	1	6	15.11
1291	16	1	9	21.11
1292	16	1	10	21.11
1293	16	1	11	23.11
1294	16	1	12	24.11
1295	16	1	13	25.11
1296	16	1	14	26.11
1297	16	1	15	26.11
1298	16	2	0	15.11
1299	16	2	3	16.11
1300	16	2	5	17.11
1301	16	2	7	19.11
1302	16	2	9	21.11
1303	16	2	10	22.11
1304	16	2	11	23.11
1305	16	2	12	24.11
1306	16	2	13	25.11
1307	16	2	16	26.11
1308	16	3	0	15.11
1309	16	3	1	15.11
1310	16	3	2	15.11
1311	16	3	4	15.11
1312	16	3	6	15.11
1313	16	3	7	19.11
1314	16	3	8	20.11
1315	16	3	10	21.11
1316	16	3	11	23.11
1317	16	3	13	25.11
1318	16	3	14	26.11
1319	16	3	16	26.11
1320	16	4	0	15.11
1321	16	4	2	15.11
1322	16	4	5	17.11
1323	16	4	6	18.11
1324	16	4	7	19.11
1325	16	4	8	17.11
1326	16	4	10	22.11
1327	16	4	11	23.11
1328	16	4	12	24.11
1329	16	4	13	25.11
1330	16	4	14	25.11
1331	16	4	15	26.11
1332	16	4	16	26.11
1333	16	5	0	15.11
1334	16	5	1	15.11
1335	16	5	2	15.11
1336	16	5	3	16.11
1337	16	5	4	16.11
1338	16	5	5	18.11
1339	16	5	7	18.11
1340	16	5	9	21.11
1341	16	5	10	19.11
1342	16	5	11	23.11
1343	16	5	14	26.11
1344	16	5	16	25.11
1345	16	6	0	15.11
1346	16	6	1	15.11
1347	16	6	2	15.11
1348	16	6	5	18.11
1349	16	6	7	19.11
1350	16	6	8	20.11
1351	16	6	9	21.11
1352	16	6	10	19.11
1353	16	6	11	23.11
1354	16	6	13	25.11
1355	16	6	14	26.11
1356	16	6	15	26.11
1357	16	6	16	25.11
1358	17	0	0	15.11
1359	17	0	2	15.11
1360	17	0	5	18.11
1361	17	0	7	16.11
1362	17	0	8	17.11
1363	17	0	10	22.11
1364	17	0	11	23.11
1365	17	0	12	24.11
1366	17	0	13	25.11
1367	17	0	14	26.11
1368	17	0	15	26.11
1369	17	1	0	15.11
1370	17	1	1	15.11
1371	17	1	3	16.11
1372	17	1	6	18.11
1373	17	1	8	20.11
1374	17	1	10	22.11
1375	17	1	11	23.11
1376	17	1	12	24.11
1377	17	1	13	25.11
1378	17	1	14	26.11
1379	17	1	15	26.11
1380	17	2	0	15.11
1381	17	2	2	15.11
1382	17	2	3	16.11
1383	17	2	4	17.11
1384	17	2	5	17.11
1385	17	2	6	18.11
1386	17	2	8	17.11
1387	17	2	9	21.11
1388	17	2	10	22.11
1389	17	2	11	23.11
1390	17	2	12	21.11
1391	17	2	13	25.11
1392	17	2	15	26.11
1393	17	2	16	26.11
1394	17	3	0	15.11
1395	17	3	1	15.11
1396	17	3	3	15.11
1397	17	3	4	15.11
1398	17	3	5	18.11
1399	17	3	6	18.11
1400	17	3	7	19.11
1401	17	3	8	20.11
1402	17	3	10	22.11
1403	17	3	11	23.11
1404	17	3	13	25.11
1405	17	3	15	26.11
1406	17	3	16	26.11
1407	17	4	0	15.11
1408	17	4	2	15.11
1409	17	4	5	18.11
1410	17	4	7	19.11
1411	17	4	8	20.11
1412	17	4	10	19.11
1413	17	4	11	23.11
1414	17	4	12	24.11
1415	17	4	13	25.11
1416	17	4	14	26.11
1417	17	4	15	26.11
1418	17	5	0	15.11
1419	17	5	1	15.11
1420	17	5	2	15.11
1421	17	5	4	16.11
1422	17	5	5	17.11
1423	17	5	7	19.11
1424	17	5	9	21.11
1425	17	5	10	21.11
1426	17	5	13	25.11
1427	17	5	14	26.11
1428	17	5	15	26.11
1429	17	5	16	25.11
1430	17	6	0	15.11
1431	17	6	1	15.11
1432	17	6	5	18.11
1433	17	6	7	19.11
1434	17	6	8	20.11
1435	17	6	9	18.11
1436	17	6	10	22.11
1437	17	6	12	23.11
1438	17	6	13	25.11
1439	17	6	14	26.11
1440	17	6	15	26.11
1441	17	6	16	25.11
1442	18	0	0	15.11
1443	18	0	1	15.11
1444	18	0	2	15.11
1445	18	0	5	17.11
1446	18	0	6	18.11
1447	18	0	8	20.11
1448	18	0	9	21.11
1449	18	0	10	22.11
1450	18	0	12	24.11
1451	18	0	13	25.11
1452	18	0	14	26.11
1453	18	0	15	26.11
1454	18	1	0	15.11
1455	18	1	1	15.11
1456	18	1	3	15.11
1457	18	1	6	18.11
1458	18	1	8	20.11
1459	18	1	9	20.11
1460	18	1	11	23.11
1461	18	1	12	24.11
1462	18	1	13	25.11
1463	18	1	14	26.11
1464	18	2	0	15.11
1465	18	2	1	15.11
1466	18	2	3	15.11
1467	18	2	4	16.11
1468	18	2	5	17.11
1469	18	2	8	17.11
1470	18	2	10	22.11
1471	18	2	11	23.11
1472	18	2	12	24.11
1473	18	2	13	25.11
1474	18	2	14	26.11
1475	18	2	16	26.11
1476	18	3	0	15.11
1477	18	3	2	15.11
1478	18	3	3	16.11
1479	18	3	5	18.11
1480	18	3	6	15.11
1481	18	3	7	16.11
1482	18	3	9	21.11
1483	18	3	10	22.11
1484	18	3	11	22.11
1485	18	3	13	25.11
1486	18	3	14	26.11
1487	18	3	15	26.11
1488	18	3	16	26.11
1489	18	4	0	15.11
1490	18	4	1	15.11
1491	18	4	4	17.11
1492	18	4	5	18.11
1493	18	4	7	19.11
1494	18	4	8	20.11
1495	18	4	9	18.11
1496	18	4	11	23.11
1497	18	4	12	24.11
1498	18	4	13	25.11
1499	18	4	14	26.11
1500	18	4	15	26.11
1501	18	5	0	15.11
1502	18	5	1	15.11
1503	18	5	2	15.11
1504	18	5	4	15.11
1505	18	5	5	17.11
1506	18	5	6	18.11
1507	18	5	7	19.11
1508	18	5	8	20.11
1509	18	5	10	21.11
1510	18	5	12	24.11
1511	18	5	13	25.11
1512	18	5	14	26.11
1513	18	5	15	26.11
1514	18	6	0	15.11
1515	18	6	1	15.11
1516	18	6	2	15.11
1517	18	6	5	17.11
1518	18	6	6	15.11
1519	18	6	7	18.11
1520	18	6	10	22.11
1521	18	6	11	23.11
1522	18	6	12	24.11
1523	18	6	13	25.11
1524	18	6	14	26.11
1525	18	6	15	26.11
1526	18	6	16	25.11
1527	19	0	0	15.11
1528	19	0	2	15.11
1529	19	0	5	18.11
1530	19	0	6	18.11
1531	19	0	8	17.11
1532	19	0	9	21.11
1533	19	0	10	22.11
1534	19	0	11	22.11
1535	19	0	12	24.11
1536	19	0	14	26.11
1537	19	1	0	15.11
1538	19	1	1	15.11
1539	19	1	3	15.11
1540	19	1	5	17.11
1541	19	1	8	19.11
1542	19	1	9	21.11
1543	19	1	10	22.11
1544	19	1	11	23.11
1545	19	1	13	25.11
1546	19	1	14	26.11
1547	19	2	0	15.11
1548	19	2	1	15.11
1549	19	2	2	15.11
1550	19	2	4	16.11
1551	19	2	5	17.11
1552	19	2	7	16.11
1553	19	2	9	21.11
1554	19	2	10	22.11
1555	19	2	11	23.11
1556	19	2	12	24.11
1557	19	2	13	25.11
1558	19	2	14	26.11
1559	19	2	16	26.11
1560	19	3	0	15.11
1561	19	3	2	15.11
1562	19	3	5	18.11
1563	19	3	6	17.11
1564	19	3	8	18.11
1565	19	3	10	22.11
1566	19	3	12	24.11
1567	19	3	13	25.11
1568	19	3	15	26.11
1569	19	3	16	25.11
1570	19	4	0	15.11
1571	19	4	1	15.11
1572	19	4	3	16.11
1573	19	4	5	17.11
1574	19	4	6	18.11
1575	19	4	7	18.11
1576	19	4	9	21.11
1577	19	4	10	22.11
1578	19	4	11	23.11
1579	19	4	12	24.11
1580	19	4	13	25.11
1581	19	4	14	26.11
1582	19	4	15	26.11
1583	19	5	0	15.11
1584	19	5	1	15.11
1585	19	5	2	15.11
1586	19	5	4	16.11
1587	19	5	5	18.11
1588	19	5	8	20.11
1589	19	5	10	22.11
1590	19	5	11	23.11
1591	19	5	12	24.11
1592	19	5	13	25.11
1593	19	5	14	26.11
1594	19	5	15	26.11
1595	19	6	0	15.11
1596	19	6	1	15.11
1597	19	6	2	15.11
1598	19	6	5	18.11
1599	19	6	6	18.11
1600	19	6	7	19.11
1601	19	6	9	18.11
1602	19	6	10	22.11
1603	19	6	11	23.11
1604	19	6	12	24.11
1605	19	6	14	26.11
1606	19	6	15	26.11
1607	20	0	0	15.11
1608	20	0	2	15.11
1609	20	0	3	15.11
1610	20	0	4	17.11
1611	20	0	5	18.11
1612	20	0	8	19.11
1613	20	0	9	21.11
1614	20	0	10	22.11
1615	20	0	11	23.11
1616	20	0	12	24.11
1617	20	0	13	25.11
1618	20	0	14	26.11
1619	20	1	0	15.11
1620	20	1	2	15.11
1621	20	1	3	15.11
1622	20	1	5	17.11
1623	20	1	8	19.11
1624	20	1	9	21.11
1625	20	1	10	22.11
1626	20	1	11	23.11
1627	20	1	12	21.11
1628	20	1	13	25.11
1629	20	1	14	26.11
1630	20	2	0	15.11
1631	20	2	1	15.11
1632	20	2	3	16.11
1633	20	2	5	16.11
1634	20	2	6	15.11
1635	20	2	9	18.11
1636	20	2	10	22.11
1637	20	2	11	23.11
1638	20	2	12	24.11
1639	20	2	13	25.11
1640	20	2	14	26.11
1641	20	2	16	26.11
1642	20	3	0	15.11
1643	20	3	1	15.11
1644	20	3	2	16.11
1645	20	3	5	17.11
1646	20	3	6	18.11
1647	20	3	7	19.11
1648	20	3	8	20.11
1649	20	3	9	21.11
1650	20	3	10	22.11
1651	20	3	11	23.11
1652	20	3	12	24.11
1653	20	3	14	26.11
1654	20	3	15	26.11
1655	20	4	0	15.11
1656	20	4	3	15.11
1657	20	4	5	17.11
1658	20	4	6	18.11
1659	20	4	7	19.11
1660	20	4	8	20.11
1661	20	4	10	22.11
1662	20	4	11	23.11
1663	20	4	12	24.11
1664	20	4	13	25.11
1665	20	4	14	26.11
1666	20	4	15	26.11
1667	20	5	0	15.11
1668	20	5	2	15.11
1669	20	5	3	16.11
1670	20	5	4	17.11
1671	20	5	5	17.11
1672	20	5	8	20.11
1673	20	5	10	22.11
1674	20	5	11	23.11
1675	20	5	12	24.11
1676	20	5	13	25.11
1677	20	5	15	26.11
1678	20	6	0	15.11
1679	20	6	2	15.11
1680	20	6	5	17.11
1681	20	6	6	18.11
1682	20	6	7	19.11
1683	20	6	9	21.11
1684	20	6	10	22.11
1685	20	6	11	23.11
1686	20	6	12	24.11
1687	20	6	14	26.11
1688	20	6	15	26.11
1689	21	0	0	15.11
1690	21	0	2	15.11
1691	21	0	3	15.11
1692	21	0	6	18.11
1693	21	0	8	19.11
1694	21	0	9	21.11
1695	21	0	10	22.11
1696	21	0	11	22.11
1697	21	0	12	24.11
1698	21	0	13	25.11
1699	21	0	14	26.11
1700	21	1	0	15.11
1701	21	1	2	15.11
1702	21	1	3	16.11
1703	21	1	4	17.11
1704	21	1	7	19.11
1705	21	1	8	20.11
1706	21	1	9	21.11
1707	21	1	10	22.11
1708	21	1	11	23.11
1709	21	1	12	24.11
1710	21	1	13	25.11
1711	21	2	0	15.11
1712	21	2	3	15.11
1713	21	2	5	17.11
1714	21	2	7	19.11
1715	21	2	9	20.11
1716	21	2	10	22.11
1717	21	2	11	23.11
1718	21	2	12	24.11
1719	21	2	13	25.11
1720	21	2	15	26.11
1721	21	3	0	15.11
1722	21	3	1	15.11
1723	21	3	6	18.11
1724	21	3	7	19.11
1725	21	3	8	19.11
1726	21	3	10	22.11
1727	21	3	11	23.11
1728	21	3	12	23.11
1729	21	3	13	25.11
1730	21	3	15	26.11
1731	21	4	0	15.11
1732	21	4	2	15.11
1733	21	4	4	17.11
1734	21	4	5	18.11
1735	21	4	6	18.11
1736	21	4	7	19.11
1737	21	4	8	20.11
1738	21	4	10	22.11
1739	21	4	11	23.11
1740	21	4	12	24.11
1741	21	4	13	25.11
1742	21	4	14	26.11
1743	21	5	0	15.11
1744	21	5	2	15.11
1745	21	5	3	16.11
1746	21	5	4	17.11
1747	21	5	7	19.11
1748	21	5	10	22.11
1749	21	5	11	23.11
1750	21	5	12	24.11
1751	21	5	13	25.11
1752	21	5	15	26.11
1753	21	6	0	15.11
1754	21	6	2	15.11
1755	21	6	5	17.11
1756	21	6	6	18.11
1757	21	6	8	20.11
1758	21	6	9	21.11
1759	21	6	10	22.11
1760	21	6	11	23.11
1761	21	6	12	24.11
1762	21	6	13	25.11
1763	21	6	14	26.11
1764	21	6	15	26.11
1765	22	0	0	15.11
1766	22	0	2	15.11
1767	22	0	5	18.11
1768	22	0	6	18.11
1769	22	0	8	18.11
1770	22	0	9	21.11
1771	22	0	10	22.11
1772	22	0	11	23.11
1773	22	0	12	24.11
1774	22	0	13	25.11
1775	22	0	14	26.11
1776	22	1	0	15.11
1777	22	1	2	15.11
1778	22	1	3	15.11
1779	22	1	4	17.11
1780	22	1	6	15.11
1781	22	1	8	20.11
1782	22	1	9	21.11
1783	22	1	10	22.11
1784	22	1	11	23.11
1785	22	1	12	24.11
1786	22	1	13	25.11
1787	22	2	0	15.11
1788	22	2	1	15.11
1789	22	2	3	15.11
1790	22	2	5	16.11
1791	22	2	7	19.11
1792	22	2	8	20.11
1793	22	2	9	20.11
1794	22	2	10	22.11
1795	22	2	11	23.11
1796	22	2	12	24.11
1797	22	2	13	25.11
1798	22	2	15	26.11
1799	22	3	0	15.11
1800	22	3	1	15.11
1801	22	3	5	18.11
1802	22	3	6	17.11
1803	22	3	7	19.11
1804	22	3	8	19.11
1805	22	3	9	21.11
1806	22	3	10	22.11
1807	22	3	11	23.11
1808	22	3	12	24.11
1809	22	3	13	25.11
1810	22	3	14	26.11
1811	22	4	0	15.11
1812	22	4	1	15.11
1813	22	4	4	17.11
1814	22	4	5	17.11
1815	22	4	6	15.11
1816	22	4	8	20.11
1817	22	4	9	21.11
1818	22	4	11	23.11
1819	22	4	12	24.11
1820	22	4	13	25.11
1821	22	4	14	26.11
1822	22	5	0	15.11
1823	22	5	2	15.11
1824	22	5	3	15.11
1825	22	5	4	16.11
1826	22	5	5	17.11
1827	22	5	7	19.11
1828	22	5	10	22.11
1829	22	5	11	23.11
1830	22	5	12	24.11
1831	22	5	13	25.11
1832	22	5	14	26.11
1833	22	5	15	26.11
1834	22	6	0	15.11
1835	22	6	1	15.11
1836	22	6	2	15.11
1837	22	6	4	16.11
1838	22	6	6	18.11
1839	22	6	7	19.11
1840	22	6	9	20.11
1841	22	6	10	22.11
1842	22	6	11	23.11
1843	22	6	12	24.11
1844	22	6	13	25.11
1845	22	6	14	26.11
1846	22	6	15	26.11
1847	23	0	0	15.11
1848	23	0	1	15.11
1849	23	0	3	15.11
1850	23	0	6	18.11
1851	23	0	8	18.11
1852	23	0	9	21.11
1853	23	0	10	22.11
1854	23	0	11	23.11
1855	23	0	12	24.11
1856	23	0	13	25.11
1857	23	0	14	26.11
1858	23	1	0	15.11
1859	23	1	2	15.11
1860	23	1	3	15.11
1861	23	1	4	16.11
1862	23	1	6	18.11
1863	23	1	8	20.11
1864	23	1	9	21.11
1865	23	1	11	23.11
1866	23	1	12	24.11
1867	23	1	13	25.11
1868	23	2	0	15.11
1869	23	2	2	15.11
1870	23	2	3	15.11
1871	23	2	4	16.11
1872	23	2	7	19.11
1873	23	2	8	20.11
1874	23	2	9	20.11
1875	23	2	10	22.11
1876	23	2	11	20.11
1877	23	2	12	24.11
1878	23	2	13	25.11
1879	23	3	0	15.11
1880	23	3	2	15.11
1881	23	3	5	18.11
1882	23	3	6	18.11
1883	23	3	7	19.11
1884	23	3	8	19.11
1885	23	3	9	20.11
1886	23	3	10	21.11
1887	23	3	11	24.11
1888	23	3	12	24.11
1889	23	3	13	24.11
1890	23	3	14	26.11
1891	23	4	0	15.11
1892	23	4	1	15.11
1893	23	4	3	16.11
1894	23	4	5	18.11
1895	23	4	6	18.11
1896	23	4	10	22.11
1897	23	4	11	23.11
1898	23	4	12	24.11
1899	23	4	13	25.11
1900	23	4	14	26.11
1901	23	4	15	26.11
1902	23	5	0	15.11
1903	23	5	2	15.11
1904	23	5	3	15.11
1905	23	5	4	16.11
1906	23	5	6	18.11
1907	23	5	7	19.11
1908	23	5	10	22.11
1909	23	5	11	23.11
1910	23	5	12	24.11
1911	23	5	14	26.11
1912	23	5	15	26.11
1913	23	6	0	15.11
1914	23	6	1	15.11
1915	23	6	2	15.11
1916	23	6	4	16.11
1917	23	6	6	15.11
1918	23	6	7	19.11
1919	23	6	8	20.11
1920	23	6	9	21.11
1921	23	6	10	21.11
1922	23	6	11	24.11
1923	23	6	12	24.11
1924	23	6	13	25.11
1925	23	6	14	26.11
1926	23	6	15	26.11
