601565.0 26.11
501384.0 26.11
463941.0 26.11
571372.0 26.11
619826.0 25.11
746814.0 26.11
647691.0 26.11
610291.0 26.11
889940.0 26.11
778579.0 26.11
1069291.0 26.11
1244565.0 26.11
555167.0 26.11
1105268.0 26.11
1269525.0 26.11
1031383.0 26.11
1368847.0 26.11
1025864.0 26.11
1148496.0 26.11
949958.0 26.11
1110996.0 26.11
805367.0 26.11
874627.0 26.11
694739.0 26.11
146915.0 15.11
126886.0 15.11
149356.0 15.11
162731.0 15.11
160455.0 15.11
150158.0 15.11
135583.0 15.11
164600.0 15.11
133836.0 15.11
159364.0 17.11
167948.0 16.11
245073.0 18.11
159312.0 18.11
256190.0 18.11
250180.0 19.11
318486.0 20.11
346897.0 20.11
247364.0 19.11
237968.0 21.11
174530.0 19.11
174938.0 18.11
223776.0 19.11
164818.0 19.11
193484.0 20.11
