	Twet	Load	Hour(s)	TimeStamp(s)	Power	Tset	month
2012-01-01 00:00:00	3.5	58.2	0	1325376000	35675	15.11	1
2012-01-01 01:00:00	3.5	611.1	3600	1325379600	218153	15.11	1
2012-01-01 02:00:00	2.7	601.4	7200	1325383200	213687	15.11	1
2012-01-01 03:00:00	1.3	688.7	10800	1325386800	254945	15.11	1
2012-01-01 04:00:00	1.2	727.5	14400	1325390400	275196	15.11	1
2012-01-01 05:00:00	-0.2	766.3	18000	1325394000	257316	15.11	1
2012-01-01 06:00:00	0.3	756.6	21600	1325397600	265661	15.11	1
2012-01-01 07:00:00	0.3	717.8	25200	1325401200	269893	15.11	1
2012-01-01 08:00:00	4.3	708.1	28800	1325404800	265613	15.11	1
2012-01-01 09:00:00	6.3	698.4	32400	1325408400	261250	15.11	1
2012-01-01 10:00:00	7.2	669.3	36000	1325412000	246930	15.11	1
2012-01-01 11:00:00	8.3	58.2	39600	1325415600	35675	15.11	1
2012-01-01 12:00:00	8.5	630.5	43200	1325419200	229052	15.11	1
2012-01-01 13:00:00	9.0	58.2	46800	1325422800	35675	15.11	1
2012-01-01 14:00:00	8.9	58.2	50400	1325426400	35675	15.11	1
2012-01-01 15:00:00	9.2	58.2	54000	1325430000	35675	15.11	1
2012-01-01 16:00:00	8.6	58.2	57600	1325433600	35675	15.11	1
2012-01-01 17:00:00	8.6	58.2	61200	1325437200	35675	15.11	1
2012-01-01 18:00:00	8.6	58.2	64800	1325440800	35675	15.11	1
2012-01-01 19:00:00	9.1	58.2	68400	1325444400	35675	15.11	1
2012-01-01 20:00:00	9.9	58.2	72000	1325448000	35675	15.11	1
2012-01-01 21:00:00	7.9	582.0	75600	1325451600	206813	15.11	1
2012-01-01 22:00:00	5.7	533.5	79200	1325455200	185956	15.11	1
2012-01-01 23:00:00	3.4	679.0	82800	1325458800	250463	15.11	1
2012-01-02 00:00:00	2.9	58.2	0	1325462400	35675	15.11	1
2012-01-02 01:00:00	2.5	58.2	3600	1325466000	35675	15.11	1
2012-01-02 02:00:00	1.8	58.2	7200	1325469600	35675	15.11	1
2012-01-02 03:00:00	0.4	58.2	10800	1325473200	35675	15.11	1
2012-01-02 04:00:00	-1.4	58.2	14400	1325476800	35675	15.11	1
2012-01-02 05:00:00	-1.8	58.2	18000	1325480400	35675	15.11	1
2012-01-02 06:00:00	-2.4	58.2	21600	1325484000	35675	15.11	1
2012-01-02 07:00:00	-2.5	58.2	25200	1325487600	35675	15.11	1
2012-01-02 08:00:00	-1.2	58.2	28800	1325491200	35675	15.11	1
2012-01-02 09:00:00	-0.3	58.2	32400	1325494800	35675	15.11	1
2012-01-02 10:00:00	-0.2	58.2	36000	1325498400	35675	15.11	1
2012-01-02 11:00:00	-0.2	58.2	39600	1325502000	35675	15.11	1
2012-01-02 12:00:00	-0.4	58.2	43200	1325505600	35675	15.11	1
2012-01-02 13:00:00	-0.4	58.2	46800	1325509200	35675	15.11	1
2012-01-02 14:00:00	-0.4	58.2	50400	1325512800	35675	15.11	1
2012-01-02 15:00:00	-0.5	58.2	54000	1325516400	35675	15.11	1
2012-01-02 16:00:00	-0.7	58.2	57600	1325520000	35675	15.11	1
2012-01-02 17:00:00	-2.0	58.2	61200	1325523600	35675	15.11	1
2012-01-02 18:00:00	-2.3	58.2	64800	1325527200	35675	15.11	1
2012-01-02 19:00:00	-2.0	58.2	68400	1325530800	35675	15.11	1
2012-01-02 20:00:00	-2.0	58.2	72000	1325534400	35675	15.11	1
2012-01-02 21:00:00	-2.2	58.2	75600	1325538000	35675	15.11	1
2012-01-02 22:00:00	-3.0	58.2	79200	1325541600	35675	15.11	1
2012-01-02 23:00:00	-3.2	58.2	82800	1325545200	35675	15.11	1
2012-01-03 00:00:00	-3.2	58.2	0	1325548800	35675	15.11	1
2012-01-03 01:00:00	-3.9	58.2	3600	1325552400	35675	15.11	1
2012-01-03 02:00:00	-3.9	58.2	7200	1325556000	35675	15.11	1
2012-01-03 03:00:00	-4.3	58.2	10800	1325559600	35675	15.11	1
2012-01-03 04:00:00	-4.3	58.2	14400	1325563200	35675	15.11	1
2012-01-03 05:00:00	-4.6	58.2	18000	1325566800	35675	15.11	1
2012-01-03 06:00:00	-4.6	58.2	21600	1325570400	35675	15.11	1
2012-01-03 07:00:00	-4.3	58.2	25200	1325574000	35675	15.11	1
2012-01-03 08:00:00	-3.7	58.2	28800	1325577600	35675	15.11	1
2012-01-03 09:00:00	-3.6	58.2	32400	1325581200	35675	15.11	1
2012-01-03 10:00:00	-4.0	58.2	36000	1325584800	35675	15.11	1
2012-01-03 11:00:00	-3.2	58.2	39600	1325588400	35675	15.11	1
2012-01-03 12:00:00	-4.8	58.2	43200	1325592000	35675	15.11	1
2012-01-03 13:00:00	-5.3	58.2	46800	1325595600	35675	15.11	1
2012-01-03 14:00:00	-4.8	58.2	50400	1325599200	35675	15.11	1
2012-01-03 15:00:00	-5.6	58.2	54000	1325602800	35675	15.11	1
2012-01-03 16:00:00	-6.2	58.2	57600	1325606400	35675	15.11	1
2012-01-03 17:00:00	-6.8	58.2	61200	1325610000	35675	15.11	1
2012-01-03 18:00:00	-7.3	58.2	64800	1325613600	35675	15.11	1
2012-01-03 19:00:00	-7.8	58.2	68400	1325617200	35675	15.11	1
2012-01-03 20:00:00	-7.8	58.2	72000	1325620800	35675	15.11	1
2012-01-03 21:00:00	-8.2	58.2	75600	1325624400	35675	15.11	1
2012-01-03 22:00:00	-9.0	58.2	79200	1325628000	35675	15.11	1
2012-01-03 23:00:00	-9.3	58.2	82800	1325631600	35675	15.11	1
2012-01-04 00:00:00	-10.6	58.2	0	1325635200	35675	15.11	1
2012-01-04 01:00:00	-10.8	58.2	3600	1325638800	35675	15.11	1
2012-01-04 02:00:00	-11.7	58.2	7200	1325642400	35675	15.11	1
2012-01-04 03:00:00	-11.8	58.2	10800	1325646000	35675	15.11	1
2012-01-04 04:00:00	-11.7	58.2	14400	1325649600	35675	15.11	1
2012-01-04 05:00:00	-11.7	58.2	18000	1325653200	35675	15.11	1
2012-01-04 06:00:00	-11.7	58.2	21600	1325656800	35675	15.11	1
2012-01-04 07:00:00	-10.7	58.2	25200	1325660400	35675	15.11	1
2012-01-04 08:00:00	-9.3	58.2	28800	1325664000	35675	15.11	1
2012-01-04 09:00:00	-8.9	58.2	32400	1325667600	35675	15.11	1
2012-01-04 10:00:00	-7.9	58.2	36000	1325671200	35675	15.11	1
2012-01-04 11:00:00	-6.2	58.2	39600	1325674800	35675	15.11	1
2012-01-04 12:00:00	-5.1	58.2	43200	1325678400	35675	15.11	1
2012-01-04 13:00:00	-4.7	58.2	46800	1325682000	35675	15.11	1
2012-01-04 14:00:00	-4.3	58.2	50400	1325685600	35675	15.11	1
2012-01-04 15:00:00	-4.2	58.2	54000	1325689200	35675	15.11	1
2012-01-04 16:00:00	-4.4	58.2	57600	1325692800	35675	15.11	1
2012-01-04 17:00:00	-4.3	58.2	61200	1325696400	35675	15.11	1
2012-01-04 18:00:00	-4.2	58.2	64800	1325700000	35675	15.11	1
2012-01-04 19:00:00	-4.2	58.2	68400	1325703600	35675	15.11	1
2012-01-04 20:00:00	-3.7	58.2	72000	1325707200	35675	15.11	1
2012-01-04 21:00:00	-3.0	58.2	75600	1325710800	35675	15.11	1
2012-01-04 22:00:00	-2.6	58.2	79200	1325714400	35675	15.11	1
2012-01-04 23:00:00	-2.8	58.2	82800	1325718000	35675	15.11	1
2012-01-05 00:00:00	-3.3	58.2	0	1325721600	35675	15.11	1
2012-01-05 01:00:00	-4.2	58.2	3600	1325725200	35675	15.11	1
2012-01-05 02:00:00	-3.7	58.2	7200	1325728800	35675	15.11	1
2012-01-05 03:00:00	-3.1	455.9	10800	1325732400	157170	15.11	1
2012-01-05 04:00:00	-2.8	455.9	14400	1325736000	157175	15.11	1
2012-01-05 05:00:00	-2.6	436.5	18000	1325739600	150901	15.11	1
2012-01-05 06:00:00	-2.2	455.9	21600	1325743200	157187	15.11	1
2012-01-05 07:00:00	-1.7	446.2	25200	1325746800	154023	15.11	1
2012-01-05 08:00:00	-1.4	446.2	28800	1325750400	154030	15.11	1
2012-01-05 09:00:00	0.2	446.2	32400	1325754000	154074	15.11	1
2012-01-05 10:00:00	1.5	58.2	36000	1325757600	35675	15.11	1
2012-01-05 11:00:00	2.3	446.2	39600	1325761200	154164	15.11	1
2012-01-05 12:00:00	2.6	436.5	43200	1325764800	151068	15.11	1
2012-01-05 13:00:00	2.5	436.5	46800	1325768400	151062	15.11	1
2012-01-05 14:00:00	2.3	436.5	50400	1325772000	151052	15.11	1
2012-01-05 15:00:00	2.3	58.2	54000	1325775600	35675	15.11	1
2012-01-05 16:00:00	1.0	58.2	57600	1325779200	35675	15.11	1
2012-01-05 17:00:00	-0.3	58.2	61200	1325782800	35675	15.11	1
2012-01-05 18:00:00	-1.2	58.2	64800	1325786400	35675	15.11	1
2012-01-05 19:00:00	-1.9	58.2	68400	1325790000	35675	15.11	1
2012-01-05 20:00:00	-1.9	58.2	72000	1325793600	35675	15.11	1
2012-01-05 21:00:00	-2.2	58.2	75600	1325797200	35675	15.11	1
2012-01-05 22:00:00	-2.9	58.2	79200	1325800800	35675	15.11	1
2012-01-05 23:00:00	-3.3	58.2	82800	1325804400	35675	15.11	1
2012-01-06 00:00:00	-2.9	58.2	0	1325808000	35675	15.11	1
2012-01-06 01:00:00	-3.3	58.2	3600	1325811600	35675	15.11	1
2012-01-06 02:00:00	-3.3	58.2	7200	1325815200	35675	15.11	1
2012-01-06 03:00:00	-3.7	58.2	10800	1325818800	35675	15.11	1
2012-01-06 04:00:00	-2.6	58.2	14400	1325822400	35675	15.11	1
2012-01-06 05:00:00	-2.6	58.2	18000	1325826000	35675	15.11	1
2012-01-06 06:00:00	-1.7	58.2	21600	1325829600	35675	15.11	1
2012-01-06 07:00:00	-0.1	58.2	25200	1325833200	35675	15.11	1
2012-01-06 08:00:00	1.3	58.2	28800	1325836800	35675	15.11	1
2012-01-06 09:00:00	3.1	58.2	32400	1325840400	35675	15.11	1
2012-01-06 10:00:00	4.9	58.2	36000	1325844000	35675	15.11	1
2012-01-06 11:00:00	6.4	58.2	39600	1325847600	35675	15.11	1
2012-01-06 12:00:00	7.5	58.2	43200	1325851200	35675	15.11	1
2012-01-06 13:00:00	8.2	58.2	46800	1325854800	35675	15.11	1
2012-01-06 14:00:00	8.0	58.2	50400	1325858400	35675	15.11	1
2012-01-06 15:00:00	8.0	58.2	54000	1325862000	35675	15.11	1
2012-01-06 16:00:00	7.4	58.2	57600	1325865600	35675	15.11	1
2012-01-06 17:00:00	6.8	58.2	61200	1325869200	35675	15.11	1
2012-01-06 18:00:00	6.4	58.2	64800	1325872800	35675	15.11	1
2012-01-06 19:00:00	6.0	58.2	68400	1325876400	35675	15.11	1
2012-01-06 20:00:00	5.4	58.2	72000	1325880000	35675	15.11	1
2012-01-06 21:00:00	5.6	58.2	75600	1325883600	35675	15.11	1
2012-01-06 22:00:00	4.1	58.2	79200	1325887200	35675	15.11	1
2012-01-06 23:00:00	3.8	58.2	82800	1325890800	35675	15.11	1
2012-01-07 00:00:00	2.0	58.2	0	1325894400	35675	15.11	1
2012-01-07 01:00:00	3.2	58.2	3600	1325898000	35675	15.11	1
2012-01-07 02:00:00	2.0	58.2	7200	1325901600	35675	15.11	1
2012-01-07 03:00:00	0.8	58.2	10800	1325905200	35675	15.11	1
2012-01-07 04:00:00	1.8	485.0	14400	1325908800	167290	15.11	1
2012-01-07 05:00:00	0.5	475.3	18000	1325912400	163833	15.11	1
2012-01-07 06:00:00	0.5	640.2	21600	1325916000	231134	15.11	1
2012-01-07 07:00:00	-0.1	669.3	25200	1325919600	245084	15.11	1
2012-01-07 08:00:00	3.7	640.2	28800	1325923200	231631	15.11	1
2012-01-07 09:00:00	6.1	630.5	32400	1325926800	227784	15.11	1
2012-01-07 10:00:00	6.8	58.2	36000	1325930400	35675	15.11	1
2012-01-07 11:00:00	9.7	523.8	39600	1325934000	184230	15.11	1
2012-01-07 12:00:00	9.7	582.0	43200	1325937600	208342	15.11	1
2012-01-07 13:00:00	11.3	620.8	46800	1325941200	231238	15.11	1
2012-01-07 14:00:00	11.3	611.1	50400	1325944800	226502	15.11	1
2012-01-07 15:00:00	11.5	58.2	54000	1325948400	35675	15.11	1
2012-01-07 16:00:00	10.3	58.2	57600	1325952000	35675	15.11	1
2012-01-07 17:00:00	8.5	58.2	61200	1325955600	35675	15.11	1
2012-01-07 18:00:00	8.1	58.2	64800	1325959200	35675	15.11	1
2012-01-07 19:00:00	6.6	58.2	68400	1325962800	35675	15.11	1
2012-01-07 20:00:00	4.9	58.2	72000	1325966400	35675	15.11	1
2012-01-07 21:00:00	4.1	58.2	75600	1325970000	35675	15.11	1
2012-01-07 22:00:00	3.2	58.2	79200	1325973600	35675	15.11	1
2012-01-07 23:00:00	2.8	436.5	82800	1325977200	151080	15.11	1
2012-01-08 00:00:00	2.6	58.2	0	1325980800	35675	15.11	1
2012-01-08 02:00:00	2.8	649.9	7200	1325988000	236050	15.11	1
2012-01-08 03:00:00	2.0	795.4	10800	1325991600	246578	15.11	1
2012-01-08 04:00:00	1.1	873.0	14400	1325995200	301989	15.11	1
2012-01-08 05:00:00	1.4	950.6	18000	1325998800	327739	15.11	1
2012-01-08 06:00:00	1.4	873.0	21600	1326002400	302012	15.11	1
2012-01-08 07:00:00	1.3	843.9	25200	1326006000	292942	15.11	1
2012-01-08 08:00:00	3.1	582.0	28800	1326009600	205307	15.11	1
2012-01-08 09:00:00	3.8	494.7	32400	1326013200	170929	15.11	1
2012-01-08 10:00:00	3.9	436.5	36000	1326016800	151159	15.11	1
2012-01-08 11:00:00	4.2	475.3	39600	1326020400	164095	15.11	1
2012-01-08 12:00:00	4.9	485.0	43200	1326024000	167604	15.11	1
2012-01-08 13:00:00	5.0	475.3	46800	1326027600	164208	15.11	1
2012-01-08 14:00:00	4.5	485.0	50400	1326031200	167542	15.11	1
2012-01-08 15:00:00	3.4	436.5	54000	1326034800	151119	15.11	1
2012-01-08 16:00:00	3.0	543.2	57600	1326038400	189268	15.11	1
2012-01-08 17:00:00	2.5	58.2	61200	1326042000	35675	15.11	1
2012-01-08 18:00:00	1.9	58.2	64800	1326045600	35675	15.11	1
2012-01-08 19:00:00	1.6	58.2	68400	1326049200	35675	15.11	1
2012-01-08 20:00:00	0.6	58.2	72000	1326052800	35675	15.11	1
2012-01-08 21:00:00	0.1	58.2	75600	1326056400	35675	15.11	1
2012-01-08 22:00:00	-0.3	58.2	79200	1326060000	35675	15.11	1
2012-01-08 23:00:00	-2.2	58.2	82800	1326063600	35675	15.11	1
2012-01-09 00:00:00	-2.6	776.0	0	1326067200	251326	15.11	1
2012-01-09 01:00:00	-2.6	814.8	3600	1326070800	284019	15.11	1
2012-01-09 02:00:00	-1.7	58.2	7200	1326074400	35675	15.11	1
2012-01-09 03:00:00	-3.1	58.2	10800	1326078000	35675	15.11	1
2012-01-09 04:00:00	-3.3	58.2	14400	1326081600	35675	15.11	1
2012-01-09 05:00:00	-3.1	378.3	18000	1326085200	133754	15.11	1
2012-01-09 06:00:00	-2.4	58.2	21600	1326088800	35675	15.11	1
2012-01-09 07:00:00	-1.7	368.6	25200	1326092400	131163	15.11	1
2012-01-09 08:00:00	-0.3	58.2	28800	1326096000	35675	15.11	1
2012-01-09 09:00:00	-0.2	58.2	32400	1326099600	35675	15.11	1
2012-01-09 10:00:00	0.0	58.2	36000	1326103200	35675	15.11	1
2012-01-09 11:00:00	0.2	58.2	39600	1326106800	35675	15.11	1
2012-01-09 12:00:00	0.1	58.2	43200	1326110400	35675	15.11	1
2012-01-09 13:00:00	0.2	58.2	46800	1326114000	35675	15.11	1
2012-01-09 14:00:00	0.4	58.2	50400	1326117600	35675	15.11	1
2012-01-09 15:00:00	0.1	58.2	54000	1326121200	35675	15.11	1
2012-01-09 16:00:00	0.1	58.2	57600	1326124800	35675	15.11	1
2012-01-09 17:00:00	0.1	58.2	61200	1326128400	35675	15.11	1
2012-01-09 18:00:00	0.1	58.2	64800	1326132000	35675	15.11	1
2012-01-09 19:00:00	0.1	58.2	68400	1326135600	35675	15.11	1
2012-01-09 20:00:00	0.3	1231.9	72000	1326139200	439852	15.11	1
2012-01-09 21:00:00	0.3	785.7	75600	1326142800	248080	15.11	1
2012-01-09 22:00:00	0.3	756.6	79200	1326146400	265661	15.11	1
2012-01-09 23:00:00	0.8	611.1	82800	1326150000	217791	15.11	1
2012-01-10 00:00:00	0.8	523.8	0	1326153600	181514	15.11	1
2012-01-10 01:00:00	1.2	649.9	3600	1326157200	235808	15.11	1
2012-01-10 02:00:00	1.2	543.2	7200	1326160800	189104	15.11	1
2012-01-10 03:00:00	0.6	562.6	10800	1326164400	196913	15.11	1
2012-01-10 04:00:00	0.6	669.3	14400	1326168000	245155	15.11	1
2012-01-10 05:00:00	0.3	659.6	18000	1326171600	240383	15.11	1
2012-01-10 06:00:00	-0.2	649.9	21600	1326175200	235670	15.11	1
2012-01-10 07:00:00	-0.2	659.6	25200	1326178800	240337	15.11	1
2012-01-10 08:00:00	0.7	630.5	28800	1326182400	226625	15.11	1
2012-01-10 09:00:00	2.8	611.1	32400	1326186000	218028	15.11	1
2012-01-10 10:00:00	4.9	611.1	36000	1326189600	218505	15.11	1
2012-01-10 11:00:00	5.2	611.1	39600	1326193200	218592	15.11	1
2012-01-10 12:00:00	5.1	58.2	43200	1326196800	35675	15.11	1
2012-01-10 13:00:00	5.6	58.2	46800	1326200400	35675	15.11	1
2012-01-10 14:00:00	5.7	58.2	50400	1326204000	35675	15.11	1
2012-01-10 15:00:00	5.8	620.8	54000	1326207600	223195	15.11	1
2012-01-10 16:00:00	5.0	591.7	57600	1326211200	209918	15.11	1
2012-01-10 17:00:00	2.9	601.4	61200	1326214800	213717	15.11	1
2012-01-10 18:00:00	2.0	679.0	64800	1326218400	250165	15.11	1
2012-01-10 19:00:00	0.5	58.2	68400	1326222000	35675	15.11	1
2012-01-10 20:00:00	0.1	58.2	72000	1326225600	35675	15.11	1
2012-01-10 21:00:00	-0.4	475.3	75600	1326229200	163800	15.11	1
2012-01-10 22:00:00	-1.3	485.0	79200	1326232800	167160	15.11	1
2012-01-10 23:00:00	-1.7	843.9	82800	1326236400	292781	15.11	1
2012-01-11 00:00:00	-1.3	989.4	0	1326240000	341229	15.11	1
2012-01-11 01:00:00	-1.9	58.2	3600	1326243600	35675	15.11	1
2012-01-11 02:00:00	-2.2	58.2	7200	1326247200	35675	15.11	1
2012-01-11 03:00:00	-2.6	1522.9	10800	1326250800	521549	15.11	1
2012-01-11 04:00:00	-2.8	776.0	14400	1326254400	251299	15.11	1
2012-01-11 05:00:00	-2.8	58.2	18000	1326258000	35675	15.11	1
2012-01-11 06:00:00	-1.5	999.1	21600	1326261600	344728	15.11	1
2012-01-11 07:00:00	-2.2	562.6	25200	1326265200	196777	15.11	1
2012-01-11 08:00:00	1.6	485.0	28800	1326268800	167278	15.11	1
2012-01-11 09:00:00	3.2	494.7	32400	1326272400	170865	15.11	1
2012-01-11 10:00:00	4.6	494.7	36000	1326276000	171038	15.11	1
2012-01-11 11:00:00	6.0	485.0	39600	1326279600	167839	15.11	1
2012-01-11 12:00:00	5.9	494.7	43200	1326283200	171309	15.11	1
2012-01-11 13:00:00	6.4	485.0	46800	1326286800	167957	15.11	1
2012-01-11 14:00:00	6.4	494.7	50400	1326290400	171463	15.11	1
2012-01-11 15:00:00	6.1	737.2	54000	1326294000	289393	15.11	1
2012-01-11 16:00:00	6.1	679.0	57600	1326297600	251275	15.11	1
2012-01-11 17:00:00	6.1	679.0	61200	1326301200	251275	15.11	1
2012-01-11 18:00:00	5.6	688.7	64800	1326304800	255999	15.11	1
2012-01-11 19:00:00	5.3	727.5	68400	1326308400	276226	15.11	1
2012-01-11 20:00:00	5.6	717.8	72000	1326312000	271144	15.11	1
2012-01-11 21:00:00	5.8	776.0	75600	1326315600	253123	15.11	1
2012-01-11 22:00:00	6.4	58.2	79200	1326319200	35675	15.11	1
2012-01-11 23:00:00	6.9	58.2	82800	1326322800	35675	15.11	1
2012-01-12 00:00:00	7.5	58.2	0	1326326400	35675	15.11	1
2012-01-12 01:00:00	8.0	58.2	3600	1326330000	35675	15.11	1
2012-01-12 02:00:00	9.1	58.2	7200	1326333600	35675	15.11	1
2012-01-12 03:00:00	9.1	58.2	10800	1326337200	35675	15.11	1
2012-01-12 04:00:00	9.1	58.2	14400	1326340800	35675	15.11	1
2012-01-12 05:00:00	8.8	58.2	18000	1326344400	35675	15.11	1
2012-01-12 06:00:00	7.5	58.2	21600	1326348000	35675	15.11	1
2012-01-12 07:00:00	6.6	58.2	25200	1326351600	35675	15.11	1
2012-01-12 08:00:00	6.1	58.2	28800	1326355200	35675	15.11	1
2012-01-12 09:00:00	7.0	58.2	32400	1326358800	35675	15.11	1
2012-01-12 10:00:00	7.5	58.2	36000	1326362400	35675	15.11	1
2012-01-12 11:00:00	8.3	58.2	39600	1326366000	35675	15.11	1
2012-01-12 12:00:00	8.9	58.2	43200	1326369600	35675	15.11	1
2012-01-12 13:00:00	10.2	58.2	46800	1326373200	35675	15.11	1
2012-01-12 14:00:00	10.2	58.2	50400	1326376800	35675	15.11	1
2012-01-12 15:00:00	10.7	58.2	54000	1326380400	35675	15.11	1
2012-01-12 16:00:00	10.2	58.2	57600	1326384000	35675	15.11	1
2012-01-12 17:00:00	8.8	58.2	61200	1326387600	35675	15.11	1
2012-01-12 18:00:00	8.8	58.2	64800	1326391200	35675	15.11	1
2012-01-12 19:00:00	9.1	58.2	68400	1326394800	35675	15.11	1
2012-01-12 20:00:00	8.6	58.2	72000	1326398400	35675	15.11	1
2012-01-12 21:00:00	8.6	58.2	75600	1326402000	35675	15.11	1
2012-01-12 22:00:00	9.4	58.2	79200	1326405600	35675	15.11	1
2012-01-12 23:00:00	9.6	58.2	82800	1326409200	35675	15.11	1
2012-01-13 00:00:00	9.1	58.2	0	1326412800	35675	15.11	1
2012-01-13 01:00:00	9.1	58.2	3600	1326416400	35675	15.11	1
2012-01-13 02:00:00	5.6	58.2	7200	1326420000	35675	15.11	1
2012-01-13 03:00:00	4.0	58.2	10800	1326423600	35675	15.11	1
2012-01-13 04:00:00	2.0	601.4	14400	1326427200	213595	15.11	1
2012-01-13 05:00:00	1.2	58.2	18000	1326430800	35675	15.11	1
2012-01-13 06:00:00	-0.7	58.2	21600	1326434400	35675	15.11	1
2012-01-13 07:00:00	-2.8	58.2	25200	1326438000	35675	15.11	1
2012-01-13 08:00:00	-2.5	58.2	28800	1326441600	35675	15.11	1
2012-01-13 09:00:00	-2.1	58.2	32400	1326445200	35675	15.11	1
2012-01-13 10:00:00	-1.8	58.2	36000	1326448800	35675	15.11	1
2012-01-13 11:00:00	-1.6	58.2	39600	1326452400	35675	15.11	1
2012-01-13 12:00:00	-1.7	58.2	43200	1326456000	35675	15.11	1
2012-01-13 13:00:00	-1.5	58.2	46800	1326459600	35675	15.11	1
2012-01-13 14:00:00	-1.4	58.2	50400	1326463200	35675	15.11	1
2012-01-13 15:00:00	-1.4	58.2	54000	1326466800	35675	15.11	1
2012-01-13 16:00:00	-1.6	58.2	57600	1326470400	35675	15.11	1
2012-01-13 17:00:00	-2.1	58.2	61200	1326474000	35675	15.11	1
2012-01-13 18:00:00	-2.5	58.2	64800	1326477600	35675	15.11	1
2012-01-13 19:00:00	-3.0	58.2	68400	1326481200	35675	15.11	1
2012-01-13 20:00:00	-3.5	58.2	72000	1326484800	35675	15.11	1
2012-01-13 21:00:00	-4.0	58.2	75600	1326488400	35675	15.11	1
2012-01-13 22:00:00	-4.3	485.0	79200	1326492000	167093	15.11	1
2012-01-13 23:00:00	-4.7	911.8	82800	1326495600	314280	15.11	1
2012-01-14 00:00:00	-4.7	960.3	0	1326499200	330762	15.11	1
2012-01-14 01:00:00	-4.7	999.1	3600	1326502800	344582	15.11	1
2012-01-14 02:00:00	-5.0	989.4	7200	1326506400	341064	15.11	1
2012-01-14 03:00:00	-4.7	989.4	10800	1326510000	341074	15.11	1
2012-01-14 04:00:00	-5.0	1008.8	14400	1326513600	348115	15.11	1
2012-01-14 05:00:00	-5.0	999.1	18000	1326517200	344572	15.11	1
2012-01-14 06:00:00	-5.4	999.1	21600	1326520800	344559	15.11	1
2012-01-14 07:00:00	-5.4	572.3	25200	1326524400	200710	15.11	1
2012-01-14 08:00:00	-4.3	494.7	28800	1326528000	170548	15.11	1
2012-01-14 09:00:00	-3.5	494.7	32400	1326531600	170564	15.11	1
2012-01-14 10:00:00	-2.6	504.4	36000	1326535200	174111	15.11	1
2012-01-14 11:00:00	-2.3	485.0	39600	1326538800	167134	15.11	1
2012-01-14 12:00:00	-1.6	485.0	43200	1326542400	167152	15.11	1
2012-01-14 13:00:00	-1.2	475.3	46800	1326546000	163775	15.11	1
2012-01-14 14:00:00	-1.9	494.7	50400	1326549600	170602	15.11	1
2012-01-14 15:00:00	-1.9	737.2	54000	1326553200	287648	15.11	1
2012-01-14 16:00:00	-2.4	708.1	57600	1326556800	264555	15.11	1
2012-01-14 17:00:00	-3.1	717.8	61200	1326560400	269596	15.11	1
2012-01-14 18:00:00	-3.5	727.5	64800	1326564000	274728	15.11	1
2012-01-14 19:00:00	-4.2	737.2	68400	1326567600	287502	15.11	1
2012-01-14 20:00:00	-4.5	785.7	72000	1326571200	247615	15.11	1
2012-01-14 21:00:00	-4.3	843.9	75600	1326574800	292698	15.11	1
2012-01-14 22:00:00	-4.3	58.2	79200	1326578400	35675	15.11	1
2012-01-14 23:00:00	-4.3	43.65	82800	1326582000	26756	15.11	1
2012-01-15 00:00:00	-4.7	43.65	0	1326585600	26756	15.11	1
2012-01-15 01:00:00	-4.7	43.65	3600	1326589200	26756	15.11	1
2012-01-15 02:00:00	-5.2	43.65	7200	1326592800	26756	15.11	1
2012-01-15 03:00:00	-5.2	43.65	10800	1326596400	26756	15.11	1
2012-01-15 04:00:00	-5.8	43.65	14400	1326600000	26756	15.11	1
2012-01-15 05:00:00	-6.2	43.65	18000	1326603600	26756	15.11	1
2012-01-15 06:00:00	-6.2	43.65	21600	1326607200	26756	15.11	1
2012-01-15 07:00:00	-6.0	43.65	25200	1326610800	26756	15.11	1
2012-01-15 08:00:00	-4.9	43.65	28800	1326614400	26756	15.11	1
2012-01-15 09:00:00	-4.4	58.2	32400	1326618000	35675	15.11	1
2012-01-15 10:00:00	-4.7	43.65	36000	1326621600	26756	15.11	1
2012-01-15 11:00:00	-4.6	43.65	39600	1326625200	26756	15.11	1
2012-01-15 12:00:00	-4.5	43.65	43200	1326628800	26756	15.11	1
2012-01-15 13:00:00	-4.0	43.65	46800	1326632400	26756	15.11	1
2012-01-15 14:00:00	-3.9	58.2	50400	1326636000	35675	15.11	1
2012-01-15 15:00:00	-3.8	58.2	54000	1326639600	35675	15.11	1
2012-01-15 16:00:00	-4.5	58.2	57600	1326643200	35675	15.11	1
2012-01-15 17:00:00	-4.6	58.2	61200	1326646800	35675	15.11	1
2012-01-15 18:00:00	-5.3	58.2	64800	1326650400	35675	15.11	1
2012-01-15 19:00:00	-5.7	58.2	68400	1326654000	35675	15.11	1
2012-01-15 20:00:00	-6.5	58.2	72000	1326657600	35675	15.11	1
2012-01-15 21:00:00	-6.9	43.65	75600	1326661200	26756	15.11	1
2012-01-15 22:00:00	-6.9	58.2	79200	1326664800	35675	15.11	1
2012-01-15 23:00:00	-7.5	58.2	82800	1326668400	35675	15.11	1
2012-01-16 00:00:00	-7.0	58.2	0	1326672000	35675	15.11	1
2012-01-16 01:00:00	-7.8	776.0	3600	1326675600	251102	15.11	1
2012-01-16 02:00:00	-7.9	475.3	7200	1326679200	163662	15.11	1
2012-01-16 03:00:00	-8.7	514.1	10800	1326682800	177607	15.11	1
2012-01-16 04:00:00	-8.6	523.8	14400	1326686400	181273	15.11	1
2012-01-16 05:00:00	-8.6	494.7	18000	1326690000	170491	15.11	1
2012-01-16 06:00:00	-8.3	562.6	21600	1326693600	196641	15.11	1
2012-01-16 07:00:00	-7.7	630.5	25200	1326697200	226258	15.11	1
2012-01-16 08:00:00	-5.5	601.4	28800	1326700800	213190	15.11	1
2012-01-16 09:00:00	-3.5	58.2	32400	1326704400	35675	15.11	1
2012-01-16 10:00:00	-1.8	591.7	36000	1326708000	209076	15.11	1
2012-01-16 11:00:00	-1.6	58.2	39600	1326711600	35675	15.11	1
2012-01-16 12:00:00	-0.6	58.2	43200	1326715200	35675	15.11	1
2012-01-16 13:00:00	-0.5	58.2	46800	1326718800	35675	15.11	1
2012-01-16 14:00:00	-0.1	58.2	50400	1326722400	35675	15.11	1
2012-01-16 15:00:00	-0.3	58.2	54000	1326726000	35675	15.11	1
2012-01-16 16:00:00	-0.3	58.2	57600	1326729600	35675	15.11	1
2012-01-16 17:00:00	-0.8	58.2	61200	1326733200	35675	15.11	1
2012-01-16 18:00:00	-0.3	58.2	64800	1326736800	35675	15.11	1
2012-01-16 19:00:00	-0.2	58.2	68400	1326740400	35675	15.11	1
2012-01-16 20:00:00	0.4	58.2	72000	1326744000	35675	15.11	1
2012-01-16 21:00:00	1.4	58.2	75600	1326747600	35675	15.11	1
2012-01-16 22:00:00	1.9	485.0	79200	1326751200	167296	15.11	1
2012-01-16 23:00:00	2.3	873.0	82800	1326754800	302096	15.11	1
2012-01-17 00:00:00	2.5	999.1	0	1326758400	345122	15.11	1
2012-01-17 01:00:00	3.0	58.2	3600	1326762000	35675	15.11	1
2012-01-17 02:00:00	3.0	58.2	7200	1326765600	35675	15.11	1
2012-01-17 03:00:00	3.0	1387.1	10800	1326769200	515477	15.11	1
2012-01-17 04:00:00	3.7	1309.5	14400	1326772800	477166	15.11	1
2012-01-17 05:00:00	4.4	58.2	18000	1326776400	35675	15.11	1
2012-01-17 06:00:00	4.4	58.2	21600	1326780000	35675	15.11	1
2012-01-17 07:00:00	4.7	640.2	25200	1326783600	231896	15.11	1
2012-01-17 08:00:00	5.4	523.8	28800	1326787200	182089	15.11	1
2012-01-17 09:00:00	5.8	504.4	32400	1326790800	174850	15.11	1
2012-01-17 10:00:00	6.7	494.7	36000	1326794400	171566	15.11	1
2012-01-17 11:00:00	7.8	485.0	39600	1326798000	168488	15.11	1
2012-01-17 12:00:00	8.3	475.3	43200	1326801600	165275	15.11	1
2012-01-17 13:00:00	9.1	485.0	46800	1326805200	169170	15.11	1
2012-01-17 14:00:00	10.4	485.0	50400	1326808800	170410	15.11	1
2012-01-17 15:00:00	10.4	717.8	54000	1326812400	277407	15.11	1
2012-01-17 16:00:00	10.2	698.4	57600	1326816000	266042	15.11	1
2012-01-17 17:00:00	10.4	679.0	61200	1326819600	256463	15.11	1
2012-01-17 18:00:00	10.4	669.3	64800	1326823200	251424	15.11	1
2012-01-17 19:00:00	10.9	688.7	68400	1326826800	263939	15.11	1
2012-01-17 20:00:00	11.2	727.5	72000	1326830400	287707	15.11	1
2012-01-17 21:00:00	11.2	814.8	75600	1326834000	291045	15.11	1
2012-01-17 22:00:00	11.5	43.65	79200	1326837600	26756	15.11	1
2012-01-17 23:00:00	11.8	43.65	82800	1326841200	26756	15.11	1
2012-01-18 00:00:00	11.8	43.65	0	1326844800	26756	15.11	1
2012-01-18 01:00:00	7.5	43.65	3600	1326848400	26756	15.11	1
2012-01-18 02:00:00	3.9	43.65	7200	1326852000	26756	15.11	1
2012-01-18 03:00:00	2.6	43.65	10800	1326855600	26756	15.11	1
2012-01-18 04:00:00	2.3	43.65	14400	1326859200	26756	15.11	1
2012-01-18 05:00:00	1.8	43.65	18000	1326862800	26756	15.11	1
2012-01-18 06:00:00	1.0	43.65	21600	1326866400	26756	15.11	1
2012-01-18 07:00:00	0.9	58.2	25200	1326870000	35675	15.11	1
2012-01-18 08:00:00	0.9	58.2	28800	1326873600	35675	15.11	1
2012-01-18 09:00:00	0.7	58.2	32400	1326877200	35675	15.11	1
2012-01-18 10:00:00	0.7	58.2	36000	1326880800	35675	15.11	1
2012-01-18 11:00:00	0.2	562.6	39600	1326884400	196887	15.11	1
2012-01-18 12:00:00	-9.3	611.1	43200	1326888000	217419	15.11	1
2012-01-18 13:00:00	-0.6	572.3	46800	1326891600	200870	15.11	1
2012-01-18 14:00:00	-0.9	552.9	50400	1326895200	192874	15.11	1
2012-01-18 15:00:00	-1.3	543.2	54000	1326898800	188974	15.11	1
2012-01-18 16:00:00	-2.0	640.2	57600	1326902400	230957	15.11	1
2012-01-18 17:00:00	-3.1	455.9	61200	1326906000	157170	15.11	1
2012-01-18 18:00:00	-3.6	58.2	64800	1326909600	35675	15.11	1
2012-01-18 19:00:00	-4.0	417.1	68400	1326913200	144885	15.11	1
2012-01-18 20:00:00	-4.3	426.8	72000	1326916800	147842	15.11	1
2012-01-18 21:00:00	-4.7	417.1	75600	1326920400	144876	15.11	1
2012-01-18 22:00:00	-5.0	397.7	79200	1326924000	139162	15.11	1
2012-01-18 23:00:00	-5.3	58.2	82800	1326927600	35675	15.11	1
2012-01-19 00:00:00	-5.9	58.2	0	1326931200	35675	15.11	1
2012-01-19 01:00:00	-5.5	58.2	3600	1326934800	35675	15.11	1
2012-01-19 02:00:00	-5.9	58.2	7200	1326938400	35675	15.11	1
2012-01-19 03:00:00	-6.0	58.2	10800	1326942000	35675	15.11	1
2012-01-19 04:00:00	-6.3	58.2	14400	1326945600	35675	15.11	1
2012-01-19 05:00:00	-6.2	58.2	18000	1326949200	35675	15.11	1
2012-01-19 06:00:00	-7.2	58.2	21600	1326952800	35675	15.11	1
2012-01-19 07:00:00	-6.2	455.9	25200	1326956400	157125	15.11	1
2012-01-19 08:00:00	-4.9	543.2	28800	1326960000	188873	15.11	1
2012-01-19 09:00:00	-4.3	640.2	32400	1326963600	230860	15.11	1
2012-01-19 10:00:00	-3.5	940.9	36000	1326967200	324103	15.11	1
2012-01-19 11:00:00	-2.5	698.4	39600	1326970800	259533	15.11	1
2012-01-19 12:00:00	-2.0	58.2	43200	1326974400	35675	15.11	1
2012-01-19 13:00:00	-1.4	58.2	46800	1326978000	35675	15.11	1
2012-01-19 14:00:00	-1.0	58.2	50400	1326981600	35675	15.11	1
2012-01-19 15:00:00	-0.6	58.2	54000	1326985200	35675	15.11	1
2012-01-19 16:00:00	-1.0	58.2	57600	1326988800	35675	15.11	1
2012-01-19 17:00:00	-1.0	58.2	61200	1326992400	35675	15.11	1
2012-01-19 18:00:00	-0.8	455.9	64800	1326996000	157221	15.11	1
2012-01-19 19:00:00	-0.8	58.2	68400	1326999600	35675	15.11	1
2012-01-19 20:00:00	-0.3	58.2	72000	1327003200	35675	15.11	1
2012-01-19 21:00:00	0.1	58.2	75600	1327006800	35675	15.11	1
2012-01-19 22:00:00	-0.3	58.2	79200	1327010400	35675	15.11	1
2012-01-19 23:00:00	-1.0	465.6	82800	1327014000	160463	15.11	1
2012-01-20 00:00:00	-1.0	630.5	0	1327017600	226494	15.11	1
2012-01-20 01:00:00	-2.1	911.8	3600	1327021200	314371	15.11	1
2012-01-20 02:00:00	-1.5	873.0	7200	1327024800	301838	15.11	1
2012-01-20 03:00:00	-0.8	582.0	10800	1327028400	204957	15.11	1
2012-01-20 04:00:00	-0.2	620.8	14400	1327032000	222095	15.11	1
2012-01-20 05:00:00	0.0	911.8	18000	1327035600	314483	15.11	1
2012-01-20 06:00:00	-1.8	601.4	21600	1327039200	213313	15.11	1
2012-01-20 07:00:00	-2.7	407.4	25200	1327042800	142011	15.11	1
2012-01-20 08:00:00	-4.4	708.1	28800	1327046400	264446	15.11	1
2012-01-20 09:00:00	-5.0	562.6	32400	1327050000	196699	15.11	1
2012-01-20 10:00:00	-4.6	582.0	36000	1327053600	204819	15.11	1
2012-01-20 11:00:00	-4.8	746.9	39600	1327057200	276802	15.11	1
2012-01-20 12:00:00	-4.2	785.7	43200	1327060800	247643	15.11	1
2012-01-20 13:00:00	-3.4	795.4	46800	1327064400	245840	15.11	1
2012-01-20 14:00:00	-3.5	814.8	50400	1327068000	283993	15.11	1
2012-01-20 15:00:00	-3.9	776.0	54000	1327071600	251250	15.11	1
2012-01-20 16:00:00	-4.2	756.6	57600	1327075200	265140	15.11	1
2012-01-20 17:00:00	-3.6	523.8	61200	1327078800	181354	15.11	1
2012-01-20 18:00:00	-3.7	426.8	64800	1327082400	147850	15.11	1
2012-01-20 19:00:00	-3.7	465.6	68400	1327086000	160404	15.11	1
2012-01-20 20:00:00	-3.6	465.6	72000	1327089600	160405	15.11	1
2012-01-20 21:00:00	-3.8	465.6	75600	1327093200	160402	15.11	1
2012-01-20 22:00:00	-3.7	465.6	79200	1327096800	160404	15.11	1
2012-01-20 23:00:00	-3.8	426.8	82800	1327100400	147849	15.11	1
2012-01-21 00:00:00	-3.7	58.2	0	1327104000	35675	15.11	1
2012-01-21 01:00:00	-3.1	58.2	3600	1327107600	35675	15.11	1
2012-01-21 02:00:00	-2.6	58.2	7200	1327111200	35675	15.11	1
2012-01-21 03:00:00	-2.0	58.2	10800	1327114800	35675	15.11	1
2012-01-21 04:00:00	-2.0	58.2	14400	1327118400	35675	15.11	1
2012-01-21 05:00:00	-2.0	58.2	18000	1327122000	35675	15.11	1
2012-01-21 06:00:00	-2.0	58.2	21600	1327125600	35675	15.11	1
2012-01-21 07:00:00	-2.0	58.2	25200	1327129200	35675	15.11	1
2012-01-21 08:00:00	-1.5	58.2	28800	1327132800	35675	15.11	1
2012-01-21 09:00:00	-0.9	58.2	32400	1327136400	35675	15.11	1
2012-01-21 10:00:00	-0.9	58.2	36000	1327140000	35675	15.11	1
2012-01-21 11:00:00	-1.1	58.2	39600	1327143600	35675	15.11	1
2012-01-21 12:00:00	-0.9	58.2	43200	1327147200	35675	15.11	1
2012-01-21 13:00:00	-0.8	455.9	46800	1327150800	157221	15.11	1
2012-01-21 14:00:00	-1.1	698.4	50400	1327154400	259633	15.11	1
2012-01-21 15:00:00	-1.3	824.5	54000	1327158000	286940	15.11	1
2012-01-21 16:00:00	-1.9	921.5	57600	1327161600	317608	15.11	1
2012-01-21 17:00:00	-1.9	921.5	61200	1327165200	317608	15.11	1
2012-01-21 18:00:00	-2.4	950.6	64800	1327168800	327481	15.11	1
2012-01-21 19:00:00	-1.5	979.7	68400	1327172400	337741	15.11	1
2012-01-21 20:00:00	-1.5	989.4	72000	1327176000	341217	15.11	1
2012-01-21 21:00:00	-1.7	902.1	75600	1327179600	311196	15.11	1
2012-01-21 22:00:00	-2.0	591.7	79200	1327183200	209068	15.11	1
2012-01-21 23:00:00	-2.0	514.1	82800	1327186800	177727	15.11	1
2012-01-22 00:00:00	-2.4	465.6	0	1327190400	160429	15.11	1
2012-01-22 01:00:00	-2.8	485.0	3600	1327194000	167122	15.11	1
2012-01-22 02:00:00	-2.9	485.0	7200	1327197600	167120	15.11	1
2012-01-22 03:00:00	-2.9	485.0	10800	1327201200	167120	15.11	1
2012-01-22 04:00:00	-3.3	494.7	14400	1327204800	170568	15.11	1
2012-01-22 05:00:00	-3.3	465.6	18000	1327208400	160411	15.11	1
2012-01-22 06:00:00	-3.5	698.4	21600	1327212000	259477	15.11	1
2012-01-22 07:00:00	-3.8	679.0	25200	1327215600	249651	15.11	1
2012-01-22 08:00:00	-3.8	698.4	28800	1327219200	259463	15.11	1
2012-01-22 09:00:00	-3.8	727.5	32400	1327222800	274712	15.11	1
2012-01-22 10:00:00	-3.8	708.1	36000	1327226400	264475	15.11	1
2012-01-22 11:00:00	-3.3	805.1	39600	1327230000	281160	15.11	1
2012-01-22 12:00:00	-3.1	552.9	43200	1327233600	192796	15.11	1
2012-01-22 13:00:00	-3.1	475.3	46800	1327237200	163730	15.11	1
2012-01-22 14:00:00	-2.6	485.0	50400	1327240800	167127	15.11	1
2012-01-22 15:00:00	-2.6	485.0	54000	1327244400	167127	15.11	1
2012-01-22 16:00:00	-2.2	485.0	57600	1327248000	167136	15.11	1
2012-01-22 17:00:00	-2.0	533.5	61200	1327251600	185137	15.11	1
2012-01-22 18:00:00	-1.9	543.2	64800	1327255200	188952	15.11	1
2012-01-22 19:00:00	-1.9	485.0	68400	1327258800	167144	15.11	1
2012-01-22 20:00:00	-1.7	504.4	72000	1327262400	174136	15.11	1
2012-01-22 21:00:00	-1.7	523.8	75600	1327266000	181406	15.11	1
2012-01-22 22:00:00	-1.3	494.7	79200	1327269600	170619	15.11	1
2012-01-22 23:00:00	-1.1	475.3	82800	1327273200	163778	15.11	1
2012-01-23 00:00:00	-0.8	475.3	0	1327276800	163787	15.11	1
2012-01-23 01:00:00	-0.6	475.3	3600	1327280400	163793	15.11	1
2012-01-23 02:00:00	-0.4	475.3	7200	1327284000	163800	15.11	1
2012-01-23 03:00:00	-0.6	58.2	10800	1327287600	35675	15.11	1
2012-01-23 04:00:00	-0.2	58.2	14400	1327291200	35675	15.11	1
2012-01-23 05:00:00	0.1	494.7	18000	1327294800	170669	15.11	1
2012-01-23 06:00:00	0.1	475.3	21600	1327298400	163817	15.11	1
2012-01-23 07:00:00	0.3	465.6	25200	1327302000	160505	15.11	1
2012-01-23 08:00:00	0.5	465.6	28800	1327305600	160513	15.11	1
2012-01-23 09:00:00	0.8	465.6	32400	1327309200	160525	15.11	1
2012-01-23 10:00:00	1.1	475.3	36000	1327312800	163859	15.11	1
2012-01-23 11:00:00	1.4	475.3	39600	1327316400	163874	15.11	1
2012-01-23 12:00:00	1.6	475.3	43200	1327320000	163884	15.11	1
2012-01-23 13:00:00	1.9	475.3	46800	1327323600	163901	15.11	1
2012-01-23 14:00:00	1.9	455.9	50400	1327327200	157325	15.11	1
2012-01-23 15:00:00	1.9	455.9	54000	1327330800	157325	15.11	1
2012-01-23 16:00:00	1.9	485.0	57600	1327334400	167296	15.11	1
2012-01-23 17:00:00	2.2	455.9	61200	1327338000	157341	15.11	1
2012-01-23 18:00:00	2.5	455.9	64800	1327341600	157359	15.11	1
2012-01-23 19:00:00	3.3	446.2	68400	1327345200	154228	15.11	1
2012-01-23 20:00:00	3.6	446.2	72000	1327348800	154251	15.11	1
2012-01-23 21:00:00	5.5	475.3	75600	1327352400	164300	15.11	1
2012-01-23 22:00:00	6.1	485.0	79200	1327356000	167867	15.11	1
2012-01-23 23:00:00	6.1	475.3	82800	1327359600	164439	15.11	1
2012-01-24 00:00:00	6.1	475.3	0	1327363200	164439	15.11	1
2012-01-24 01:00:00	6.4	475.3	3600	1327366800	164525	15.11	1
2012-01-24 02:00:00	6.4	465.6	7200	1327370400	161165	15.11	1
2012-01-24 03:00:00	6.4	465.6	10800	1327374000	161165	15.11	1
2012-01-24 04:00:00	6.4	465.6	14400	1327377600	161165	15.11	1
2012-01-24 05:00:00	5.8	465.6	18000	1327381200	161014	15.11	1
2012-01-24 06:00:00	5.3	776.0	21600	1327384800	252894	15.11	1
2012-01-24 07:00:00	5.0	921.5	25200	1327388400	318439	15.11	1
2012-01-24 08:00:00	5.3	999.1	28800	1327392000	345864	15.11	1
2012-01-24 09:00:00	6.4	1008.8	32400	1327395600	350068	15.11	1
2012-01-24 10:00:00	7.3	1212.5	36000	1327399200	434351	15.11	1
2012-01-24 11:00:00	8.2	1212.5	39600	1327402800	435345	15.11	1
2012-01-24 12:00:00	8.3	1202.8	43200	1327406400	431128	15.11	1
2012-01-24 13:00:00	8.6	970.0	46800	1327410000	337737	15.11	1
2012-01-24 14:00:00	7.9	950.6	50400	1327413600	330175	15.11	1
2012-01-24 15:00:00	7.6	572.3	54000	1327417200	202515	15.11	1
2012-01-24 16:00:00	6.6	504.4	57600	1327420800	175107	15.11	1
2012-01-24 17:00:00	5.4	494.7	61200	1327424400	171187	15.11	1
2012-01-24 18:00:00	4.5	523.8	64800	1327428000	181894	15.11	1
2012-01-24 19:00:00	3.0	514.1	68400	1327431600	178001	15.11	1
2012-01-24 20:00:00	2.1	485.0	72000	1327435200	167309	15.11	1
2012-01-24 21:00:00	2.4	485.0	75600	1327438800	167329	15.11	1
2012-01-24 22:00:00	3.1	727.5	79200	1327442400	275598	15.11	1
2012-01-24 23:00:00	2.6	708.1	82800	1327446000	265190	15.11	1
2012-01-25 00:00:00	1.1	679.0	0	1327449600	250030	15.11	1
2012-01-25 01:00:00	1.2	679.0	3600	1327453200	250043	15.11	1
2012-01-25 02:00:00	0.2	669.3	7200	1327456800	245113	15.11	1
2012-01-25 03:00:00	0.5	679.0	10800	1327460400	249956	15.11	1
2012-01-25 04:00:00	-1.0	649.9	14400	1327464000	235610	15.11	1
2012-01-25 05:00:00	0.7	58.2	18000	1327467600	35675	15.11	1
2012-01-25 06:00:00	-0.6	58.2	21600	1327471200	35675	15.11	1
2012-01-25 07:00:00	-0.4	58.2	25200	1327474800	35675	15.11	1
2012-01-25 08:00:00	1.3	989.4	28800	1327478400	341443	15.11	1
2012-01-25 09:00:00	2.1	58.2	32400	1327482000	35675	15.11	1
2012-01-25 10:00:00	2.7	611.1	36000	1327485600	218013	15.11	1
2012-01-25 11:00:00	3.4	756.6	39600	1327489200	266173	15.11	1
2012-01-25 12:00:00	3.5	795.4	43200	1327492800	246933	15.11	1
2012-01-25 13:00:00	4.6	776.0	46800	1327496400	252654	15.11	1
2012-01-25 14:00:00	3.8	717.8	50400	1327500000	270591	15.11	1
2012-01-25 15:00:00	3.2	659.6	54000	1327503600	240823	15.11	1
2012-01-25 16:00:00	2.9	58.2	57600	1327507200	35675	15.11	1
2012-01-25 17:00:00	2.6	630.5	61200	1327510800	226862	15.11	1
2012-01-25 18:00:00	2.3	58.2	64800	1327514400	35675	15.11	1
2012-01-25 19:00:00	1.8	58.2	68400	1327518000	35675	15.11	1
2012-01-25 20:00:00	1.8	58.2	72000	1327521600	35675	15.11	1
2012-01-25 21:00:00	1.7	58.2	75600	1327525200	35675	15.11	1
2012-01-25 22:00:00	1.7	58.2	79200	1327528800	35675	15.11	1
2012-01-25 23:00:00	2.0	58.2	82800	1327532400	35675	15.11	1
2012-01-26 00:00:00	2.0	58.2	0	1327536000	35675	15.11	1
2012-01-26 01:00:00	2.5	58.2	3600	1327539600	35675	15.11	1
2012-01-26 02:00:00	2.8	58.2	7200	1327543200	35675	15.11	1
2012-01-26 03:00:00	2.3	58.2	10800	1327546800	35675	15.11	1
2012-01-26 04:00:00	2.5	58.2	14400	1327550400	35675	15.11	1
2012-01-26 05:00:00	2.5	426.8	18000	1327554000	148021	15.11	1
2012-01-26 06:00:00	2.9	426.8	21600	1327557600	148043	15.11	1
2012-01-26 07:00:00	2.9	543.2	25200	1327561200	189257	15.11	1
2012-01-26 08:00:00	3.5	552.9	28800	1327564800	193235	15.11	1
2012-01-26 09:00:00	3.8	669.3	32400	1327568400	245731	15.11	1
2012-01-26 10:00:00	4.1	649.9	36000	1327572000	236355	15.11	1
2012-01-26 11:00:00	5.4	640.2	39600	1327575600	232104	15.11	1
2012-01-26 12:00:00	6.8	543.2	43200	1327579200	190183	15.11	1
2012-01-26 13:00:00	6.5	611.1	46800	1327582800	219028	15.11	1
2012-01-26 14:00:00	7.3	582.0	50400	1327586400	206519	15.11	1
2012-01-26 15:00:00	8.1	465.6	54000	1327590000	161811	15.11	1
2012-01-26 16:00:00	7.3	436.5	57600	1327593600	151793	15.11	1
2012-01-26 17:00:00	7.0	426.8	61200	1327597200	148608	15.11	1
2012-01-26 18:00:00	7.0	58.2	64800	1327600800	35675	15.11	1
2012-01-26 19:00:00	7.0	58.2	68400	1327604400	35675	15.11	1
2012-01-26 20:00:00	7.2	58.2	72000	1327608000	35675	15.11	1
2012-01-26 21:00:00	7.5	58.2	75600	1327611600	35675	15.11	1
2012-01-26 22:00:00	7.2	58.2	79200	1327615200	35675	15.11	1
2012-01-26 23:00:00	7.7	58.2	82800	1327618800	35675	15.11	1
2012-01-27 00:00:00	8.3	58.2	0	1327622400	35675	15.11	1
2012-01-27 01:00:00	7.7	58.2	3600	1327626000	35675	15.11	1
2012-01-27 02:00:00	8.0	58.2	7200	1327629600	35675	15.11	1
2012-01-27 03:00:00	8.6	58.2	10800	1327633200	35675	15.11	1
2012-01-27 04:00:00	9.7	58.2	14400	1327636800	35675	15.11	1
2012-01-27 05:00:00	11.6	58.2	18000	1327640400	35675	15.11	1
2012-01-27 06:00:00	15.3	58.2	21600	1327644000	41014	17.11	1
2012-01-27 07:00:00	14.1	58.2	25200	1327647600	38924	16.11	1
2012-01-27 08:00:00	14.3	58.2	28800	1327651200	39237	16.11	1
2012-01-27 09:00:00	14.9	58.2	32400	1327654800	40247	17.11	1
2012-01-27 10:00:00	16.0	58.2	36000	1327658400	42090	18.11	1
2012-01-27 11:00:00	15.2	58.2	39600	1327662000	40830	17.11	1
2012-01-27 12:00:00	11.4	58.2	43200	1327665600	35675	15.11	1
2012-01-27 13:00:00	10.0	58.2	46800	1327669200	35675	15.11	1
2012-01-27 14:00:00	8.0	58.2	50400	1327672800	35675	15.11	1
2012-01-27 15:00:00	7.3	58.2	54000	1327676400	35675	15.11	1
2012-01-27 16:00:00	6.3	58.2	57600	1327680000	35675	15.11	1
2012-01-27 17:00:00	5.2	58.2	61200	1327683600	35675	15.11	1
2012-01-27 18:00:00	4.7	58.2	64800	1327687200	35675	15.11	1
2012-01-27 19:00:00	4.2	58.2	68400	1327690800	35675	15.11	1
2012-01-27 20:00:00	3.5	58.2	72000	1327694400	35675	15.11	1
2012-01-27 21:00:00	3.2	58.2	75600	1327698000	35675	15.11	1
2012-01-27 22:00:00	2.0	58.2	79200	1327701600	35675	15.11	1
2012-01-27 23:00:00	1.3	58.2	82800	1327705200	35675	15.11	1
2012-01-28 00:00:00	0.9	58.2	0	1327708800	35675	15.11	1
2012-01-28 01:00:00	0.1	58.2	3600	1327712400	35675	15.11	1
2012-01-28 02:00:00	-0.7	58.2	7200	1327716000	35675	15.11	1
2012-01-28 03:00:00	-1.7	58.2	10800	1327719600	35675	15.11	1
2012-01-28 04:00:00	-1.7	58.2	14400	1327723200	35675	15.11	1
2012-01-28 05:00:00	-1.5	446.2	18000	1327726800	154028	15.11	1
2012-01-28 06:00:00	-2.8	58.2	21600	1327730400	35675	15.11	1
2012-01-28 07:00:00	-1.9	58.2	25200	1327734000	35675	15.11	1
2012-01-28 08:00:00	1.3	58.2	28800	1327737600	35675	15.11	1
2012-01-28 09:00:00	2.7	58.2	32400	1327741200	35675	15.11	1
2012-01-28 10:00:00	3.0	58.2	36000	1327744800	35675	15.11	1
2012-01-28 11:00:00	4.2	58.2	39600	1327748400	35675	15.11	1
2012-01-28 12:00:00	4.8	58.2	43200	1327752000	35675	15.11	1
2012-01-28 13:00:00	5.3	58.2	46800	1327755600	35675	15.11	1
2012-01-28 14:00:00	5.8	58.2	50400	1327759200	35675	15.11	1
2012-01-28 15:00:00	6.3	58.2	54000	1327762800	35675	15.11	1
2012-01-28 16:00:00	5.8	58.2	57600	1327766400	35675	15.11	1
2012-01-28 17:00:00	4.9	58.2	61200	1327770000	35675	15.11	1
2012-01-28 18:00:00	4.0	58.2	64800	1327773600	35675	15.11	1
2012-01-28 19:00:00	2.8	58.2	68400	1327777200	35675	15.11	1
2012-01-28 20:00:00	1.7	58.2	72000	1327780800	35675	15.11	1
2012-01-28 21:00:00	0.7	58.2	75600	1327784400	35675	15.11	1
2012-01-28 22:00:00	0.0	58.2	79200	1327788000	35675	15.11	1
2012-01-28 23:00:00	-0.7	58.2	82800	1327791600	35675	15.11	1
2012-01-29 00:00:00	-1.6	58.2	0	1327795200	35675	15.11	1
2012-01-29 01:00:00	-2.2	58.2	3600	1327798800	35675	15.11	1
2012-01-29 02:00:00	-2.1	58.2	7200	1327802400	35675	15.11	1
2012-01-29 03:00:00	-3.1	58.2	10800	1327806000	35675	15.11	1
2012-01-29 04:00:00	-3.2	58.2	14400	1327809600	35675	15.11	1
2012-01-29 05:00:00	-3.1	485.0	18000	1327813200	167116	15.11	1
2012-01-29 06:00:00	-3.2	911.8	21600	1327816800	314328	15.11	1
2012-01-29 08:00:00	-1.3	1008.8	28800	1327824000	348288	15.11	1
2012-01-29 09:00:00	-0.1	1193.1	32400	1327827600	422545	15.11	1
2012-01-29 10:00:00	0.9	1338.6	36000	1327831200	490364	15.11	1
2012-01-29 11:00:00	1.3	1212.5	39600	1327834800	431328	15.11	1
2012-01-29 12:00:00	0.6	1222.2	43200	1327838400	435534	15.11	1
2012-01-29 13:00:00	1.4	1193.1	46800	1327842000	422784	15.11	1
2012-01-29 14:00:00	1.4	1154.3	50400	1327845600	406083	15.11	1
2012-01-29 15:00:00	1.4	591.7	54000	1327849200	209284	15.11	1
2012-01-29 16:00:00	1.3	523.8	57600	1327852800	181544	15.11	1
2012-01-29 17:00:00	0.3	504.4	61200	1327856400	174210	15.11	1
2012-01-29 18:00:00	-0.2	485.0	64800	1327860000	167196	15.11	1
2012-01-29 19:00:00	-0.5	485.0	68400	1327863600	167185	15.11	1
2012-01-29 20:00:00	-0.3	485.0	72000	1327867200	167192	15.11	1
2012-01-29 21:00:00	0.0	514.1	75600	1327870800	177799	15.11	1
2012-01-29 22:00:00	0.9	853.6	79200	1327874400	295898	15.11	1
2012-01-29 23:00:00	0.7	1115.5	82800	1327878000	389851	15.11	1
2012-01-30 00:00:00	-0.2	834.2	0	1327881600	289901	15.11	1
2012-01-30 01:00:00	-0.8	785.7	3600	1327885200	247944	15.11	1
2012-01-30 02:00:00	-1.3	805.1	7200	1327888800	281224	15.11	1
2012-01-30 03:00:00	-2.2	824.5	10800	1327892400	286907	15.11	1
2012-01-30 04:00:00	-2.2	863.3	14400	1327896000	298758	15.11	1
2012-01-30 05:00:00	-2.6	58.2	18000	1327899600	35675	15.11	1
2012-01-30 06:00:00	-3.1	58.2	21600	1327903200	35675	15.11	1
2012-01-30 07:00:00	-2.5	58.2	25200	1327906800	35675	15.11	1
2012-01-30 08:00:00	-1.5	58.2	28800	1327910400	35675	15.11	1
2012-01-30 09:00:00	-1.1	601.4	32400	1327914000	213348	15.11	1
2012-01-30 10:00:00	-0.7	688.7	36000	1327917600	254718	15.11	1
2012-01-30 11:00:00	-0.2	785.7	39600	1327921200	247998	15.11	1
2012-01-30 12:00:00	0.0	873.0	43200	1327924800	301915	15.11	1
2012-01-30 13:00:00	0.7	911.8	46800	1327928400	314533	15.11	1
2012-01-30 14:00:00	0.9	931.2	50400	1327932000	321049	15.11	1
2012-01-30 15:00:00	1.1	543.2	54000	1327935600	189097	15.11	1
2012-01-30 16:00:00	0.6	58.2	57600	1327939200	35675	15.11	1
2012-01-30 17:00:00	-0.5	494.7	61200	1327942800	170645	15.11	1
2012-01-30 18:00:00	-0.5	494.7	64800	1327946400	170645	15.11	1
2012-01-30 19:00:00	-0.7	475.3	68400	1327950000	163790	15.11	1
2012-01-30 20:00:00	-0.6	465.6	72000	1327953600	160475	15.11	1
2012-01-30 21:00:00	-0.5	58.2	75600	1327957200	35675	15.11	1
2012-01-30 22:00:00	-1.5	58.2	79200	1327960800	35675	15.11	1
2012-01-30 23:00:00	-1.1	58.2	82800	1327964400	35675	15.11	1
2012-01-31 00:00:00	-1.7	58.2	0	1327968000	35675	15.11	1
2012-01-31 01:00:00	-2.6	58.2	3600	1327971600	35675	15.11	1
2012-01-31 02:00:00	-2.9	58.2	7200	1327975200	35675	15.11	1
2012-01-31 03:00:00	-0.7	58.2	10800	1327978800	35675	15.11	1
2012-01-31 04:00:00	0.9	58.2	14400	1327982400	35675	15.11	1
2012-01-31 05:00:00	-1.2	475.3	18000	1327986000	163775	15.11	1
2012-01-31 06:00:00	-2.1	776.0	21600	1327989600	251399	15.11	1
2012-01-31 07:00:00	-0.7	873.0	25200	1327993200	301876	15.11	1
2012-01-31 08:00:00	2.6	989.4	28800	1327996800	341616	15.11	1
2012-01-31 09:00:00	4.7	989.4	32400	1328000400	342099	15.11	1
2012-01-31 10:00:00	5.8	999.1	36000	1328004000	346106	15.11	1
2012-01-31 11:00:00	7.2	989.4	39600	1328007600	343494	15.11	1
2012-01-31 12:00:00	8.0	1183.4	43200	1328011200	422165	15.11	1
2012-01-31 13:00:00	8.8	1202.8	46800	1328014800	431890	15.11	1
2012-01-31 14:00:00	8.8	1193.1	50400	1328018400	427561	15.11	1
2012-01-31 15:00:00	8.8	640.2	54000	1328022000	233923	15.11	1
2012-01-31 16:00:00	8.1	514.1	57600	1328025600	179368	15.11	1
2012-01-31 17:00:00	7.3	543.2	61200	1328029200	190379	15.11	1
2012-01-31 18:00:00	6.8	514.1	64800	1328032800	178824	15.11	1
2012-01-31 19:00:00	6.5	494.7	68400	1328036400	171497	15.11	1
2012-01-31 20:00:00	6.2	504.4	72000	1328040000	174971	15.11	1
2012-01-31 21:00:00	6.1	494.7	75600	1328043600	171366	15.11	1
2012-01-31 22:00:00	6.6	776.0	79200	1328047200	253477	15.11	1
2012-01-31 23:00:00	6.9	999.1	82800	1328050800	346827	15.11	1
