Date	Twet	Load	Hour(s)	TimeStamp(s)	Power	Tset
1/1/2013 0:00	-0.3	873	0	1356998400	301897	15.11
1/1/2013 1:00	-0.2	591.7	3600	1357002000	209160	15.11
1/1/2013 2:00	-0.5	1134.9	7200	1357005600	397696	15.11
1/1/2013 3:00	-0.1	1125.2	10800	1357009200	393729	15.11
1/1/2013 4:00	-0.1	1134.9	14400	1357012800	397739	15.11
1/1/2013 5:00	1.2	1144.6	18000	1357016400	401964	15.11
1/1/2013 6:00	2.2	1173.7	21600	1357020000	414528	15.11
1/1/2013 7:00	1.9	1270.7	25200	1357023600	458022	15.11
1/1/2013 8:00	1.9	1338.6	28800	1357027200	490640	15.11
1/1/2013 9:00	2.2	1231.9	32400	1357030800	440247	15.11
1/1/2013 10:00	2.7	1503.5	36000	1357034400	542707	15.11
1/1/2013 11:00	2.7	1348.3	39600	1357038000	495739	15.11
1/1/2013 12:00	3	1377.4	43200	1357041600	510524	15.11
1/1/2013 13:00	2.7	1367.7	46800	1357045200	505468	15.11
1/1/2013 14:00	2.5	1367.7	50400	1357048800	505381	15.11
1/1/2013 15:00	2.2	1425.9	54000	1357052400	535282	15.11
1/1/2013 16:00	2.2	1445.3	57600	1357056000	545573	15.11
1/1/2013 17:00	2.1	1416.2	61200	1357059600	530146	15.11
1/1/2013 18:00	2.1	1387.1	64800	1357063200	515085	15.11
1/1/2013 19:00	1.8	1358	68400	1357066800	500249	15.11
1/1/2013 20:00	1.6	1231.9	72000	1357070400	440099	15.11
1/1/2013 21:00	1.3	1348.3	75600	1357074000	495264	15.11
1/1/2013 22:00	0.9	1338.6	79200	1357077600	490364	15.11
1/1/2013 23:00	0.4	1309.5	82800	1357081200	476084	15.11
1/2/2013 0:00	0.1	1299.8	0	1357084800	471377	15.11
1/2/2013 1:00	-0.5	1241.6	3600	1357088400	444136	15.11
1/2/2013 2:00	-1	1231.9	7200	1357092000	439675	15.11
1/2/2013 3:00	-1.5	58.2	10800	1357095600	35675	15.11
1/2/2013 4:00	-1.7	1581.1	14400	1357099200	493346	15.11
1/2/2013 5:00	-2	1241.6	18000	1357102800	443965	15.11
1/2/2013 6:00	-2.5	58.2	21600	1357106400	35675	15.11
1/2/2013 7:00	-2.9	1309.5	25200	1357110000	475633	15.11
1/2/2013 8:00	-2.7	1416.2	28800	1357113600	529055	15.11
1/2/2013 9:00	-2.1	1241.6	32400	1357117200	443955	15.11
1/2/2013 10:00	-2.4	1484.1	36000	1357120800	569046	15.11
1/2/2013 11:00	-2.2	1445.3	39600	1357124400	544433	15.11
1/2/2013 12:00	-2.3	1474.4	43200	1357128000	575666	15.11
1/2/2013 13:00	-2.7	1513.2	46800	1357131600	530463	15.11
1/2/2013 14:00	-3	1542.3	50400	1357135200	507678	15.11
1/2/2013 15:00	-2.5	1571.4	54000	1357138800	495427	15.11
1/2/2013 16:00	-3.2	1571.4	57600	1357142400	495319	15.11
1/2/2013 17:00	-3.7	1513.2	61200	1357146000	530306	15.11
1/2/2013 18:00	-3.4	1425.9	64800	1357149600	534040	15.11
1/2/2013 19:00	-3.9	1309.5	68400	1357153200	475547	15.11
1/2/2013 20:00	-4.6	1251.3	72000	1357156800	448194	15.11
1/2/2013 21:00	-4.5	1251.3	75600	1357160400	448200	15.11
1/2/2013 22:00	-4.5	1222.2	79200	1357164000	435025	15.11
1/2/2013 23:00	-4.5	1202.8	82800	1357167600	426419	15.11
1/3/2013 0:00	-4.5	1164	0	1357171200	409632	15.11
1/3/2013 1:00	-4.7	1241.6	3600	1357174800	443761	15.11
1/3/2013 2:00	-4.4	1241.6	7200	1357178400	443779	15.11
1/3/2013 3:00	-4.6	1280.4	10800	1357182000	461686	15.11
1/3/2013 4:00	-5	1309.5	14400	1357185600	475469	15.11
1/3/2013 5:00	-5	1328.9	18000	1357189200	484852	15.11
1/3/2013 6:00	-6.1	1348.3	21600	1357192800	494306	15.11
1/3/2013 7:00	-6.5	1387.1	25200	1357196400	513748	15.11
1/3/2013 8:00	-5	1445.3	28800	1357200000	544120	15.11
1/3/2013 9:00	-3.9	1416.2	32400	1357203600	528923	15.11
1/3/2013 10:00	-3.3	1484.1	36000	1357207200	568926	15.11
1/3/2013 11:00	-2.5	1503.5	39600	1357210800	541087	15.11
1/3/2013 12:00	-2.3	1455	43200	1357214400	549594	15.11
1/3/2013 13:00	-1.2	1377.4	46800	1357218000	509339	15.11
1/3/2013 14:00	-0.9	1435.6	50400	1357221600	539506	15.11
1/3/2013 15:00	-1	1445.3	54000	1357225200	544632	15.11
1/3/2013 16:00	-1.9	1445.3	57600	1357228800	544478	15.11
1/3/2013 17:00	-3	1416.2	61200	1357232400	529019	15.11
1/3/2013 18:00	-2.7	1396.8	64800	1357236000	519026	15.11
1/3/2013 19:00	-2.9	1338.6	68400	1357239600	489771	15.11
1/3/2013 20:00	-3.1	1396.8	72000	1357243200	518981	15.11
1/3/2013 21:00	-3.4	1358	75600	1357246800	499323	15.11
1/3/2013 22:00	-3.3	1338.6	79200	1357250400	489732	15.11
1/3/2013 23:00	-3.8	1590.8	82800	1357254000	491567	15.11
1/4/2013 0:00	-4.5	1338.6	0	1357257600	489632	15.11
1/4/2013 1:00	-4.2	1387.1	3600	1357261200	513914	15.11
1/4/2013 2:00	-3.4	1377.4	7200	1357264800	509065	15.11
1/4/2013 3:00	-3.1	1358	10800	1357268400	499353	15.11
1/4/2013 4:00	-5.8	1319.2	14400	1357272000	480094	15.11
1/4/2013 5:00	-2.9	1299.8	18000	1357275600	470992	15.11
1/4/2013 6:00	-2.9	1299.8	21600	1357279200	470992	15.11
1/4/2013 7:00	-2.9	1338.6	25200	1357282800	489771	15.11
1/4/2013 8:00	-1.2	1396.8	28800	1357286400	519234	15.11
1/4/2013 9:00	-1	1144.6	32400	1357290000	401690	15.11
1/4/2013 10:00	-0.5	1319.2	36000	1357293600	480609	15.11
1/4/2013 11:00	0.1	1338.6	39600	1357297200	490191	15.11
1/4/2013 12:00	0.4	1338.6	43200	1357300800	490252	15.11
1/4/2013 13:00	0.7	1338.6	46800	1357304400	490317	15.11
1/4/2013 14:00	1	1377.4	50400	1357308000	509791	15.11
1/4/2013 15:00	1	1387.1	54000	1357311600	514730	15.11
1/4/2013 16:00	0	1377.4	57600	1357315200	509554	15.11
1/4/2013 17:00	-0.3	1338.6	61200	1357318800	490117	15.11
1/4/2013 18:00	-0.7	1280.4	64800	1357322400	462060	15.11
1/4/2013 19:00	-1	1222.2	68400	1357326000	435312	15.11
1/4/2013 20:00	-1	1134.9	72000	1357329600	397647	15.11
1/4/2013 21:00	-1.3	1183.4	75600	1357333200	418187	15.11
1/4/2013 22:00	-1.2	1183.4	79200	1357336800	418197	15.11
1/4/2013 23:00	-0.8	1193.1	82800	1357340400	422460	15.11
1/5/2013 0:00	-1	1183.4	0	1357344000	418217	15.11
1/5/2013 1:00	-1.7	1134.9	3600	1357347600	397586	15.11
1/5/2013 2:00	-1.7	1134.9	7200	1357351200	397586	15.11
1/5/2013 3:00	-1.7	1164	10800	1357354800	409818	15.11
1/5/2013 4:00	-1.3	1164	14400	1357358400	409854	15.11
1/5/2013 5:00	-1.7	1183.4	18000	1357362000	418150	15.11
1/5/2013 6:00	-1.9	1202.8	21600	1357365600	426604	15.11
1/5/2013 7:00	-2.6	1270.7	25200	1357369200	457306	15.11
1/5/2013 8:00	-1.2	1299.8	28800	1357372800	471178	15.11
1/5/2013 9:00	-0.1	1328.9	32400	1357376400	485397	15.11
1/5/2013 10:00	0.1	1396.8	36000	1357380000	519481	15.11
1/5/2013 11:00	0.7	1474.4	39600	1357383600	576331	15.11
1/5/2013 12:00	1.2	1484.1	43200	1357387200	569897	15.11
1/5/2013 13:00	1.2	1464.7	46800	1357390800	555602	15.11
1/5/2013 14:00	1.7	1503.5	50400	1357394400	542365	15.11
1/5/2013 15:00	1.4	1484.1	54000	1357398000	569996	15.11
1/5/2013 16:00	0.6	1425.9	57600	1357401600	534733	15.11
1/5/2013 17:00	-0.2	1348.3	61200	1357405200	494926	15.11
1/5/2013 18:00	-0.3	1290.1	64800	1357408800	466696	15.11
1/5/2013 19:00	-0.3	1270.7	68400	1357412400	457576	15.11
1/5/2013 20:00	0.1	1309.5	72000	1357416000	476027	15.11
1/5/2013 21:00	0.5	1309.5	75600	1357419600	476104	15.11
1/5/2013 22:00	0.3	1319.2	79200	1357423200	480751	15.11
1/5/2013 23:00	0.9	1319.2	82800	1357426800	480878	15.11
1/6/2013 0:00	1.1	785.7	0	1357430400	248216	15.11
1/6/2013 1:00	1.4	1299.8	3600	1357434000	471652	15.11
1/6/2013 2:00	1.3	1299.8	7200	1357437600	471627	15.11
1/6/2013 3:00	1.5	1299.8	10800	1357441200	471677	15.11
1/6/2013 4:00	0.8	1299.8	14400	1357444800	471513	15.11
1/6/2013 5:00	-0.4	1290.1	18000	1357448400	466680	15.11
1/6/2013 6:00	-2.2	1299.8	21600	1357452000	471061	15.11
1/6/2013 7:00	-1.3	1328.9	25200	1357455600	485208	15.11
1/6/2013 8:00	1.5	1377.4	28800	1357459200	509935	15.11
1/6/2013 9:00	3.1	1183.4	32400	1357462800	418973	15.11
1/6/2013 10:00	3.2	1309.5	36000	1357466400	476924	15.11
1/6/2013 11:00	4.2	1299.8	39600	1357470000	472749	15.11
1/6/2013 12:00	4.5	1338.6	43200	1357473600	491820	15.11
1/6/2013 13:00	4.1	1367.7	46800	1357477200	506151	15.11
1/6/2013 14:00	4.3	1348.3	50400	1357480800	496525	15.11
1/6/2013 15:00	4.2	1377.4	54000	1357484400	511125	15.11
1/6/2013 16:00	3.8	1396.8	57600	1357488000	520857	15.11
1/6/2013 17:00	3.8	1367.7	61200	1357491600	505995	15.11
1/6/2013 18:00	3.5	1367.7	64800	1357495200	505844	15.11
1/6/2013 19:00	3.5	1328.9	68400	1357498800	486520	15.11
1/6/2013 20:00	3.3	1164	72000	1357502400	410664	15.11
1/6/2013 21:00	3.2	1309.5	75600	1357506000	476924	15.11
1/6/2013 22:00	3.2	1299.8	79200	1357509600	472252	15.11
1/6/2013 23:00	2.7	1290.1	82800	1357513200	467420	15.11
1/7/2013 0:00	2.7	1280.4	0	1357516800	462825	15.11
1/7/2013 1:00	2.1	1164	3600	1357520400	410344	15.11
1/7/2013 2:00	2.1	1144.6	7200	1357524000	402130	15.11
1/7/2013 3:00	2.2	1154.3	10800	1357527600	406241	15.11
1/7/2013 4:00	1.7	1164	14400	1357531200	410261	15.11
1/7/2013 5:00	2.2	1164	18000	1357534800	410367	15.11
1/7/2013 6:00	1.1	1183.4	21600	1357538400	418501	15.11
1/7/2013 7:00	1.4	1222.2	25200	1357542000	435684	15.11
1/7/2013 8:00	2.1	1270.7	28800	1357545600	458078	15.11
1/7/2013 9:00	2.5	1358	32400	1357549200	500501	15.11
1/7/2013 10:00	2.8	1435.6	36000	1357552800	540676	15.11
1/7/2013 11:00	3.4	1484.1	39600	1357556400	570881	15.11
1/7/2013 12:00	3	1474.4	43200	1357560000	577218	15.11
1/7/2013 13:00	3.3	1552	46800	1357563600	504534	15.11
1/7/2013 14:00	3	1532.6	50400	1357567200	515652	15.11
1/7/2013 15:00	2.3	58.2	54000	1357570800	35675	15.11
1/7/2013 16:00	1.7	58.2	57600	1357574400	35675	15.11
1/7/2013 17:00	1.1	58.2	61200	1357578000	35675	15.11
1/7/2013 18:00	-0.8	1008.8	64800	1357581600	348321	15.11
1/7/2013 19:00	-1.5	999.1	68400	1357585200	344728	15.11
1/7/2013 20:00	-2.4	1299.8	72000	1357588800	471040	15.11
1/7/2013 22:00	-3.1	999.1	79200	1357596000	344645	15.11
1/7/2013 23:00	-3.1	999.1	82800	1357599600	344645	15.11
1/8/2013 0:00	-3.6	999.1	0	1357603200	344624	15.11
1/8/2013 1:00	-4.4	1299.8	3600	1357606800	470871	15.11
1/8/2013 2:00	-3.5	1503.5	7200	1357610400	540949	15.11
1/8/2013 3:00	-4	1299.8	10800	1357614000	470900	15.11
1/8/2013 4:00	-3.6	1280.4	14400	1357617600	461757	15.11
1/8/2013 5:00	-4	1338.6	18000	1357621200	489671	15.11
1/8/2013 6:00	-3.8	1358	21600	1357624800	499287	15.11
1/8/2013 7:00	-3.5	1387.1	25200	1357628400	513979	15.11
1/8/2013 8:00	-1	1416.2	28800	1357632000	529306	15.11
1/8/2013 9:00	2.2	1270.7	32400	1357635600	458107	15.11
1/8/2013 10:00	3.6	1406.5	36000	1357639200	525779	15.11
1/8/2013 11:00	4.8	1464.7	39600	1357642800	557341	15.11
1/8/2013 12:00	5.4	1464.7	43200	1357646400	557747	15.11
1/8/2013 13:00	5.5	1445.3	46800	1357650000	547371	15.11
1/8/2013 14:00	5.5	1464.7	50400	1357653600	557820	15.11
1/8/2013 15:00	5.5	1464.7	54000	1357657200	557820	15.11
1/8/2013 16:00	4.5	1493.8	57600	1357660800	556529	15.11
1/8/2013 17:00	3.9	1416.2	61200	1357664400	530993	15.11
1/8/2013 18:00	3.8	1319.2	64800	1357668000	481925	15.11
1/8/2013 19:00	2.4	1299.8	68400	1357671600	471943	15.11
1/8/2013 20:00	0.9	1270.7	72000	1357675200	457787	15.11
1/8/2013 21:00	0.5	1309.5	75600	1357678800	476104	15.11
1/8/2013 22:00	-0.8	1338.6	79200	1357682400	490034	15.11
1/8/2013 23:00	-0.6	1338.6	82800	1357686000	490066	15.11
1/9/2013 0:00	-1.5	1299.8	0	1357689600	471140	15.11
1/9/2013 1:00	-1.7	1280.4	3600	1357693200	461934	15.11
1/9/2013 2:00	-2	1270.7	7200	1357696800	457364	15.11
1/9/2013 3:00	-2.6	1299.8	10800	1357700400	471020	15.11
1/9/2013 4:00	-2.6	1299.8	14400	1357704000	471020	15.11
1/9/2013 5:00	-1.7	1299.8	18000	1357707600	471116	15.11
1/9/2013 6:00	-1.7	1319.2	21600	1357711200	480441	15.11
1/9/2013 7:00	-1.5	1309.5	25200	1357714800	475785	15.11
1/9/2013 8:00	1.6	1358	28800	1357718400	500186	15.11
1/9/2013 9:00	3	1008.8	32400	1357722000	348767	15.11
1/9/2013 10:00	3.8	58.2	36000	1357725600	35675	15.11
1/9/2013 11:00	4.8	58.2	39600	1357729200	35675	15.11
1/9/2013 12:00	5.9	1940	43200	1357732800	706012	15.11
1/9/2013 13:00	6.4	1920.6	46800	1357736400	697336	15.11
1/9/2013 14:00	6.5	1755.7	50400	1357740000	622752	15.11
1/9/2013 15:00	6.3	1678.1	54000	1357743600	589736	15.11
1/9/2013 16:00	6.5	1658.7	57600	1357747200	581979	15.11
1/9/2013 17:00	5.7	1503.5	61200	1357750800	544450	15.11
1/9/2013 18:00	4.5	1455	64800	1357754400	551920	15.11
1/9/2013 19:00	5.7	1406.5	68400	1357758000	527041	15.11
1/9/2013 20:00	5.5	999.1	72000	1357761600	345955	15.11
1/9/2013 21:00	6	1338.6	75600	1357765200	492781	15.11
1/9/2013 22:00	5.3	1309.5	79200	1357768800	478057	15.11
1/9/2013 23:00	4.8	1299.8	82800	1357772400	473080	15.11
1/10/2013 0:00	4.2	1280.4	0	1357776000	463506	15.11
1/10/2013 1:00	3.9	999.1	3600	1357779600	345402	15.11
1/10/2013 2:00	2.9	1008.8	7200	1357783200	348748	15.11
1/10/2013 3:00	2.7	1008.8	10800	1357786800	348712	15.11
1/10/2013 4:00	2.2	1008.8	14400	1357790400	348632	15.11
1/10/2013 5:00	0.9	1008.8	18000	1357794000	348469	15.11
1/10/2013 6:00	0.6	58.2	21600	1357797600	35675	15.11
1/10/2013 7:00	0.9	1008.8	25200	1357801200	348469	15.11
1/10/2013 8:00	2.9	58.2	28800	1357804800	35675	15.11
1/10/2013 9:00	3.8	1261	32400	1357808400	454197	15.11
1/10/2013 10:00	4.1	1396.8	36000	1357812000	521015	15.11
1/10/2013 11:00	4.5	1455	39600	1357815600	551920	15.11
1/10/2013 12:00	4.5	1455	43200	1357819200	551920	15.11
1/10/2013 13:00	5	1484.1	46800	1357822800	571817	15.11
1/10/2013 14:00	5.2	1493.8	50400	1357826400	556605	15.11
1/10/2013 15:00	4.7	1513.2	54000	1357830000	533237	15.11
1/10/2013 16:00	4.4	1503.5	57600	1357833600	543684	15.11
1/10/2013 17:00	3.2	1455	61200	1357837200	551227	15.11
1/10/2013 18:00	3.1	1367.7	64800	1357840800	505652	15.11
1/10/2013 19:00	3.1	1328.9	68400	1357844400	486329	15.11
1/10/2013 20:00	2.9	1251.3	72000	1357848000	449326	15.11
1/10/2013 21:00	2.5	1290.1	75600	1357851600	467349	15.11
1/10/2013 22:00	2.2	1270.7	79200	1357855200	458107	15.11
1/10/2013 23:00	1.7	1251.3	82800	1357858800	448974	15.11
1/11/2013 0:00	2.1	1231.9	0	1357862400	440220	15.11
1/11/2013 1:00	1.5	1251.3	3600	1357866000	448927	15.11
1/11/2013 2:00	0.3	1241.6	7200	1357869600	444254	15.11
1/11/2013 3:00	0.5	1261	10800	1357873200	453200	15.11
1/11/2013 4:00	0.9	1261	14400	1357876800	453276	15.11
1/11/2013 5:00	0.5	1251.3	18000	1357880400	448726	15.11
1/11/2013 6:00	0.9	1212.5	21600	1357884000	431253	15.11
1/11/2013 7:00	1.7	1280.4	25200	1357887600	462521	15.11
1/11/2013 8:00	2.4	1328.9	28800	1357891200	486041	15.11
1/11/2013 9:00	2.6	1309.5	32400	1357894800	476678	15.11
1/11/2013 10:00	3.2	1522.9	36000	1357898400	523387	15.11
1/11/2013 11:00	3.9	1940	39600	1357902000	704238	15.11
1/11/2013 12:00	4.5	1542.3	43200	1357905600	510243	15.11
1/11/2013 13:00	5	1532.6	46800	1357909200	516877	15.11
1/11/2013 14:00	5.1	1532.6	50400	1357912800	516855	15.11
1/11/2013 15:00	5.6	1610.2	54000	1357916400	561586	15.11
1/11/2013 16:00	5.3	1600.5	57600	1357920000	557502	15.11
1/11/2013 17:00	5.5	1435.6	61200	1357923600	542199	15.11
1/11/2013 18:00	5.5	1435.6	64800	1357927200	542199	15.11
1/11/2013 19:00	5.5	1338.6	68400	1357930800	492429	15.11
1/11/2013 20:00	6.1	1309.5	72000	1357934400	478604	15.11
1/11/2013 21:00	6.1	1338.6	75600	1357938000	492856	15.11
1/11/2013 22:00	6.1	1319.2	79200	1357941600	483319	15.11
1/11/2013 23:00	5.8	1309.5	82800	1357945200	478388	15.11
1/12/2013 0:00	5.5	1299.8	0	1357948800	473508	15.11
1/12/2013 1:00	5.5	1280.4	3600	1357952400	464259	15.11
1/12/2013 2:00	5.5	1270.7	7200	1357956000	459687	15.11
1/12/2013 3:00	5.5	1280.4	10800	1357959600	464259	15.11
1/12/2013 4:00	5.8	1270.7	14400	1357963200	459885	15.11
1/12/2013 5:00	5.8	1280.4	18000	1357966800	464458	15.11
1/12/2013 6:00	5.8	1435.6	21600	1357970400	542424	15.11
1/12/2013 7:00	5.8	1513.2	25200	1357974000	533896	15.11
1/12/2013 8:00	6.1	1522.9	28800	1357977600	525307	15.11
1/12/2013 9:00	6.9	1251.3	32400	1357981200	451679	15.11
1/12/2013 10:00	7.2	1552	36000	1357984800	507646	15.11
1/12/2013 11:00	8	1610.2	39600	1357988400	564327	15.11
1/12/2013 12:00	9.4	1552	43200	1357992000	513673	15.11
1/12/2013 13:00	10.2	1610.2	46800	1357995600	570042	15.11
1/12/2013 14:00	10.4	1629.6	50400	1357999200	578999	15.11
1/12/2013 15:00	9.9	1610.2	54000	1358002800	568769	15.11
1/12/2013 16:00	8.9	1503.5	57600	1358006400	549627	15.11
1/12/2013 17:00	8	1464.7	61200	1358010000	560729	15.11
1/12/2013 18:00	7.2	1319.2	64800	1358013600	484287	15.11
1/12/2013 19:00	6.6	1222.2	68400	1358017200	438121	15.11
1/12/2013 20:00	6.1	1270.7	72000	1358020800	460095	15.11
1/12/2013 21:00	6.1	1134.9	75600	1358024400	399751	15.11
1/12/2013 22:00	5.8	1105.8	79200	1358028000	387521	15.11
1/12/2013 23:00	5.3	1086.4	82800	1358031600	379370	15.11
1/13/2013 0:00	4.7	1086.4	0	1358035200	379075	15.11
1/13/2013 1:00	4.7	1241.6	3600	1358038800	445709	15.11
1/13/2013 2:00	5	1202.8	7200	1358042400	428370	15.11
1/13/2013 3:00	5.5	1435.6	10800	1358046000	542199	15.11
1/13/2013 4:00	5.5	1231.9	14400	1358049600	441752	15.11
1/13/2013 5:00	5.5	1309.5	18000	1358053200	478185	15.11
1/13/2013 6:00	5.5	1319.2	21600	1358056800	482898	15.11
1/13/2013 7:00	5.5	1358	25200	1358060400	502100	15.11
1/13/2013 8:00	6.1	1474.4	28800	1358064000	579178	15.11
1/13/2013 9:00	6.6	1270.7	32400	1358067600	460478	15.11
1/13/2013 10:00	7.2	1610.2	36000	1358071200	563256	15.11
1/13/2013 11:00	7.7	1668.4	39600	1358074800	587418	15.11
1/13/2013 12:00	7.7	1629.6	43200	1358078400	571643	15.11
1/13/2013 13:00	7.7	1668.4	46800	1358082000	587418	15.11
1/13/2013 14:00	8	1678.1	50400	1358085600	591873	15.11
1/13/2013 15:00	8.3	1678.1	54000	1358089200	592375	15.11
1/13/2013 16:00	8.3	1600.5	57600	1358092800	560957	15.11
1/13/2013 17:00	8.8	1629.6	61200	1358096400	573497	15.11
1/13/2013 18:00	8.8	1503.5	64800	1358100000	549329	15.11
1/13/2013 19:00	8.8	1358	68400	1358103600	506120	15.11
1/13/2013 20:00	8.8	1280.4	72000	1358107200	467833	15.11
1/13/2013 21:00	8.8	1358	75600	1358110800	506120	15.11
1/13/2013 22:00	8.8	1164	79200	1358114400	414792	15.11
1/13/2013 23:00	8.8	1134.9	82800	1358118000	402350	15.11
1/14/2013 0:00	8.8	58.2	0	1358121600	35675	15.11
1/14/2013 1:00	8.8	1280.4	3600	1358125200	467833	15.11
1/14/2013 2:00	8.8	1290.1	7200	1358128800	472491	15.11
1/14/2013 3:00	8.8	1309.5	10800	1358132400	481915	15.11
1/14/2013 4:00	9.1	1299.8	14400	1358136000	477872	15.11
1/14/2013 5:00	9.4	1358	18000	1358139600	507836	15.11
1/14/2013 6:00	8.8	1396.8	21600	1358143200	526146	15.11
1/14/2013 7:00	9.7	1455	25200	1358146800	560819	15.11
1/14/2013 8:00	10.2	1493.8	28800	1358150400	569026	15.11
1/14/2013 9:00	13.2	858.45	32400	1358154000	328604	16.11
1/14/2013 10:00	11.8	2022.45	36000	1358157600	789530	15.11
1/14/2013 11:00	11	2066.1	39600	1358161200	793576	15.11
1/14/2013 12:00	9.9	2197.05	43200	1358164800	851043	15.11
1/14/2013 13:00	8.7	2080.65	46800	1358168400	781253	15.11
1/14/2013 14:00	8.2	2124.3	50400	1358172000	802534	15.11
1/14/2013 15:00	7.9	2095.2	54000	1358175600	786493	15.11
1/14/2013 16:00	7.9	2124.3	57600	1358179200	801740	15.11
1/14/2013 17:00	6.9	2080.65	61200	1358182800	777059	15.11
1/14/2013 19:00	5.5	931.2	68400	1358190000	321898	15.11
1/14/2013 20:00	5	873	72000	1358193600	302541	15.11
1/14/2013 21:00	4.8	887.55	75600	1358197200	307164	15.11
1/14/2013 22:00	4	873	79200	1358200800	302327	15.11
1/14/2013 23:00	4.2	873	82800	1358204400	302364	15.11
1/15/2013 0:00	3.7	873	0	1358208000	302277	15.11
1/15/2013 1:00	3.9	887.55	3600	1358211600	306974	15.11
1/15/2013 2:00	3.9	1804.2	7200	1358215200	641683	15.11
1/15/2013 3:00	3.9	1731.45	10800	1358218800	610104	15.11
1/15/2013 4:00	3.7	1716.9	14400	1358222400	603841	15.11
1/15/2013 5:00	3.7	1760.55	18000	1358226000	622456	15.11
1/15/2013 6:00	3.9	1818.75	21600	1358229600	648160	15.11
1/15/2013 7:00	3.6	1935.15	25200	1358233200	701699	15.11
1/15/2013 8:00	4.2	1935.15	28800	1358236800	702158	15.11
1/15/2013 9:00	3.9	1299.8	32400	1358240400	472593	15.11
1/15/2013 10:00	4.2	1251.3	36000	1358244000	449903	15.11
1/15/2013 11:00	3.9	1270.7	39600	1358247600	458781	15.11
1/15/2013 12:00	3.7	1309.5	43200	1358251200	477166	15.11
1/15/2013 13:00	3	1338.6	46800	1358254800	491060	15.11
1/15/2013 14:00	2.7	1396.8	50400	1358258400	520328	15.11
1/15/2013 15:00	2.9	1435.6	54000	1358262000	540722	15.11
1/15/2013 16:00	2.9	1416.2	57600	1358265600	530501	15.11
1/15/2013 17:00	2.9	1416.2	61200	1358269200	530501	15.11
1/15/2013 18:00	3	1367.7	64800	1358272800	505606	15.11
1/15/2013 19:00	2.1	1367.7	68400	1358276400	505226	15.11
1/15/2013 20:00	2	1280.4	72000	1358280000	462603	15.11
1/15/2013 21:00	1.7	1358	75600	1358283600	500217	15.11
1/15/2013 22:00	1.7	1309.5	79200	1358287200	476389	15.11
1/15/2013 23:00	1.2	1241.6	82800	1358290800	444419	15.11
1/16/2013 0:00	1.4	1202.8	0	1358294400	427048	15.11
1/16/2013 1:00	1.1	1251.3	3600	1358298000	448840	15.11
1/16/2013 2:00	1.4	1212.5	7200	1358301600	431348	15.11
1/16/2013 3:00	1.4	58.2	10800	1358305200	35675	15.11
1/16/2013 4:00	1.2	1493.8	14400	1358308800	554510	15.11
1/16/2013 5:00	1.4	58.2	18000	1358312400	35675	15.11
1/16/2013 6:00	1.4	58.2	21600	1358316000	35675	15.11
1/16/2013 7:00	1.4	58.2	25200	1358319600	35675	15.11
1/16/2013 8:00	1.9	1231.9	28800	1358323200	440170	15.11
1/16/2013 9:00	1.9	1324.05	32400	1358326800	483503	15.11
1/16/2013 10:00	2.5	1018.5	36000	1358330400	352271	15.11
1/16/2013 11:00	2.5	1033.05	39600	1358334000	357727	15.11
1/16/2013 12:00	3	1076.7	43200	1358337600	374682	15.11
1/16/2013 13:00	3.6	1120.35	46800	1358341200	392437	15.11
1/16/2013 14:00	3.9	1120.35	50400	1358344800	392538	15.11
1/16/2013 15:00	3.7	1091.25	54000	1358348400	380651	15.11
1/16/2013 16:00	3.6	1164	57600	1358352000	410766	15.11
1/16/2013 17:00	3.9	1193.1	61200	1358355600	423510	15.11
1/16/2013 18:00	3.9	1033.05	64800	1358359200	358035	15.11
1/16/2013 19:00	3.9	989.4	68400	1358362800	341872	15.11
1/16/2013 20:00	3.9	1324.05	72000	1358366400	484344	15.11
1/16/2013 21:00	4.1	931.2	75600	1358370000	321491	15.11
1/16/2013 22:00	4.1	945.75	79200	1358373600	326478	15.11
1/16/2013 23:00	4.1	945.75	82800	1358377200	326478	15.11
1/17/2013 0:00	4.1	931.2	0	1358380800	321491	15.11
1/17/2013 1:00	4.1	1309.5	3600	1358384400	477371	15.11
1/17/2013 2:00	4.5	1411.35	7200	1358388000	528789	15.11
1/17/2013 3:00	4.5	1353.15	10800	1358391600	499056	15.11
1/17/2013 4:00	4.2	1324.05	14400	1358395200	484500	15.11
1/17/2013 5:00	3.6	931.2	18000	1358398800	321390	15.11
1/17/2013 6:00	3.2	931.2	21600	1358402400	321321	15.11
1/17/2013 7:00	2.4	974.85	25200	1358406000	336370	15.11
1/17/2013 8:00	2.5	931.2	28800	1358409600	321219	15.11
1/17/2013 9:00	2.7	766.3	32400	1358413200	257870	15.11
1/17/2013 10:00	3.4	921.5	36000	1358416800	318078	15.11
1/17/2013 11:00	3.9	970	39600	1358420400	334921	15.11
1/17/2013 12:00	3.1	960.3	43200	1358424000	331343	15.11
1/17/2013 13:00	2.6	989.4	46800	1358427600	341616	15.11
1/17/2013 14:00	2.1	999.1	50400	1358431200	345062	15.11
1/17/2013 15:00	2.1	999.1	54000	1358434800	345062	15.11
1/17/2013 16:00	2.1	999.1	57600	1358438400	345062	15.11
1/17/2013 17:00	1.8	989.4	61200	1358442000	341502	15.11
1/17/2013 18:00	1.8	911.8	64800	1358445600	314631	15.11
1/17/2013 19:00	1.5	834.2	68400	1358449200	290007	15.11
1/17/2013 20:00	1.5	746.9	72000	1358452800	277412	15.11
1/17/2013 21:00	1.3	805.1	75600	1358456400	281355	15.11
1/17/2013 22:00	1.3	795.4	79200	1358460000	246444	15.11
1/17/2013 23:00	1.2	766.3	82800	1358463600	257545	15.11
1/18/2013 0:00	1	776	0	1358467200	251775	15.11
1/18/2013 1:00	0.8	737.2	3600	1358470800	288016	15.11
1/18/2013 2:00	0.3	746.9	7200	1358474400	277269	15.11
1/18/2013 3:00	-0.1	737.2	10800	1358478000	287859	15.11
1/18/2013 4:00	-0.2	746.9	14400	1358481600	277109	15.11
1/18/2013 5:00	-0.5	737.2	18000	1358485200	287811	15.11
1/18/2013 6:00	-1.5	766.3	21600	1358488800	257105	15.11
1/18/2013 7:00	-2.6	785.7	25200	1358492400	247737	15.11
1/18/2013 8:00	-2.9	863.3	28800	1358496000	298733	15.11
1/18/2013 9:00	-2.7	931.2	32400	1358499600	320837	15.11
1/18/2013 10:00	-2.5	945.75	36000	1358503200	325805	15.11
1/18/2013 11:00	-2.4	1018.5	39600	1358506800	351805	15.11
1/18/2013 12:00	-2.6	1091.25	43200	1358510400	379776	15.11
1/18/2013 13:00	-2.5	1033.05	46800	1358514000	357237	15.11
1/18/2013 14:00	-2	1280.4	50400	1358517600	461901	15.11
1/18/2013 15:00	-2.7	1251.3	54000	1358521200	448331	15.11
1/18/2013 16:00	-3.4	1193.1	57600	1358524800	422236	15.11
1/18/2013 17:00	-4.3	1062.15	61200	1358528400	368261	15.11
1/18/2013 18:00	-4.7	1091.25	64800	1358532000	379669	15.11
1/18/2013 19:00	-4.7	974.85	68400	1358535600	335878	15.11
1/18/2013 20:00	-4.6	931.2	72000	1358539200	320770	15.11
1/18/2013 21:00	-4.7	916.65	75600	1358542800	315889	15.11
1/18/2013 22:00	-4.4	902.1	79200	1358546400	311098	15.11
1/18/2013 23:00	-3.9	843.9	82800	1358550000	292709	15.11
1/19/2013 0:00	-3.5	829.35	0	1358553600	288317	15.11
1/19/2013 1:00	-3.6	931.2	3600	1358557200	320802	15.11
1/19/2013 2:00	-3.3	902.1	7200	1358560800	311133	15.11
1/19/2013 3:00	-3.1	902.1	10800	1358564400	311140	15.11
1/19/2013 4:00	-2.2	902.1	14400	1358568000	311175	15.11
1/19/2013 5:00	-1.9	902.1	18000	1358571600	311187	15.11
1/19/2013 6:00	-1.9	902.1	21600	1358575200	311187	15.11
1/19/2013 7:00	-1.5	916.65	25200	1358578800	316009	15.11
1/19/2013 8:00	-0.3	902.1	28800	1358582400	311270	15.11
1/19/2013 9:00	0.6	756.6	32400	1358586000	265527	15.11
1/19/2013 10:00	1.7	902.1	36000	1358589600	311422	15.11
1/19/2013 11:00	2.8	931.2	39600	1358593200	321260	15.11
1/19/2013 12:00	3.6	989.4	43200	1358596800	341803	15.11
1/19/2013 13:00	4.5	979.7	46800	1358600400	338538	15.11
1/19/2013 14:00	5.2	58.2	50400	1358604000	35675	15.11
1/19/2013 15:00	5	58.2	54000	1358607600	35675	15.11
1/19/2013 16:00	4.6	999.1	57600	1358611200	345602	15.11
1/19/2013 17:00	3.7	989.4	61200	1358614800	341825	15.11
1/19/2013 18:00	3.4	911.8	64800	1358618400	314837	15.11
1/19/2013 19:00	3.1	863.3	68400	1358622000	299128	15.11
1/19/2013 20:00	2.9	737.2	72000	1358625600	288455	15.11
1/19/2013 21:00	3.1	843.9	75600	1358629200	293112	15.11
1/19/2013 22:00	2.8	824.5	79200	1358632800	287205	15.11
1/19/2013 23:00	2.7	795.4	82800	1358636400	246744	15.11
1/20/2013 0:00	2.7	776	0	1358640000	252144	15.11
1/20/2013 1:00	2.8	756.6	3600	1358643600	266157	15.11
1/20/2013 2:00	2.5	746.9	7200	1358647200	277649	15.11
1/20/2013 3:00	2.2	727.5	10800	1358650800	275394	15.11
1/20/2013 4:00	1.9	727.5	14400	1358654400	275330	15.11
1/20/2013 5:00	1.9	708.1	18000	1358658000	265041	15.11
1/20/2013 6:00	1.6	746.9	21600	1358661600	277525	15.11
1/20/2013 7:00	1.9	766.3	25200	1358665200	257667	15.11
1/20/2013 8:00	2.8	834.2	28800	1358668800	290124	15.11
1/20/2013 9:00	4.1	858.45	32400	1358672400	297759	15.11
1/20/2013 10:00	5.4	2109.75	36000	1358676000	790233	15.11
1/20/2013 11:00	6.4	2197.05	39600	1358679600	837862	15.11
1/20/2013 12:00	6.5	2298.9	43200	1358683200	777177	15.11
1/20/2013 13:00	5.8	2400.75	46800	1358686800	742070	15.11
1/20/2013 14:00	5.1	2298.9	50400	1358690400	775340	15.11
1/20/2013 15:00	4.4	2400.75	54000	1358694000	740484	15.11
1/20/2013 16:00	2.4	2357.1	57600	1358697600	745339	15.11
1/20/2013 17:00	1.4	2197.05	61200	1358701200	833503	15.11
1/20/2013 18:00	0.5	1455	64800	1358704800	550160	15.11
1/20/2013 19:00	-0.3	902.1	68400	1358708400	311270	15.11
1/20/2013 20:00	-1.1	843.9	72000	1358712000	292805	15.11
1/20/2013 21:00	-1.7	902.1	75600	1358715600	311196	15.11
1/20/2013 22:00	-2	902.1	79200	1358719200	311183	15.11
1/20/2013 23:00	-2.2	887.55	82800	1358722800	306452	15.11
1/21/2013 0:00	-2.5	873	0	1358726400	301798	15.11
1/21/2013 1:00	-3	887.55	3600	1358730000	306422	15.11
1/21/2013 2:00	-3.3	2124.3	7200	1358733600	793469	15.11
1/21/2013 3:00	-3.8	2022.45	10800	1358737200	741697	15.11
1/21/2013 4:00	-3.8	1891.5	14400	1358740800	679057	15.11
1/21/2013 5:00	-3.7	1891.5	18000	1358744400	679068	15.11
1/21/2013 6:00	-3.9	1906.05	21600	1358748000	685794	15.11
1/21/2013 7:00	-4	2022.45	25200	1358751600	741671	15.11
1/21/2013 8:00	-3.7	2022.45	28800	1358755200	741710	15.11
1/21/2013 9:00	-3	776	32400	1358758800	251307	15.11
1/21/2013 10:00	-2.3	863.3	36000	1358762400	298754	15.11
1/21/2013 11:00	-2	1222.2	39600	1358766000	435209	15.11
1/21/2013 12:00	-1.6	999.1	43200	1358769600	344722	15.11
1/21/2013 13:00	-0.7	999.1	46800	1358773200	344781	15.11
1/21/2013 14:00	-0.3	1290.1	50400	1358776800	466696	15.11
1/21/2013 16:00	1.4	1251.3	57600	1358784000	448904	15.11
1/21/2013 17:00	0.9	1222.2	61200	1358787600	435587	15.11
1/21/2013 18:00	0.2	989.4	64800	1358791200	341337	15.11
1/21/2013 19:00	-0.3	950.6	68400	1358794800	327597	15.11
1/21/2013 20:00	-2.2	766.3	72000	1358798400	257102	15.11
1/21/2013 21:00	-3.3	873	75600	1358802000	301771	15.11
1/21/2013 22:00	-4.1	824.5	79200	1358805600	286851	15.11
1/21/2013 23:00	-4.8	795.4	82800	1358809200	245760	15.11
1/22/2013 0:00	-5.3	795.4	0	1358812800	245724	15.11
1/22/2013 1:00	-6.9	756.6	3600	1358816400	265136	15.11
1/22/2013 2:00	-7.8	756.6	7200	1358820000	264965	15.11
1/22/2013 3:00	-8.7	756.6	10800	1358823600	264965	15.11
1/22/2013 4:00	-9	756.6	14400	1358827200	264903	15.11
1/22/2013 5:00	-9.3	737.2	18000	1358830800	287346	15.11
1/22/2013 6:00	-9.7	756.6	21600	1358834400	264911	15.11
1/22/2013 7:00	-10.4	756.6	25200	1358838000	264895	15.11
1/22/2013 8:00	-10.3	931.2	28800	1358841600	320650	15.11
1/22/2013 9:00	-9.9	873	32400	1358845200	301633	15.11
1/22/2013 10:00	-10	2066.1	36000	1358848800	762993	15.11
1/22/2013 11:00	-9.2	2240.7	39600	1358852400	829671	15.11
1/22/2013 12:00	-9.2	2298.9	43200	1358856000	770049	15.11
1/22/2013 13:00	-8.7	2328	46800	1358859600	753009	15.11
1/22/2013 14:00	-8.3	2298.9	50400	1358863200	770114	15.11
1/22/2013 15:00	-8.3	2328	54000	1358866800	752966	15.11
1/22/2013 16:00	-9.2	2255.25	57600	1358870400	810716	15.11
1/22/2013 17:00	-9.5	2240.7	61200	1358874000	829650	15.11
1/22/2013 18:00	-9.8	1440.45	64800	1358877600	541263	15.11
1/22/2013 19:00	-10.2	858.45	68400	1358881200	297072	15.11
1/22/2013 20:00	-10.2	887.55	72000	1358884800	306266	15.11
1/22/2013 21:00	-10.2	887.55	75600	1358888400	306266	15.11
1/22/2013 22:00	-11	858.45	79200	1358892000	295008	15.11
1/22/2013 23:00	-11.3	858.45	82800	1358895600	295008	15.11
1/23/2013 0:00	-11.7	858.45	0	1358899200	295008	15.11
1/23/2013 1:00	-11.2	931.2	3600	1358902800	320638	15.11
1/23/2013 2:00	-11.2	1993.35	7200	1358906400	726860	15.11
1/23/2013 3:00	-11.7	1847.85	10800	1358910000	658667	15.11
1/23/2013 4:00	-12	1775.1	14400	1358913600	626555	15.11
1/23/2013 5:00	-11.9	1847.85	18000	1358917200	658660	15.11
1/23/2013 6:00	-11.9	1978.8	21600	1358920800	719776	15.11
1/23/2013 7:00	-11.5	2037	25200	1358924400	748332	15.11
1/23/2013 8:00	-10.3	1978.8	28800	1358928000	719845	15.11
1/23/2013 9:00	-10.1	805.1	32400	1358931600	279049	15.11
1/23/2013 10:00	-9.3	999.1	36000	1358935200	344465	15.11
1/23/2013 11:00	-9	58.2	39600	1358938800	35675	15.11
1/23/2013 12:00	-8.6	989.4	43200	1358942400	340973	15.11
1/23/2013 13:00	-7.8	1231.9	46800	1358946000	439228	15.11
1/23/2013 14:00	-8.2	1270.7	50400	1358949600	456978	15.11
1/23/2013 15:00	-7.4	1299.8	54000	1358953200	470704	15.11
1/23/2013 16:00	-7.7	1299.8	57600	1358956800	470691	15.11
1/23/2013 17:00	-7.6	1241.6	61200	1358960400	443624	15.11
1/23/2013 18:00	-7.8	1202.8	64800	1358964000	426275	15.11
1/23/2013 19:00	-7.8	1154.3	68400	1358967600	405392	15.11
1/23/2013 20:00	-8	795.4	72000	1358971200	245617	15.11
1/23/2013 21:00	-7.6	911.8	75600	1358974800	314213	15.11
1/23/2013 22:00	-7.9	882.7	79200	1358978400	304747	15.11
1/23/2013 23:00	-8.2	843.9	82800	1358982000	292621	15.11
1/24/2013 0:00	-8.1	834.2	0	1358985600	289681	15.11
1/24/2013 1:00	-8.2	785.7	3600	1358989200	247480	15.11
1/24/2013 2:00	-8.2	776	7200	1358992800	251073	15.11
1/24/2013 3:00	-8.2	785.7	10800	1358996400	247480	15.11
1/24/2013 4:00	-8.9	776	14400	1359000000	251053	15.11
1/24/2013 5:00	-9.3	766.3	18000	1359003600	256774	15.11
1/24/2013 6:00	-9.6	785.7	21600	1359007200	247440	15.11
1/24/2013 7:00	-10.2	843.9	25200	1359010800	292595	15.11
1/24/2013 8:00	-9	940.9	28800	1359014400	323965	15.11
1/24/2013 9:00	-8.2	858.45	32400	1359018000	297100	15.11
1/24/2013 10:00	-7.4	2298.9	36000	1359021600	770142	15.11
1/24/2013 11:00	-7.7	2415.3	39600	1359025200	735748	15.11
1/24/2013 12:00	-7	2502.6	43200	1359028800	754989	15.11
1/24/2013 13:00	-6.9	2458.95	46800	1359032400	741601	15.11
1/24/2013 14:00	-6.9	2502.6	50400	1359036000	755013	15.11
1/24/2013 15:00	-7.2	2531.7	54000	1359039600	767631	15.11
1/24/2013 16:00	-7.5	2502.6	57600	1359043200	754926	15.11
1/24/2013 17:00	-7.9	2357.1	61200	1359046800	742292	15.11
1/24/2013 18:00	-8.5	1513.2	64800	1359050400	529895	15.11
1/24/2013 19:00	-8.9	858.45	68400	1359054000	297090	15.11
1/24/2013 20:00	-9.6	858.45	72000	1359057600	297080	15.11
1/24/2013 21:00	-10.1	902.1	75600	1359061200	310983	15.11
1/24/2013 22:00	-10.6	843.9	79200	1359064800	290551	15.11
1/24/2013 23:00	-11	829.35	82800	1359068400	286172	15.11
1/25/2013 0:00	-11.4	829.35	0	1359072000	286172	15.11
1/25/2013 1:00	-11.4	858.45	3600	1359075600	295008	15.11
1/25/2013 2:00	-11.6	2095.2	7200	1359079200	777713	15.11
1/25/2013 3:00	-11.4	1935.15	10800	1359082800	698947	15.11
1/25/2013 4:00	-11.1	1847.85	14400	1359086400	658688	15.11
1/25/2013 5:00	-10.8	1847.85	18000	1359090000	658699	15.11
1/25/2013 6:00	-10.2	1935.15	21600	1359093600	698998	15.11
1/25/2013 7:00	-9.6	2095.2	25200	1359097200	777818	15.11
1/25/2013 8:00	-9.2	2051.55	28800	1359100800	755717	15.11
1/25/2013 9:00	-9.5	814.8	32400	1359104400	281872	15.11
1/25/2013 10:00	-8.9	58.2	36000	1359108000	35675	15.11
1/25/2013 11:00	-9.1	1261	39600	1359111600	452453	15.11
1/25/2013 12:00	-8.6	1222.2	43200	1359115200	434848	15.11
1/25/2013 13:00	-8.3	1008.8	46800	1359118800	348026	15.11
1/25/2013 14:00	-7.9	1299.8	50400	1359122400	470683	15.11
1/25/2013 15:00	-7.8	1280.4	54000	1359126000	461522	15.11
1/25/2013 16:00	-7.6	1241.6	57600	1359129600	443624	15.11
1/25/2013 17:00	-7.6	1183.4	61200	1359133200	417823	15.11
1/25/2013 18:00	-9.1	999.1	64800	1359136800	344468	15.11
1/25/2013 19:00	-8.6	960.3	68400	1359140400	330666	15.11
1/25/2013 20:00	-7.7	805.1	72000	1359144000	281072	15.11
1/25/2013 21:00	-7.7	911.8	75600	1359147600	314211	15.11
1/25/2013 22:00	-7.1	911.8	79200	1359151200	314223	15.11
1/25/2013 23:00	-7.1	882.7	82800	1359154800	304761	15.11
1/26/2013 0:00	-6.7	892.4	0	1359158400	307888	15.11
1/26/2013 1:00	-6.2	805.1	3600	1359162000	281096	15.11
1/26/2013 2:00	-6.2	795.4	7200	1359165600	245681	15.11
1/26/2013 3:00	-6.7	795.4	10800	1359169200	245668	15.11
1/26/2013 4:00	-6.7	785.7	14400	1359172800	247532	15.11
1/26/2013 5:00	-6.7	776	18000	1359176400	251131	15.11
1/26/2013 6:00	-6.7	795.4	21600	1359180000	245668	15.11
1/26/2013 7:00	-6.7	882.7	25200	1359183600	304769	15.11
1/26/2013 8:00	-5.8	931.2	28800	1359187200	320737	15.11
1/26/2013 9:00	-4.8	814.8	32400	1359190800	283962	15.11
1/26/2013 10:00	-4.2	2022.45	36000	1359194400	741647	15.11
1/26/2013 11:00	-3.4	2167.95	39600	1359198000	816409	15.11
1/26/2013 12:00	-2.1	2153.4	43200	1359201600	808952	15.11
1/26/2013 13:00	-2.8	2066.1	46800	1359205200	763684	15.11
1/26/2013 14:00	-2.1	1949.7	50400	1359208800	706600	15.11
1/26/2013 15:00	-2.5	1920.6	54000	1359212400	692770	15.11
1/26/2013 16:00	-3	1949.7	57600	1359216000	706467	15.11
1/26/2013 17:00	-2.8	1629.6	61200	1359219600	566750	15.11
1/26/2013 18:00	-3.4	800.25	64800	1359223200	279752	15.11
1/26/2013 19:00	-3.7	669.3	68400	1359226800	244856	15.11
1/26/2013 20:00	-4.2	829.35	72000	1359230400	288298	15.11
1/26/2013 21:00	-3.9	683.85	75600	1359234000	252073	15.11
1/26/2013 22:00	-4.6	727.5	79200	1359237600	274671	15.11
1/26/2013 23:00	-4.2	712.95	82800	1359241200	266988	15.11
1/27/2013 0:00	-5	712.95	0	1359244800	266953	15.11
1/27/2013 1:00	-5.9	829.35	3600	1359248400	288261	15.11
1/27/2013 2:00	-5.3	1891.5	7200	1359252000	678915	15.11
1/27/2013 3:00	-5	1789.65	10800	1359255600	633209	15.11
1/27/2013 4:00	-5	1789.65	14400	1359259200	633209	15.11
1/27/2013 5:00	-5.5	1818.75	18000	1359262800	645972	15.11
1/27/2013 6:00	-5.5	1906.05	21600	1359266400	685643	15.11
1/27/2013 7:00	-5.7	1935.15	25200	1359270000	699274	15.11
1/27/2013 8:00	-4.7	1949.7	28800	1359273600	706269	15.11
1/27/2013 9:00	-2.1	892.4	32400	1359277200	308022	15.11
1/27/2013 10:00	-1.6	766.3	36000	1359280800	257105	15.11
1/27/2013 11:00	-0.7	776	39600	1359284400	251531	15.11
1/27/2013 12:00	-0.4	795.4	43200	1359288000	246140	15.11
1/27/2013 13:00	0.3	805.1	46800	1359291600	281296	15.11
1/27/2013 14:00	0.5	834.2	50400	1359295200	289940	15.11
1/27/2013 15:00	0	834.2	54000	1359298800	289912	15.11
1/27/2013 16:00	-0.9	824.5	57600	1359302400	286957	15.11
1/27/2013 17:00	-1.2	824.5	61200	1359306000	286944	15.11
1/27/2013 18:00	-2.3	805.1	64800	1359309600	281190	15.11
1/27/2013 19:00	-2.9	756.6	68400	1359313200	265194	15.11
1/27/2013 20:00	-2.7	873	72000	1359316800	301791	15.11
1/27/2013 21:00	-3.1	756.6	75600	1359320400	265243	15.11
1/27/2013 22:00	-3.1	737.2	79200	1359324000	287567	15.11
1/27/2013 23:00	-2.2	737.2	82800	1359327600	287609	15.11
1/28/2013 0:00	-2.4	727.5	0	1359331200	274798	15.11
1/28/2013 1:00	-2.6	805.1	3600	1359334800	281180	15.11
1/28/2013 2:00	-2	805.1	7200	1359338400	281199	15.11
1/28/2013 3:00	-1.5	785.7	10800	1359342000	247842	15.11
1/28/2013 4:00	-1.5	776	14400	1359345600	251441	15.11
1/28/2013 5:00	-1.3	688.7	18000	1359349200	254669	15.11
1/28/2013 6:00	-1.1	708.1	21600	1359352800	264653	15.11
1/28/2013 7:00	-0.8	717.8	25200	1359356400	269771	15.11
1/28/2013 8:00	-0.4	717.8	28800	1359360000	269812	15.11
1/28/2013 9:00	0.1	712.95	32400	1359363600	267312	15.11
1/28/2013 10:00	0.3	989.4	36000	1359367200	341345	15.11
1/28/2013 11:00	0.6	1222.2	39600	1359370800	435534	15.11
1/28/2013 12:00	1.5	1338.6	43200	1359374400	490520	15.11
1/28/2013 13:00	2	1382.25	46800	1359378000	512570	15.11
1/28/2013 14:00	2.6	1411.35	50400	1359381600	527831	15.11
1/28/2013 15:00	3.4	1382.25	54000	1359385200	513187	15.11
1/28/2013 16:00	4	1338.6	57600	1359388800	491551	15.11
1/28/2013 17:00	3.8	1251.3	61200	1359392400	449698	15.11
1/28/2013 18:00	3.4	800.25	64800	1359396000	280129	15.11
1/28/2013 19:00	3.4	727.5	68400	1359399600	275671	15.11
1/28/2013 20:00	2.7	712.95	72000	1359403200	267759	15.11
1/28/2013 21:00	3.4	727.5	75600	1359406800	275671	15.11
1/28/2013 22:00	3.4	727.5	79200	1359410400	275671	15.11
1/28/2013 23:00	4.5	727.5	82800	1359414000	275968	15.11
1/29/2013 0:00	4.2	727.5	0	1359417600	275882	15.11
1/29/2013 1:00	3.1	712.95	3600	1359421200	267852	15.11
1/29/2013 2:00	3.4	1280.4	7200	1359424800	463105	15.11
1/29/2013 3:00	4.1	1003.95	10800	1359428400	347232	15.11
1/29/2013 4:00	3	1294.95	14400	1359432000	469846	15.11
1/29/2013 5:00	2.5	1265.85	18000	1359435600	455935	15.11
1/29/2013 6:00	2.8	1324.05	21600	1359439200	483822	15.11
1/29/2013 7:00	5.8	916.65	25200	1359442800	317090	15.11
1/29/2013 8:00	6.6	1484.1	28800	1359446400	573158	15.11
1/29/2013 9:00	7.5	746.9	32400	1359450000	279575	15.11
1/29/2013 10:00	11.2	746.9	36000	1359453600	290579	15.11
1/29/2013 11:00	11.5	766.3	39600	1359457200	274083	15.11
1/29/2013 12:00	12.2	795.4	43200	1359460800	273200	15.11
1/29/2013 13:00	12.2	795.4	46800	1359464400	273200	15.11
1/29/2013 14:00	12.7	776	50400	1359468000	286286	15.11
1/29/2013 15:00	13.2	785.7	54000	1359471600	299578	15.11
1/29/2013 16:00	12.5	785.7	57600	1359475200	279504	15.11
1/29/2013 17:00	11.7	785.7	61200	1359478800	267746	15.11
1/29/2013 18:00	10.7	785.7	64800	1359482400	258870	15.11
1/29/2013 19:00	10.5	756.6	68400	1359486000	274603	15.11
1/29/2013 20:00	9.4	737.2	72000	1359489600	292761	15.11
1/29/2013 21:00	9.1	766.3	75600	1359493200	261805	15.11
1/29/2013 22:00	7.7	746.9	79200	1359496800	279689	15.11
1/29/2013 23:00	6.9	746.9	82800	1359500400	279116	15.11
1/30/2013 0:00	6.4	746.9	0	1359504000	278895	15.11
1/30/2013 1:00	6.4	717.8	3600	1359507600	271475	15.11
1/30/2013 2:00	5.5	698.4	7200	1359511200	260941	15.11
1/30/2013 3:00	5.3	698.4	10800	1359514800	260873	15.11
1/30/2013 4:00	5	708.1	14400	1359518400	265822	15.11
1/30/2013 5:00	4.7	717.8	18000	1359522000	270844	15.11
1/30/2013 6:00	5	708.1	21600	1359525600	265822	15.11
1/30/2013 7:00	6.1	717.8	25200	1359529200	271342	15.11
1/30/2013 8:00	10.2	717.8	28800	1359532800	276608	15.11
1/30/2013 9:00	15.8	742.05	32400	1359536400	351084	15.11
1/30/2013 10:00	16.4	727.5	36000	1359540000	348376	16.11
1/30/2013 11:00	17	727.5	39600	1359543600	343865	20.11
1/30/2013 12:00	17	771.15	43200	1359547200	372844	20.11
1/30/2013 13:00	17.2	785.7	46800	1359550800	384907	20.11
1/30/2013 14:00	17.4	785.7	50400	1359554400	395621	17.11
1/30/2013 15:00	17.4	785.7	54000	1359558000	395621	17.11
1/30/2013 16:00	14.1	800.25	57600	1359561600	323757	17.11
1/30/2013 17:00	13.8	800.25	61200	1359565200	317092	16.11
1/30/2013 18:00	13.2	742.05	64800	1359568800	317677	16.11
1/30/2013 19:00	14	742.05	68400	1359572400	324974	17.11
1/30/2013 20:00	13.5	727.5	72000	1359576000	311239	17.11
1/30/2013 21:00	13	727.5	75600	1359579600	306131	16.11
1/30/2013 22:00	13	742.05	79200	1359583200	315007	16.11
1/30/2013 23:00	12.4	727.5	82800	1359586800	300072	16.11
1/31/2013 0:00	13.5	742.05	0	1359590400	320116	17.11
1/31/2013 1:00	16	712.95	3600	1359594000	325708	19.11
1/31/2013 2:00	14.3	727.5	7200	1359597600	319696	17.11
1/31/2013 3:00	12	756.6	10800	1359601200	288032	15.11
1/31/2013 4:00	7.4	756.6	14400	1359604800	267962	15.11
1/31/2013 5:00	5	756.6	18000	1359608400	266768	15.11
1/31/2013 6:00	3.9	756.6	21600	1359612000	266250	15.11
1/31/2013 7:00	1.7	756.6	25200	1359615600	265803	15.11
1/31/2013 8:00	1.3	712.95	28800	1359619200	267478	15.11
1/31/2013 9:00	1.5	746.9	32400	1359622800	277412	15.11
1/31/2013 10:00	1.7	940.9	36000	1359626400	324431	15.11
1/31/2013 11:00	1.8	921.5	39600	1359630000	317866	15.11
1/31/2013 12:00	1.3	940.9	43200	1359633600	324390	15.11
1/31/2013 13:00	1.2	931.2	46800	1359637200	321076	15.11
1/31/2013 14:00	1.2	1008.8	50400	1359640800	348501	15.11
1/31/2013 15:00	-0.6	1008.8	54000	1359644400	348336	15.11
1/31/2013 16:00	-1.3	999.1	57600	1359648000	344741	15.11
1/31/2013 17:00	-1.7	911.8	61200	1359651600	314389	15.11
1/31/2013 18:00	-2	853.6	64800	1359655200	295750	15.11
1/31/2013 19:00	-3.2	834.2	68400	1359658800	289784	15.11
1/31/2013 20:00	-4.1	737.2	72000	1359662400	287525	15.11
1/31/2013 21:00	-4.2	824.5	75600	1359666000	286849	15.11
1/31/2013 22:00	-4.6	814.8	79200	1359669600	283966	15.11
1/31/2013 23:00	-4.1	834.2	82800	1359673200	289760	15.11
2/1/2013 0:00	-4.5	834.2	0	1359676800	289750	15.11
2/1/2013 1:00	-4.7	727.5	3600	1359680400	274667	15.11
2/1/2013 2:00	-4	717.8	7200	1359684000	269548	15.11
2/1/2013 3:00	-3.8	746.9	10800	1359687600	276848	15.11
2/1/2013 4:00	-3.4	727.5	14400	1359691200	274734	15.11
2/1/2013 5:00	-2.8	746.9	18000	1359694800	277054	15.11
2/1/2013 6:00	-2.6	717.8	21600	1359698400	269628	15.11
2/1/2013 7:00	-3.7	727.5	25200	1359702000	274717	15.11
2/1/2013 8:00	-4.1	805.1	28800	1359705600	281140	15.11
2/1/2013 9:00	-5.5	727.5	32400	1359709200	274633	15.11
2/1/2013 10:00	-5.8	683.85	36000	1359712800	252001	15.11
2/1/2013 11:00	-5.8	698.4	39600	1359716400	259382	15.11
2/1/2013 12:00	-5.3	698.4	43200	1359720000	259400	15.11
2/1/2013 13:00	-5.5	712.95	46800	1359723600	266933	15.11
2/1/2013 14:00	-5.2	712.95	50400	1359727200	266944	15.11
2/1/2013 15:00	-6.1	712.95	54000	1359730800	266911	15.11
2/1/2013 16:00	-6.9	727.5	57600	1359734400	274582	15.11
2/1/2013 17:00	-7.3	727.5	61200	1359738000	274570	15.11
2/1/2013 18:00	-7.7	727.5	64800	1359741600	274558	15.11
2/1/2013 19:00	-8.1	712.95	68400	1359745200	266852	15.11
2/1/2013 20:00	-8	712.95	72000	1359748800	266855	15.11
2/1/2013 21:00	-8.4	698.4	75600	1359752400	259309	15.11
2/1/2013 22:00	-8.8	698.4	79200	1359756000	259300	15.11
2/1/2013 23:00	-8.8	712.95	82800	1359759600	266835	15.11
2/2/2013 0:00	-9	712.95	0	1359763200	266831	15.11
2/2/2013 1:00	-9	712.95	3600	1359766800	266831	15.11
2/2/2013 2:00	-9.7	712.95	7200	1359770400	266815	15.11
2/2/2013 3:00	-9.9	712.95	10800	1359774000	266811	15.11
2/2/2013 4:00	-9.9	712.95	14400	1359777600	266811	15.11
2/2/2013 5:00	-9.9	742.05	18000	1359781200	284201	15.11
2/2/2013 6:00	-9.9	727.5	21600	1359784800	274504	15.11
2/2/2013 7:00	-8.9	727.5	25200	1359788400	274527	15.11
2/2/2013 8:00	-8.3	654.75	28800	1359792000	237658	15.11
2/2/2013 9:00	-7.6	843.9	32400	1359795600	292631	15.11
2/2/2013 10:00	-6.9	1299.8	36000	1359799200	470727	15.11
2/2/2013 11:00	-6.2	1396.8	39600	1359802800	518722	15.11
2/2/2013 12:00	-5.5	1367.7	43200	1359806400	504007	15.11
2/2/2013 13:00	-4.9	1474.4	46800	1359810000	575431	15.11
2/2/2013 14:00	-4.7	1435.6	50400	1359813600	539012	15.11
2/2/2013 15:00	-4.5	1367.7	54000	1359817200	504080	15.11
2/2/2013 16:00	-4.5	1183.4	57600	1359820800	417955	15.11
2/2/2013 17:00	-4	1008.8	61200	1359824400	348152	15.11
2/2/2013 18:00	-3.8	999.1	64800	1359828000	344616	15.11
2/2/2013 19:00	-3.7	940.9	68400	1359831600	324096	15.11
2/2/2013 20:00	-3.7	853.6	72000	1359835200	295694	15.11
2/2/2013 21:00	-3.7	863.3	75600	1359838800	298708	15.11
2/2/2013 22:00	-3.3	873	79200	1359842400	301771	15.11
2/2/2013 23:00	-3.1	853.6	82800	1359846000	295712	15.11
2/3/2013 0:00	-3.5	853.6	0	1359849600	295699	15.11
2/3/2013 1:00	-4.6	853.6	3600	1359853200	295670	15.11
2/3/2013 2:00	-4.8	843.9	7200	1359856800	292686	15.11
2/3/2013 3:00	-5.3	873	10800	1359860400	301716	15.11
2/3/2013 4:00	-6.1	882.7	14400	1359864000	304781	15.11
2/3/2013 5:00	-6.4	921.5	18000	1359867600	317462	15.11
2/3/2013 6:00	-6.4	989.4	21600	1359871200	341023	15.11
2/3/2013 7:00	-6.2	989.4	25200	1359874800	341029	15.11
2/3/2013 8:00	-3.3	1008.8	28800	1359878400	348181	15.11
2/3/2013 9:00	-3.3	698.4	32400	1359882000	259488	15.11
2/3/2013 10:00	-2.6	1425.9	36000	1359885600	534135	15.11
2/3/2013 11:00	-2.4	1455	39600	1359889200	549579	15.11
2/3/2013 12:00	-2.1	1455	43200	1359892800	549623	15.11
2/3/2013 13:00	-0.9	1455	46800	1359896400	549831	15.11
2/3/2013 14:00	-1.2	1455	50400	1359900000	549773	15.11
2/3/2013 15:00	-0.5	1440.45	54000	1359903600	542154	15.11
2/3/2013 16:00	-1.2	1440.45	57600	1359907200	542019	15.11
2/3/2013 17:00	-1.3	1658.7	61200	1359910800	578551	15.11
2/3/2013 18:00	-1.7	858.45	64800	1359914400	297265	15.11
2/3/2013 19:00	-1.9	727.5	68400	1359918000	274836	15.11
2/3/2013 20:00	-1.3	712.95	72000	1359921600	267172	15.11
2/3/2013 21:00	-1.2	742.05	75600	1359925200	284768	15.11
2/3/2013 22:00	-2.1	742.05	79200	1359928800	284543	15.11
2/3/2013 23:00	-3.5	756.6	82800	1359932400	265168	15.11
2/4/2013 0:00	-3.7	756.6	0	1359936000	265200	15.11
2/4/2013 1:00	-4.8	683.85	3600	1359939600	252036	15.11
2/4/2013 2:00	-5.5	1396.8	7200	1359943200	518769	15.11
2/4/2013 3:00	-6.2	1062.15	10800	1359946800	368192	15.11
2/4/2013 4:00	-6.4	1149.45	14400	1359950400	403400	15.11
2/4/2013 5:00	-6.7	1193.1	18000	1359954000	422068	15.11
2/4/2013 6:00	-6.9	1265.85	21600	1359957600	454779	15.11
2/4/2013 7:00	-6.2	1280.4	25200	1359961200	461594	15.11
2/4/2013 8:00	-5.3	1411.35	28800	1359964800	526284	15.11
2/4/2013 9:00	-4.9	737.2	32400	1359968400	287478	15.11
2/4/2013 10:00	-4.4	766.3	36000	1359972000	256822	15.11
2/4/2013 11:00	-3.7	805.1	39600	1359975600	281150	15.11
2/4/2013 12:00	-3	863.3	43200	1359979200	298730	15.11
2/4/2013 13:00	-2.7	873	46800	1359982800	301791	15.11
2/4/2013 14:00	-2.5	921.5	50400	1359986400	317582	15.11
2/4/2013 15:00	-2.5	902.1	54000	1359990000	311163	15.11
2/4/2013 16:00	-2.3	892.4	57600	1359993600	308014	15.11
2/4/2013 17:00	-2.5	824.5	61200	1359997200	286897	15.11
2/4/2013 18:00	-3	776	64800	1360000800	251307	15.11
2/4/2013 19:00	-3.2	756.6	68400	1360004400	265351	15.11
2/4/2013 20:00	-3.2	727.5	72000	1360008000	274746	15.11
2/4/2013 21:00	-2.7	698.4	75600	1360011600	259521	15.11
2/4/2013 22:00	-2.4	698.4	79200	1360015200	259539	15.11
2/4/2013 23:00	-2.2	669.3	82800	1360018800	244930	15.11
2/5/2013 0:00	-2.1	679	0	1360022400	249739	15.11
2/5/2013 1:00	-2.6	708.1	3600	1360026000	264542	15.11
2/5/2013 2:00	-2.1	708.1	7200	1360029600	264575	15.11
2/5/2013 3:00	-2.4	688.7	10800	1360033200	254595	15.11
2/5/2013 4:00	-1.3	688.7	14400	1360036800	254669	15.11
2/5/2013 5:00	-1.2	688.7	18000	1360040400	254677	15.11
2/5/2013 6:00	-1.4	698.4	21600	1360044000	259609	15.11
2/5/2013 7:00	-1	698.4	25200	1360047600	259642	15.11
2/5/2013 8:00	-1	795.4	28800	1360051200	246073	15.11
2/5/2013 9:00	-0.7	873	32400	1360054800	301876	15.11
2/5/2013 10:00	-0.3	2037	36000	1360058400	749595	15.11
2/5/2013 11:00	-0.2	2037	39600	1360062000	749623	15.11
2/5/2013 12:00	0.1	1978.8	43200	1360065600	721062	15.11
2/5/2013 13:00	0.1	2066.1	46800	1360069200	764355	15.11
2/5/2013 14:00	0.2	2037	50400	1360072800	749741	15.11
2/5/2013 15:00	0.1	2037	54000	1360076400	749711	15.11
2/5/2013 16:00	0.1	2051.55	57600	1360080000	757006	15.11
2/5/2013 17:00	0	1876.95	61200	1360083600	672959	15.11
2/5/2013 18:00	-0.3	1382.25	64800	1360087200	511957	15.11
2/5/2013 19:00	-0.4	1280.4	68400	1360090800	462103	15.11
2/5/2013 20:00	-0.1	887.55	72000	1360094400	306555	15.11
2/5/2013 21:00	-0.8	887.55	75600	1360098000	306516	15.11
2/5/2013 22:00	-0.2	902.1	79200	1360101600	311276	15.11
2/5/2013 23:00	0	887.55	82800	1360105200	306562	15.11
2/6/2013 0:00	-0.2	887.55	0	1360108800	306549	15.11
2/6/2013 1:00	-0.4	887.55	3600	1360112400	306538	15.11
2/6/2013 2:00	-1.7	1935.15	7200	1360116000	699754	15.11
2/6/2013 3:00	-2	1775.1	10800	1360119600	627179	15.11
2/6/2013 4:00	-0.9	1760.55	14400	1360123200	621058	15.11
2/6/2013 5:00	-0.6	1804.2	18000	1360126800	640103	15.11
2/6/2013 6:00	-0.4	1876.95	21600	1360130400	672870	15.11
2/6/2013 7:00	0.7	1964.25	25200	1360134000	714210	15.11
2/6/2013 8:00	1.3	1993.35	28800	1360137600	728546	15.11
2/6/2013 9:00	1.1	58.2	32400	1360141200	35675	15.11
2/6/2013 10:00	1.2	58.2	36000	1360144800	35675	15.11
2/6/2013 11:00	0.7	1290.1	39600	1360148400	466875	15.11
2/6/2013 12:00	1.5	1319.2	43200	1360152000	481027	15.11
2/6/2013 13:00	2	1328.9	46800	1360155600	485905	15.11
2/6/2013 14:00	2.2	1299.8	50400	1360159200	471878	15.11
2/6/2013 15:00	1.7	1338.6	54000	1360162800	490578	15.11
2/6/2013 16:00	1	58.2	57600	1360166400	35675	15.11
2/6/2013 17:00	0.1	1319.2	61200	1360170000	480713	15.11
2/6/2013 18:00	-0.3	1348.3	64800	1360173600	494908	15.11
2/6/2013 19:00	-0.8	1328.9	68400	1360177200	485281	15.11
2/6/2013 20:00	-1.5	1193.1	72000	1360180800	422387	15.11
2/6/2013 21:00	-1.5	1299.8	75600	1360184400	471140	15.11
2/6/2013 22:00	-2.9	1299.8	79200	1360188000	470992	15.11
2/6/2013 23:00	-3.8	58.2	82800	1360191600	35675	15.11
2/7/2013 0:00	-4.9	58.2	0	1360195200	35675	15.11
2/7/2013 1:00	-4.7	1183.4	3600	1360198800	417944	15.11
2/7/2013 2:00	-4.6	1193.1	7200	1360202400	422164	15.11
2/7/2013 3:00	-4.4	1173.7	10800	1360206000	413781	15.11
2/7/2013 4:00	-4.2	58.2	14400	1360209600	35675	15.11
2/7/2013 5:00	-4.2	58.2	18000	1360213200	35675	15.11
2/7/2013 6:00	-3.3	58.2	21600	1360216800	35675	15.11
2/7/2013 7:00	-2	1416.2	25200	1360220400	529147	15.11
2/7/2013 8:00	-1.5	1231.9	28800	1360224000	439619	15.11
2/7/2013 9:00	-1.5	771.15	32400	1360227600	254003	15.11
2/7/2013 10:00	-1.7	1876.95	36000	1360231200	672633	15.11
2/7/2013 11:00	-1.3	1935.15	39600	1360234800	699826	15.11
2/7/2013 12:00	-1.2	1935.15	43200	1360238400	699845	15.11
2/7/2013 13:00	-0.7	1949.7	46800	1360242000	706864	15.11
2/7/2013 14:00	-0.8	1993.35	50400	1360245600	727914	15.11
2/7/2013 15:00	-0.3	1978.8	54000	1360249200	720956	15.11
2/7/2013 16:00	-0.3	1920.6	57600	1360252800	693171	15.11
2/7/2013 17:00	0	1862.4	61200	1360256400	666304	15.11
2/7/2013 18:00	0.3	800.25	64800	1360260000	279888	15.11
2/7/2013 19:00	0.5	800.25	68400	1360263600	279899	15.11
2/7/2013 20:00	0.5	785.7	72000	1360267200	248110	15.11
2/7/2013 21:00	-0.1	814.8	75600	1360270800	284117	15.11
2/7/2013 22:00	-0.7	814.8	79200	1360274400	284089	15.11
2/7/2013 23:00	-0.8	800.25	82800	1360278000	279837	15.11
2/8/2013 0:00	-0.8	800.25	0	1360281600	279837	15.11
2/8/2013 1:00	-0.8	771.15	3600	1360285200	254092	15.11
2/8/2013 2:00	-0.1	1615.05	7200	1360288800	561312	15.11
2/8/2013 3:00	0	1280.4	10800	1360292400	462166	15.11
2/8/2013 4:00	0.3	1338.6	14400	1360296000	490231	15.11
2/8/2013 5:00	0.8	1440.45	18000	1360299600	542478	15.11
2/8/2013 6:00	1.2	1469.55	21600	1360303200	558229	15.11
2/8/2013 7:00	1.9	1455	25200	1360306800	550643	15.11
2/8/2013 8:00	2.5	2022.45	28800	1360310400	743478	15.11
2/8/2013 9:00	3.6	669.3	32400	1360314000	245681	15.11
2/8/2013 10:00	3.9	853.6	36000	1360317600	296215	15.11
2/8/2013 11:00	4.7	873	39600	1360321200	302468	15.11
2/8/2013 12:00	4.8	911.8	43200	1360324800	315131	15.11
2/8/2013 13:00	4.8	1008.8	46800	1360328400	349242	15.11
2/8/2013 14:00	4.5	999.1	50400	1360332000	345570	15.11
2/8/2013 15:00	4.2	1008.8	54000	1360335600	349048	15.11
2/8/2013 16:00	2.8	1445.3	57600	1360339200	545840	15.11
2/8/2013 17:00	2.8	1008.8	61200	1360342800	348730	15.11
2/8/2013 18:00	2.8	863.3	64800	1360346400	299091	15.11
2/8/2013 19:00	2.9	814.8	68400	1360350000	284333	15.11
2/8/2013 20:00	1.8	659.6	72000	1360353600	240563	15.11
2/8/2013 21:00	0.4	766.3	75600	1360357200	257340	15.11
2/8/2013 22:00	-0.7	746.9	79200	1360360800	277203	15.11
2/8/2013 23:00	-1.5	746.9	82800	1360364400	276984	15.11
2/9/2013 0:00	-2.2	717.8	0	1360368000	269655	15.11
2/9/2013 1:00	-2.9	640.2	3600	1360371600	230914	15.11
2/9/2013 2:00	-3.5	649.9	7200	1360375200	235477	15.11
2/9/2013 3:00	-3.5	630.5	10800	1360378800	226372	15.11
2/9/2013 4:00	-4	640.2	14400	1360382400	230870	15.11
2/9/2013 5:00	-4	630.5	18000	1360386000	226354	15.11
2/9/2013 6:00	-4.4	630.5	21600	1360389600	226341	15.11
2/9/2013 7:00	-4.2	688.7	25200	1360393200	254504	15.11
2/9/2013 8:00	-3.8	756.6	28800	1360396800	265144	15.11
2/9/2013 9:00	-3.3	785.7	32400	1360400400	247685	15.11
2/9/2013 10:00	-3.1	2095.2	36000	1360404000	778463	15.11
2/9/2013 11:00	-2.3	2007.9	39600	1360407600	734744	15.11
2/9/2013 12:00	-1.4	2124.3	43200	1360411200	793850	15.11
2/9/2013 13:00	-0.7	2109.75	46800	1360414800	786476	15.11
2/9/2013 14:00	-0.5	2095.2	50400	1360418400	779028	15.11
2/9/2013 15:00	-0.7	2095.2	54000	1360422000	778972	15.11
2/9/2013 16:00	-0.7	2080.65	57600	1360425600	771522	15.11
2/9/2013 17:00	-2.2	2022.45	61200	1360429200	741939	15.11
2/9/2013 18:00	-2.5	1382.25	64800	1360432800	511621	15.11
2/9/2013 19:00	-2.9	873	68400	1360436400	301784	15.11
2/9/2013 20:00	-3.1	785.7	72000	1360440000	247688	15.11
2/9/2013 21:00	-4	873	75600	1360443600	301749	15.11
2/9/2013 22:00	-4	873	79200	1360447200	301749	15.11
2/9/2013 23:00	-4.2	858.45	82800	1360450800	297183	15.11
2/10/2013 0:00	-4.5	858.45	0	1360454400	297175	15.11
2/10/2013 1:00	-4.3	800.25	3600	1360458000	279729	15.11
2/10/2013 2:00	-5.7	1687.8	7200	1360461600	590031	15.11
2/10/2013 3:00	-5.7	1629.6	10800	1360465200	566551	15.11
2/10/2013 4:00	-7	1702.35	14400	1360468800	595962	15.11
2/10/2013 5:00	-6.9	1775.1	18000	1360472400	626765	15.11
2/10/2013 6:00	-7.8	1804.2	21600	1360476000	639406	15.11
2/10/2013 7:00	-5.8	1906.05	25200	1360479600	685619	15.11
2/10/2013 8:00	-3.2	2007.9	28800	1360483200	734605	15.11
2/10/2013 9:00	-2.7	708.1	32400	1360486800	264536	15.11
2/10/2013 10:00	-2.2	814.8	36000	1360490400	284032	15.11
2/10/2013 11:00	-2	873	39600	1360494000	301817	15.11
2/10/2013 12:00	-0.8	58.2	43200	1360497600	35675	15.11
2/10/2013 13:00	-0.2	58.2	46800	1360501200	35675	15.11
2/10/2013 14:00	0	58.2	50400	1360504800	35675	15.11
2/10/2013 15:00	0.1	1241.6	54000	1360508400	444223	15.11
2/10/2013 16:00	-1.5	58.2	57600	1360512000	35675	15.11
2/10/2013 17:00	-1.6	1251.3	61200	1360515600	448437	15.11
2/10/2013 18:00	-1.3	970	64800	1360519200	334312	15.11
2/10/2013 19:00	-1.2	911.8	68400	1360522800	314414	15.11
2/10/2013 20:00	-1.3	708.1	72000	1360526400	264636	15.11
2/10/2013 21:00	-0.3	824.5	75600	1360530000	286984	15.11
2/10/2013 23:00	0.7	776	82800	1360537200	251717	15.11
2/11/2013 0:00	1.4	756.6	0	1360540800	265668	15.11
2/11/2013 1:00	1.7	669.3	3600	1360544400	245297	15.11
2/11/2013 2:00	1.9	679	7200	1360548000	250148	15.11
2/11/2013 3:00	2.5	669.3	10800	1360551600	245432	15.11
2/11/2013 4:00	2.7	649.9	14400	1360555200	236032	15.11
2/11/2013 5:00	2.7	649.9	18000	1360558800	236032	15.11
2/11/2013 6:00	2.7	630.5	21600	1360562400	226879	15.11
2/11/2013 7:00	3	659.6	25200	1360566000	240777	15.11
2/11/2013 8:00	3.6	766.3	28800	1360569600	257998	15.11
2/11/2013 9:00	4.4	843.9	32400	1360573200	293307	15.11
2/11/2013 10:00	6.4	2197.05	36000	1360576800	837862	15.11
2/11/2013 11:00	7.5	2298.9	39600	1360580400	779149	15.11
2/11/2013 12:00	8.3	2328	43200	1360584000	764600	15.11
2/11/2013 13:00	8.8	2313.45	46800	1360587600	774354	15.11
2/11/2013 14:00	9.4	2342.55	50400	1360591200	764581	15.11
2/11/2013 15:00	10.2	2328	54000	1360594800	778492	15.11
2/11/2013 16:00	10.2	2255.25	57600	1360598400	834793	15.11
2/11/2013 17:00	10.5	2051.55	61200	1360602000	778178	15.11
2/11/2013 18:00	10.7	1411.35	64800	1360605600	544223	15.11
2/11/2013 19:00	11	916.65	68400	1360609200	323806	15.11
2/11/2013 20:00	10.5	858.45	72000	1360612800	302788	15.11
2/11/2013 21:00	10.2	916.65	75600	1360616400	321446	15.11
2/11/2013 22:00	8.3	916.65	79200	1360620000	318834	15.11
2/11/2013 23:00	5.1	916.65	82800	1360623600	316839	15.11
2/12/2013 0:00	4.3	902.1	0	1360627200	311799	15.11
2/12/2013 1:00	3.9	902.1	3600	1360630800	311718	15.11
2/12/2013 2:00	3.5	2007.9	7200	1360634400	736940	15.11
2/12/2013 3:00	3.5	1891.5	10800	1360638000	681074	15.11
2/12/2013 4:00	3.5	1876.95	14400	1360641600	674333	15.11
2/12/2013 5:00	3.1	2007.9	18000	1360645200	736653	15.11
2/12/2013 6:00	2.5	2080.65	21600	1360648800	772868	15.11
2/12/2013 7:00	2.7	2167.95	25200	1360652400	818682	15.11
2/12/2013 8:00	3.8	2153.4	28800	1360656000	811739	15.11
2/12/2013 9:00	3.9	746.9	32400	1360659600	278007	15.11
2/12/2013 10:00	3.8	834.2	36000	1360663200	290249	15.11
2/12/2013 11:00	4.5	892.4	39600	1360666800	308668	15.11
2/12/2013 12:00	4.9	911.8	43200	1360670400	315159	15.11
2/12/2013 13:00	5.5	960.3	46800	1360674000	331991	15.11
2/12/2013 14:00	5.5	970	50400	1360677600	335428	15.11
2/12/2013 15:00	5.8	989.4	54000	1360681200	342556	15.11
2/12/2013 16:00	5.5	989.4	57600	1360684800	342410	15.11
2/12/2013 17:00	4.1	940.9	61200	1360688400	324807	15.11
2/12/2013 18:00	3.3	970	64800	1360692000	334797	15.11
2/12/2013 19:00	3.5	873	68400	1360695600	302246	15.11
2/12/2013 20:00	2	756.6	72000	1360699200	265977	15.11
2/12/2013 21:00	1.8	911.8	75600	1360702800	314631	15.11
2/12/2013 22:00	1.3	756.6	79200	1360706400	265840	15.11
2/12/2013 23:00	0.7	737.2	82800	1360710000	287985	15.11
2/13/2013 0:00	0.4	698.4	0	1360713600	259783	15.11
2/13/2013 1:00	-0.5	746.9	3600	1360717200	277211	15.11
2/13/2013 2:00	-0.7	746.9	7200	1360720800	277203	15.11
2/13/2013 3:00	-0.7	727.5	10800	1360724400	274944	15.11
2/13/2013 4:00	-1	727.5	14400	1360728000	274914	15.11
2/13/2013 5:00	-1.4	727.5	18000	1360731600	274877	15.11
2/13/2013 6:00	-0.8	727.5	21600	1360735200	274934	15.11
2/13/2013 7:00	0	756.6	25200	1360738800	265476	15.11
2/13/2013 8:00	0.3	785.7	28800	1360742400	248080	15.11
2/13/2013 9:00	0.6	902.1	32400	1360746000	311329	15.11
2/13/2013 10:00	0.6	2255.25	36000	1360749600	812668	15.11
2/13/2013 11:00	1.8	2313.45	39600	1360753200	763354	15.11
2/13/2013 12:00	2.9	2357.1	43200	1360756800	745686	15.11
2/13/2013 13:00	2.9	2298.9	46800	1360760400	773493	15.11
2/13/2013 14:00	2.9	2240.7	50400	1360764000	832973	15.11
2/13/2013 15:00	2.5	2240.7	54000	1360767600	832708	15.11
2/13/2013 16:00	2.8	2080.65	57600	1360771200	773070	15.11
2/13/2013 17:00	2.6	2022.45	61200	1360774800	743538	15.11
2/13/2013 18:00	1.7	1411.35	64800	1360778400	527461	15.11
2/13/2013 19:00	0.8	873	68400	1360782000	301966	15.11
2/13/2013 20:00	0	902.1	72000	1360785600	311288	15.11
2/13/2013 21:00	0	858.45	75600	1360789200	297347	15.11
2/13/2013 22:00	0.3	873	79200	1360792800	301933	15.11
2/13/2013 23:00	0.8	873	82800	1360796400	301966	15.11
2/14/2013 0:00	0.8	858.45	0	1360800000	297397	15.11
2/14/2013 1:00	0.8	916.65	3600	1360803600	316153	15.11
2/14/2013 2:00	0.3	2066.1	7200	1360807200	764421	15.11
2/14/2013 3:00	-0.2	1920.6	10800	1360810800	693194	15.11
2/14/2013 4:00	-0.2	1993.35	14400	1360814400	728062	15.11
2/14/2013 5:00	-0.7	2066.1	18000	1360818000	764124	15.11
2/14/2013 6:00	-0.7	2153.4	21600	1360821600	809309	15.11
2/14/2013 7:00	0	2211.6	25200	1360825200	864548	15.11
2/14/2013 8:00	0.7	2226.15	28800	1360828800	854481	15.11
2/14/2013 9:00	1.3	679	32400	1360832400	250057	15.11
2/14/2013 10:00	2.3	611.1	36000	1360836000	217955	15.11
2/14/2013 11:00	2.7	630.5	39600	1360839600	226879	15.11
2/14/2013 12:00	3.1	659.6	43200	1360843200	240800	15.11
2/14/2013 13:00	2.9	649.9	46800	1360846800	236070	15.11
2/14/2013 14:00	3.1	659.6	50400	1360850400	240800	15.11
2/14/2013 15:00	2.9	649.9	54000	1360854000	236070	15.11
2/14/2013 16:00	3.4	659.6	57600	1360857600	240871	15.11
2/14/2013 17:00	2.5	669.3	61200	1360861200	245432	15.11
2/14/2013 18:00	1.6	640.2	64800	1360864800	231254	15.11
2/14/2013 19:00	1.1	611.1	68400	1360868400	217818	15.11
2/14/2013 20:00	0.1	640.2	72000	1360872000	231098	15.11
2/14/2013 21:00	0.1	611.1	75600	1360875600	217734	15.11
2/14/2013 22:00	-0.8	611.1	79200	1360879200	217674	15.11
2/14/2013 23:00	-0.4	601.4	82800	1360882800	213388	15.11
2/15/2013 0:00	0.5	591.7	0	1360886400	209208	15.11
2/15/2013 1:00	-0.2	611.1	3600	1360890000	217713	15.11
2/15/2013 2:00	0	591.7	7200	1360893600	209173	15.11
2/15/2013 3:00	1	582	10800	1360897200	205074	15.11
2/15/2013 4:00	-0.9	591.7	14400	1360900800	209120	15.11
2/15/2013 5:00	0	562.6	18000	1360904400	196876	15.11
2/15/2013 6:00	0	572.3	21600	1360908000	200904	15.11
2/15/2013 7:00	1.3	572.3	25200	1360911600	200996	15.11
2/15/2013 8:00	2.9	582	28800	1360915200	205278	15.11
2/15/2013 9:00	4.7	858.45	32400	1360918800	297877	15.11
2/15/2013 10:00	6.2	887.55	36000	1360922400	307638	15.11
2/15/2013 11:00	6.9	902.1	39600	1360926000	312814	15.11
2/15/2013 12:00	7	902.1	43200	1360929600	312883	15.11
2/15/2013 13:00	6.9	902.1	46800	1360933200	312814	15.11
2/15/2013 14:00	6.8	902.1	50400	1360936800	312748	15.11
2/15/2013 15:00	7.8	916.65	54000	1360940400	318389	15.11
2/15/2013 16:00	6.9	916.65	57600	1360944000	317690	15.11
2/15/2013 17:00	6.6	829.35	61200	1360947600	289511	15.11
2/15/2013 18:00	4.7	829.35	64800	1360951200	288936	15.11
2/15/2013 19:00	4.1	858.45	68400	1360954800	297759	15.11
2/15/2013 20:00	3	843.9	72000	1360958400	293100	15.11
2/15/2013 21:00	2.6	843.9	75600	1360962000	293056	15.11
2/15/2013 22:00	1.7	843.9	79200	1360965600	292973	15.11
2/15/2013 23:00	1.9	843.9	82800	1360969200	292990	15.11
2/16/2013 0:00	2.3	843.9	0	1360972800	293026	15.11
2/16/2013 1:00	1.9	829.35	3600	1360976400	288576	15.11
2/16/2013 2:00	1.4	916.65	7200	1360980000	316205	15.11
2/16/2013 3:00	1.4	887.55	10800	1360983600	306663	15.11
2/16/2013 4:00	1.4	858.45	14400	1360987200	297441	15.11
2/16/2013 5:00	1.4	829.35	18000	1360990800	288538	15.11
2/16/2013 6:00	1.6	873	21600	1360994400	302029	15.11
2/16/2013 7:00	1.4	887.55	25200	1360998000	306663	15.11
2/16/2013 8:00	1.5	902.1	28800	1361001600	311403	15.11
2/16/2013 9:00	1.5	591.7	32400	1361005200	209293	15.11
2/16/2013 10:00	1.3	679	36000	1361008800	250057	15.11
2/16/2013 11:00	1.4	737.2	39600	1361012400	288116	15.11
2/16/2013 12:00	1	727.5	43200	1361016000	275163	15.11
2/16/2013 13:00	0.5	824.5	46800	1361019600	287027	15.11
2/16/2013 14:00	0.3	814.8	50400	1361023200	284138	15.11
2/16/2013 15:00	0.1	776	54000	1361026800	251630	15.11
2/16/2013 16:00	-0.2	805.1	57600	1361030400	281271	15.11
2/16/2013 17:00	-0.7	776	61200	1361034000	251531	15.11
2/16/2013 18:00	-0.5	708.1	64800	1361037600	264708	15.11
2/16/2013 19:00	-0.9	679	68400	1361041200	249823	15.11
2/16/2013 20:00	-1	591.7	72000	1361044800	209115	15.11
2/16/2013 21:00	-2.2	649.9	75600	1361048400	235537	15.11
2/16/2013 22:00	-2.3	630.5	79200	1361052000	226423	15.11
2/16/2013 23:00	-3.1	611.1	82800	1361055600	217565	15.11
2/17/2013 0:00	-3.2	591.7	0	1361059200	209022	15.11
2/17/2013 1:00	-3.5	562.6	3600	1361062800	196736	15.11
2/17/2013 2:00	-3.9	582	7200	1361066400	204838	15.11
2/17/2013 3:00	-4.3	572.3	10800	1361070000	200735	15.11
2/17/2013 4:00	-4.6	572.3	14400	1361073600	200728	15.11
2/17/2013 5:00	-5.1	572.3	18000	1361077200	200716	15.11
2/17/2013 6:00	-5.8	582	21600	1361080800	204791	15.11
2/17/2013 7:00	-5.7	572.3	25200	1361084400	200703	15.11
2/17/2013 8:00	-5.2	620.8	28800	1361088000	221873	15.11
2/17/2013 9:00	-4.8	843.9	32400	1361091600	292686	15.11
2/17/2013 10:00	-4.1	916.65	36000	1361095200	315907	15.11
2/17/2013 11:00	-4.8	931.2	39600	1361098800	320764	15.11
2/17/2013 12:00	-4	873	43200	1361102400	301749	15.11
2/17/2013 13:00	-4.6	945.75	46800	1361106000	325728	15.11
2/17/2013 14:00	-3.6	931.2	50400	1361109600	320802	15.11
2/17/2013 15:00	-4.3	945.75	54000	1361113200	325737	15.11
2/17/2013 16:00	-4.5	945.75	57600	1361116800	325731	15.11
2/17/2013 17:00	-5.2	902.1	61200	1361120400	311077	15.11
2/17/2013 18:00	-6	916.65	64800	1361124000	315855	15.11
2/17/2013 19:00	-5.9	931.2	68400	1361127600	320734	15.11
2/17/2013 21:00	-6.5	902.1	75600	1361134800	311046	15.11
2/17/2013 22:00	-7	902.1	79200	1361138400	311036	15.11
2/17/2013 23:00	-7.1	887.55	82800	1361142000	306316	15.11
2/18/2013 0:00	-7.5	873	0	1361145600	301670	15.11
2/18/2013 1:00	-7.5	843.9	3600	1361149200	292632	15.11
2/18/2013 2:00	-8.2	843.9	7200	1361152800	292621	15.11
2/18/2013 3:00	-8.2	873	10800	1361156400	301658	15.11
2/18/2013 4:00	-8.6	873	14400	1361160000	301652	15.11
2/18/2013 5:00	-8.7	858.45	18000	1361163600	297093	15.11
2/18/2013 6:00	-8.5	858.45	21600	1361167200	297096	15.11
2/18/2013 7:00	-7.4	945.75	25200	1361170800	325656	15.11
2/18/2013 8:00	-6.6	902.1	28800	1361174400	311044	15.11
2/18/2013 9:00	-5.9	601.4	32400	1361178000	213181	15.11
2/18/2013 10:00	-4.3	688.7	36000	1361181600	254499	15.11
2/18/2013 11:00	-4	746.9	39600	1361185200	276844	15.11
2/18/2013 12:00	-3.2	785.7	43200	1361188800	247698	15.11
2/18/2013 13:00	-2.2	853.6	46800	1361192400	295742	15.11
2/18/2013 14:00	-1.5	863.3	50400	1361196000	298786	15.11
2/18/2013 15:00	-1.3	873	54000	1361199600	301847	15.11
2/18/2013 16:00	-1.3	853.6	57600	1361203200	295778	15.11
2/18/2013 17:00	-2.1	834.2	61200	1361206800	289820	15.11
2/18/2013 18:00	-3.1	766.3	64800	1361210400	256980	15.11
2/18/2013 19:00	-2.8	737.2	68400	1361214000	287594	15.11
2/18/2013 20:00	-2.9	601.4	72000	1361217600	213267	15.11
2/18/2013 21:00	-2	708.1	75600	1361221200	264582	15.11
2/18/2013 22:00	-2.9	698.4	79200	1361224800	259509	15.11
2/18/2013 23:00	-2.4	708.1	82800	1361228400	264555	15.11
2/19/2013 0:00	-3.3	717.8	0	1361232000	269585	15.11
2/19/2013 1:00	-3.6	591.7	3600	1361235600	209009	15.11
2/19/2013 2:00	-4	601.4	7200	1361239200	213230	15.11
2/19/2013 3:00	-3.4	591.7	10800	1361242800	209016	15.11
2/19/2013 4:00	-1.7	582	14400	1361246400	204915	15.11
2/19/2013 5:00	-0.8	582	18000	1361250000	204957	15.11
2/19/2013 6:00	0.1	591.7	21600	1361253600	209180	15.11
2/19/2013 7:00	0.1	911.8	25200	1361257200	314490	15.11
2/19/2013 8:00	1.3	620.8	28800	1361260800	222227	15.11
2/19/2013 9:00	2.1	858.45	32400	1361264400	297502	15.11
2/19/2013 10:00	2.9	2284.35	36000	1361268000	784794	15.11
2/19/2013 11:00	2.9	2400.75	39600	1361271600	739251	15.11
2/19/2013 12:00	3.7	2371.65	43200	1361275200	742996	15.11
2/19/2013 13:00	4.8	2458.95	46800	1361278800	746867	15.11
2/19/2013 14:00	5.6	2488.05	50400	1361282400	756064	15.11
2/19/2013 15:00	5.6	2415.3	54000	1361286000	741876	15.11
2/19/2013 16:00	5.6	2386.2	57600	1361289600	742789	15.11
2/19/2013 17:00	5.6	2226.15	61200	1361293200	858226	15.11
2/19/2013 18:00	4.8	1455	64800	1361296800	552103	15.11
2/19/2013 19:00	4.2	916.65	68400	1361300400	316605	15.11
2/19/2013 20:00	3.5	873	72000	1361304000	302246	15.11
2/19/2013 21:00	1.4	945.75	75600	1361307600	326065	15.11
2/19/2013 22:00	0.2	916.65	79200	1361311200	316108	15.11
2/19/2013 23:00	-0.3	916.65	82800	1361314800	316075	15.11
2/20/2013 0:00	-1	902.1	0	1361318400	311230	15.11
2/20/2013 1:00	-1.3	902.1	3600	1361322000	311215	15.11
2/20/2013 2:00	-1.5	2226.15	7200	1361325600	853675	15.11
2/20/2013 3:00	-2.5	2080.65	10800	1361329200	771125	15.11
2/20/2013 4:00	-3	2037	14400	1361332800	749036	15.11
2/20/2013 5:00	-2.8	2109.75	18000	1361336400	786008	15.11
2/20/2013 6:00	-3.7	2197.05	21600	1361340000	831927	15.11
2/20/2013 7:00	-3.5	2284.35	25200	1361343600	782114	15.11
2/20/2013 8:00	-3.1	2255.25	28800	1361347200	811473	15.11
2/20/2013 9:00	-3.2	717.8	32400	1361350800	269591	15.11
2/20/2013 10:00	-3.5	940.9	36000	1361354400	324103	15.11
2/20/2013 11:00	-3.1	58.2	39600	1361358000	35675	15.11
2/20/2013 12:00	-2.3	1008.8	43200	1361361600	348229	15.11
2/20/2013 13:00	-2	1261	46800	1361365200	452862	15.11
2/20/2013 14:00	-1.9	1435.6	50400	1361368800	539337	15.11
2/20/2013 15:00	-1.9	1377.4	54000	1361372400	509238	15.11
2/20/2013 16:00	-3	1377.4	57600	1361376000	509106	15.11
2/20/2013 17:00	-4.1	1290.1	61200	1361379600	466288	15.11
2/20/2013 18:00	-5.1	1008.8	64800	1361383200	348112	15.11
2/20/2013 19:00	-5.5	999.1	68400	1361386800	344556	15.11
2/20/2013 20:00	-6	708.1	72000	1361390400	264384	15.11
2/20/2013 21:00	-6.4	989.4	75600	1361394000	341023	15.11
2/20/2013 22:00	-6.3	940.9	79200	1361397600	324020	15.11
2/20/2013 23:00	-6.2	931.2	82800	1361401200	320727	15.11
2/21/2013 0:00	-6.5	950.6	0	1361404800	327346	15.11
2/21/2013 1:00	-6.5	708.1	3600	1361408400	264367	15.11
2/21/2013 2:00	-6.8	717.8	7200	1361412000	269437	15.11
2/21/2013 3:00	-6.8	727.5	10800	1361415600	274586	15.11
2/21/2013 4:00	-6.8	717.8	14400	1361419200	269437	15.11
2/21/2013 5:00	-6.8	698.4	18000	1361422800	259351	15.11
2/21/2013 6:00	-6.4	746.9	21600	1361426400	276711	15.11
2/21/2013 7:00	-5.7	766.3	25200	1361430000	256878	15.11
2/21/2013 8:00	-5	824.5	28800	1361433600	286830	15.11
2/21/2013 9:00	-4.3	887.55	32400	1361437200	306381	15.11
2/21/2013 10:00	-3.5	2386.2	36000	1361440800	737399	15.11
2/21/2013 11:00	-2.5	2371.65	39600	1361444400	739760	15.11
2/21/2013 12:00	-1.7	2400.75	43200	1361448000	736835	15.11
2/21/2013 13:00	-2	2517.15	46800	1361451600	762033	15.11
2/21/2013 14:00	-0.9	2502.6	50400	1361455200	756411	15.11
2/21/2013 15:00	-0.9	2473.5	54000	1361458800	746687	15.11
2/21/2013 16:00	-1.6	2357.1	57600	1361462400	743394	15.11
2/21/2013 17:00	-2.4	2269.8	61200	1361466000	795690	15.11
2/21/2013 18:00	-3.1	1469.55	64800	1361469600	557313	15.11
2/21/2013 19:00	-2.9	945.75	68400	1361473200	325788	15.11
2/21/2013 20:00	-3.7	887.55	72000	1361476800	306399	15.11
2/21/2013 21:00	-3.8	873	75600	1361480400	301755	15.11
2/21/2013 22:00	-4	829.35	79200	1361484000	288303	15.11
2/21/2013 23:00	-3.7	829.35	82800	1361487600	288311	15.11
2/22/2013 0:00	-3.7	843.9	0	1361491200	292714	15.11
2/22/2013 1:00	-3.5	916.65	3600	1361494800	315926	15.11
2/22/2013 2:00	-3.4	2109.75	7200	1361498400	785908	15.11
2/22/2013 3:00	-3.4	1949.7	10800	1361502000	706414	15.11
2/22/2013 4:00	-3.7	1935.15	14400	1361505600	699471	15.11
2/22/2013 5:00	-3.4	2080.65	18000	1361509200	770976	15.11
2/22/2013 6:00	-3.2	2153.4	21600	1361512800	808738	15.11
2/22/2013 7:00	-3.4	2298.9	25200	1361516400	770731	15.11
2/22/2013 8:00	-3.2	2328	28800	1361520000	753761	15.11
2/22/2013 9:00	-3.1	863.3	32400	1361523600	298727	15.11
2/22/2013 10:00	-2.7	58.2	36000	1361527200	35675	15.11
2/22/2013 11:00	-2.2	1290.1	39600	1361530800	466453	15.11
2/22/2013 12:00	-2.2	1299.8	43200	1361534400	471061	15.11
2/22/2013 13:00	-1.5	1348.3	46800	1361538000	494720	15.11
2/22/2013 14:00	-1.4	1396.8	50400	1361541600	519202	15.11
2/22/2013 15:00	-1.7	1396.8	54000	1361545200	519157	15.11
2/22/2013 16:00	-1.2	1358	57600	1361548800	499586	15.11
2/22/2013 17:00	-1.3	1338.6	61200	1361552400	489960	15.11
2/22/2013 18:00	-1	58.2	64800	1361556000	35675	15.11
2/22/2013 19:00	-0.8	873	68400	1361559600	301871	15.11
2/22/2013 20:00	-0.6	814.8	72000	1361563200	284094	15.11
2/22/2013 21:00	-0.6	921.5	75600	1361566800	317676	15.11
2/22/2013 22:00	-0.7	911.8	79200	1361570400	314441	15.11
2/22/2013 23:00	-0.4	960.3	82800	1361574000	330962	15.11
2/23/2013 0:00	-0.2	989.4	0	1361577600	341304	15.11
2/23/2013 1:00	0.3	853.6	3600	1361581200	295860	15.11
2/23/2013 2:00	0.5	863.3	7200	1361584800	298891	15.11
2/23/2013 3:00	0.5	863.3	10800	1361588400	298891	15.11
2/23/2013 4:00	0.8	873	14400	1361592000	301966	15.11
2/23/2013 5:00	1.1	834.2	18000	1361595600	289978	15.11
2/23/2013 6:00	1.1	824.5	21600	1361599200	287064	15.11
2/23/2013 7:00	1.4	882.7	25200	1361602800	305104	15.11
2/23/2013 8:00	1.9	931.2	28800	1361606400	321147	15.11
2/23/2013 9:00	2.5	829.35	32400	1361610000	288630	15.11
2/23/2013 10:00	3.3	2211.6	36000	1361613600	866390	15.11
2/23/2013 11:00	4.1	2240.7	39600	1361617200	833969	15.11
2/23/2013 12:00	5.3	2400.75	43200	1361620800	741436	15.11
2/23/2013 13:00	5.8	2444.4	46800	1361624400	745207	15.11
2/23/2013 14:00	6.9	2357.1	50400	1361628000	750206	15.11
2/23/2013 15:00	6.9	2386.2	54000	1361631600	744860	15.11
2/23/2013 16:00	7.2	2328	57600	1361635200	761464	15.11
2/23/2013 17:00	6.9	2153.4	61200	1361638800	815153	15.11
2/23/2013 18:00	6.9	1455	64800	1361642400	553850	15.11
2/23/2013 19:00	6.6	945.75	68400	1361646000	327475	15.11
2/23/2013 20:00	6.4	843.9	72000	1361649600	293880	15.11
2/23/2013 21:00	6.1	945.75	75600	1361653200	327179	15.11
2/23/2013 22:00	5.8	858.45	79200	1361656800	298178	15.11
2/23/2013 23:00	5.8	873	82800	1361660400	302785	15.11
2/24/2013 0:00	5	873	0	1361664000	302541	15.11
2/24/2013 1:00	5	873	3600	1361667600	302541	15.11
2/24/2013 2:00	4.5	2095.2	7200	1361671200	781848	15.11
2/24/2013 3:00	4.1	1935.15	10800	1361674800	702079	15.11
2/24/2013 4:00	4.1	1891.5	14400	1361678400	681518	15.11
2/24/2013 5:00	4.1	2007.9	18000	1361682000	737398	15.11
2/24/2013 6:00	4.1	2109.75	21600	1361685600	789052	15.11
2/24/2013 7:00	4.5	2197.05	25200	1361689200	835727	15.11
2/24/2013 8:00	5.1	2313.45	28800	1361692800	765979	15.11
2/24/2013 9:00	4.9	979.7	32400	1361696400	338666	15.11
2/24/2013 10:00	5.2	1522.9	36000	1361700000	524464	15.11
2/24/2013 11:00	4.2	1280.4	39600	1361703600	463506	15.11
2/24/2013 12:00	4	1212.5	43200	1361707200	432157	15.11
2/24/2013 13:00	3.8	1270.7	46800	1361710800	458731	15.11
2/24/2013 15:00	3.2	1241.6	54000	1361718000	444982	15.11
2/24/2013 16:00	2.3	58.2	57600	1361721600	35675	15.11
2/24/2013 17:00	0.5	921.5	61200	1361725200	317750	15.11
2/24/2013 18:00	-0.2	882.7	64800	1361728800	304992	15.11
2/24/2013 19:00	-1.2	776	68400	1361732400	251466	15.11
2/24/2013 20:00	-1.4	999.1	72000	1361736000	344734	15.11
2/24/2013 21:00	-1.5	776	75600	1361739600	251441	15.11
2/24/2013 22:00	-2	717.8	79200	1361743200	269669	15.11
2/24/2013 23:00	-2.6	698.4	82800	1361746800	259527	15.11
2/25/2013 0:00	-2.6	679	0	1361750400	249710	15.11
2/25/2013 1:00	-2.7	960.3	3600	1361754000	330836	15.11
2/25/2013 2:00	-3.1	882.7	7200	1361757600	304863	15.11
2/25/2013 3:00	-3.4	853.6	10800	1361761200	295702	15.11
2/25/2013 4:00	-3.1	834.2	14400	1361764800	289787	15.11
2/25/2013 5:00	-3.8	853.6	18000	1361768400	295691	15.11
2/25/2013 6:00	-3.8	882.7	21600	1361772000	304840	15.11
2/25/2013 7:00	-2.4	940.9	25200	1361775600	324147	15.11
2/25/2013 8:00	-1	58.2	28800	1361779200	35675	15.11
2/25/2013 9:00	0.4	887.55	32400	1361782800	306587	15.11
2/25/2013 10:00	1.2	1978.8	36000	1361786400	721417	15.11
2/25/2013 11:00	2	1935.15	39600	1361790000	700781	15.11
2/25/2013 12:00	2	1906.05	43200	1361793600	687068	15.11
2/25/2013 13:00	2.3	1949.7	46800	1361797200	707858	15.11
2/25/2013 14:00	2.9	1964.25	50400	1361800800	715184	15.11
2/25/2013 15:00	2.9	1949.7	54000	1361804400	708182	15.11
2/25/2013 16:00	2.8	1949.7	57600	1361808000	708124	15.11
2/25/2013 17:00	2	1222.2	61200	1361811600	435820	15.11
2/25/2013 18:00	1.1	887.55	64800	1361815200	306639	15.11
2/25/2013 19:00	-0.3	785.7	68400	1361818800	247983	15.11
2/25/2013 20:00	-0.7	873	72000	1361822400	301876	15.11
2/25/2013 21:00	-1.5	771.15	75600	1361826000	254003	15.11
2/25/2013 22:00	-1.9	771.15	79200	1361829600	253935	15.11
2/25/2013 23:00	-2.4	771.15	82800	1361833200	253957	15.11
2/26/2013 0:00	-2.8	771.15	0	1361836800	253900	15.11
2/26/2013 1:00	-3.1	931.2	3600	1361840400	320821	15.11
2/26/2013 2:00	-3.1	2197.05	7200	1361844000	832034	15.11
2/26/2013 3:00	-3.5	1935.15	10800	1361847600	699494	15.11
2/26/2013 4:00	-2.9	1876.95	14400	1361851200	672465	15.11
2/26/2013 5:00	-2.9	1964.25	18000	1361854800	713443	15.11
2/26/2013 6:00	-1.7	2066.1	21600	1361858400	763890	15.11
2/26/2013 7:00	0	2022.45	25200	1361862000	742439	15.11
2/26/2013 8:00	0.5	2007.9	28800	1361865600	735402	15.11
2/26/2013 9:00	1.7	688.7	32400	1361869200	255007	15.11
2/26/2013 10:00	1.6	620.8	36000	1361872800	222260	15.11
2/26/2013 11:00	1.8	659.6	39600	1361876400	240563	15.11
2/26/2013 12:00	2.8	679	43200	1361880000	250323	15.11
2/26/2013 13:00	3.8	679	46800	1361883600	250563	15.11
2/26/2013 14:00	4.3	679	50400	1361887200	250695	15.11
2/26/2013 15:00	4.5	679	54000	1361890800	250750	15.11
2/26/2013 16:00	4.3	669.3	57600	1361894400	245862	15.11
2/26/2013 17:00	4.3	659.6	61200	1361898000	241100	15.11
2/26/2013 18:00	4.5	649.9	64800	1361901600	236462	15.11
2/26/2013 19:00	5	640.2	68400	1361905200	231982	15.11
2/26/2013 20:00	5.3	649.9	72000	1361908800	236697	15.11
2/26/2013 21:00	5.3	611.1	75600	1361912400	218622	15.11
2/26/2013 22:00	5.3	620.8	79200	1361916000	223036	15.11
2/26/2013 23:00	5.8	620.8	82800	1361919600	223195	15.11
2/27/2013 0:00	5.5	611.1	0	1361923200	218684	15.11
2/27/2013 1:00	5.8	649.9	3600	1361926800	236861	15.11
2/27/2013 2:00	6.1	630.5	7200	1361930400	227784	15.11
2/27/2013 3:00	6.1	620.8	10800	1361934000	223298	15.11
2/27/2013 4:00	6.1	620.8	14400	1361937600	223298	15.11
2/27/2013 5:00	6.1	620.8	18000	1361941200	223298	15.11
2/27/2013 6:00	5.8	611.1	21600	1361944800	218780	15.11
2/27/2013 7:00	4.1	611.1	25200	1361948400	218288	15.11
2/27/2013 8:00	5.3	611.1	28800	1361952000	218622	15.11
2/27/2013 9:00	6.2	873	32400	1361955600	302943	15.11
2/27/2013 10:00	6.8	945.75	36000	1361959200	327614	15.11
2/27/2013 11:00	7.4	945.75	39600	1361962800	328063	15.11
2/27/2013 12:00	7.2	989.4	43200	1361966400	343494	15.11
2/27/2013 13:00	7.5	1018.5	46800	1361970000	354519	15.11
2/27/2013 14:00	7.5	1047.6	50400	1361973600	365622	15.11
2/27/2013 15:00	7	1105.8	54000	1361977200	388362	15.11
2/27/2013 16:00	6.1	1120.35	57600	1361980800	393693	15.11
2/27/2013 17:00	5.9	1134.9	61200	1361984400	399619	15.11
2/27/2013 18:00	5.3	1018.5	64800	1361988000	353057	15.11
2/27/2013 19:00	5	1003.95	68400	1361991600	347526	15.11
2/27/2013 20:00	4.9	873	72000	1361995200	302515	15.11
2/27/2013 21:00	4.9	1018.5	75600	1361998800	352889	15.11
2/27/2013 22:00	4	1047.6	79200	1362002400	363614	15.11
2/27/2013 23:00	4.1	1062.15	82800	1362006000	369276	15.11
2/28/2013 0:00	3.7	1062.15	0	1362009600	369156	15.11
2/28/2013 1:00	3.9	858.45	3600	1362013200	297726	15.11
2/28/2013 2:00	4.1	931.2	7200	1362016800	321491	15.11
2/28/2013 3:00	4.2	916.65	10800	1362020400	316605	15.11
2/28/2013 4:00	4.2	902.1	14400	1362024000	311778	15.11
2/28/2013 5:00	3.7	916.65	18000	1362027600	316505	15.11
2/28/2013 6:00	2.9	916.65	21600	1362031200	316377	15.11
2/28/2013 7:00	2.7	931.2	25200	1362034800	321246	15.11
2/28/2013 8:00	2.6	916.65	28800	1362038400	316336	15.11
2/28/2013 9:00	3.1	1231.9	32400	1362042000	440526	15.11
2/28/2013 10:00	3.6	1338.6	36000	1362045600	491348	15.11
2/28/2013 11:00	2.9	1319.2	39600	1362049200	481498	15.11
2/28/2013 12:00	2.9	1328.9	43200	1362052800	486238	15.11
2/28/2013 13:00	2.8	1348.3	46800	1362056400	495782	15.11
2/28/2013 14:00	3.5	1367.7	50400	1362060000	505844	15.11
2/28/2013 15:00	3.1	1309.5	54000	1362063600	476879	15.11
2/28/2013 16:00	2.6	1328.9	57600	1362067200	486116	15.11
2/28/2013 17:00	2.3	1319.2	61200	1362070800	481271	15.11
2/28/2013 18:00	2.1	1280.4	64800	1362074400	462632	15.11
2/28/2013 19:00	1.9	1280.4	68400	1362078000	462575	15.11
2/28/2013 20:00	1.9	1212.5	72000	1362081600	431457	15.11
2/28/2013 21:00	1.9	58.2	75600	1362085200	35675	15.11
2/28/2013 22:00	2.1	1270.7	79200	1362088800	458078	15.11
2/28/2013 23:00	1.9	58.2	82800	1362092400	35675	15.11
3/1/2013 0:00	1.9	1270.7	0	1362096000	458022	15.11
3/1/2013 1:00	2.1	58.2	3600	1362099600	35675	15.11
3/1/2013 2:00	2.4	1561.7	7200	1362103200	500052	15.11
3/1/2013 3:00	2.4	1231.9	10800	1362106800	440302	15.11
3/1/2013 4:00	2	1212.5	14400	1362110400	431481	15.11
3/1/2013 5:00	1.8	58.2	18000	1362114000	35675	15.11
3/1/2013 6:00	1.8	1241.6	21600	1362117600	444554	15.11
3/1/2013 7:00	2.2	58.2	25200	1362121200	35675	15.11
3/1/2013 8:00	2.8	1338.6	28800	1362124800	490971	15.11
3/1/2013 9:00	3	771.15	32400	1362128400	254735	15.11
3/1/2013 10:00	2.7	1906.05	36000	1362132000	687394	15.11
3/1/2013 11:00	3	1906.05	39600	1362135600	687557	15.11
3/1/2013 12:00	2.6	2037	43200	1362139200	750806	15.11
3/1/2013 13:00	2.3	1993.35	46800	1362142800	729001	15.11
3/1/2013 14:00	2.3	1891.5	50400	1362146400	680420	15.11
3/1/2013 15:00	2	1876.95	54000	1362150000	673569	15.11
3/1/2013 16:00	1.7	1455	57600	1362153600	550561	15.11
3/1/2013 17:00	1.8	1425.9	61200	1362157200	535117	15.11
3/1/2013 18:00	1.5	873	64800	1362160800	302021	15.11
3/1/2013 19:00	1.4	1236.75	68400	1362164400	442254	15.11
3/1/2013 20:00	0.9	771.15	72000	1362168000	254303	15.11
3/1/2013 21:00	0.4	945.75	75600	1362171600	325976	15.11
3/1/2013 22:00	-0.4	1033.05	79200	1362175200	357377	15.11
3/1/2013 23:00	-0.9	1047.6	82800	1362178800	362859	15.11
3/2/2013 0:00	-1.5	1018.5	0	1362182400	351857	15.11
3/2/2013 1:00	-1.7	756.6	3600	1362186000	265296	15.11
3/2/2013 2:00	-2.4	1542.3	7200	1362189600	507725	15.11
3/2/2013 3:00	-2.6	1178.55	10800	1362193200	415980	15.11
3/2/2013 4:00	-1.9	1265.85	14400	1362196800	455119	15.11
3/2/2013 5:00	-1.7	1411.35	18000	1362200400	526670	15.11
3/2/2013 6:00	-1.4	1425.9	21600	1362204000	534310	15.11
3/2/2013 7:00	-1	1440.45	25200	1362207600	542055	15.11
3/2/2013 8:00	-1.2	1469.55	28800	1362211200	557608	15.11
3/2/2013 9:00	-1.2	620.8	32400	1362214800	222031	15.11
3/2/2013 10:00	-1	708.1	36000	1362218400	264661	15.11
3/2/2013 11:00	-0.5	727.5	39600	1362222000	274965	15.11
3/2/2013 12:00	-0.7	766.3	43200	1362225600	257259	15.11
3/2/2013 13:00	-0.2	805.1	46800	1362229200	281271	15.11
3/2/2013 14:00	-0.2	58.2	50400	1362232800	35675	15.11
3/2/2013 15:00	-0.7	717.8	54000	1362236400	269781	15.11
3/2/2013 16:00	-0.4	785.7	57600	1362240000	247988	15.11
3/2/2013 17:00	-1.3	814.8	61200	1362243600	284064	15.11
3/2/2013 18:00	-2	834.2	64800	1362247200	289824	15.11
3/2/2013 19:00	-2	58.2	68400	1362250800	35675	15.11
3/2/2013 20:00	-2.4	611.1	72000	1362254400	217593	15.11
3/2/2013 21:00	-2.7	1852.7	75600	1362258000	661446	15.11
3/2/2013 22:00	-2.6	620.8	79200	1362261600	221962	15.11
3/2/2013 23:00	-2.9	620.8	82800	1362265200	221949	15.11
3/3/2013 0:00	-2.6	611.1	0	1362268800	217585	15.11
3/3/2013 1:00	-3.1	591.7	3600	1362272400	209026	15.11
3/3/2013 2:00	-3.1	591.7	7200	1362276000	209026	15.11
3/3/2013 3:00	-2.7	582	10800	1362279600	204876	15.11
3/3/2013 4:00	-3.1	582	14400	1362283200	204862	15.11
3/3/2013 5:00	-2.6	582	18000	1362286800	204879	15.11
3/3/2013 6:00	-2.9	572.3	21600	1362290400	200776	15.11
3/3/2013 7:00	-2.5	611.1	25200	1362294000	217589	15.11
3/3/2013 8:00	-1.9	630.5	28800	1362297600	226443	15.11
3/3/2013 9:00	-1.7	1047.6	32400	1362301200	362802	15.11
3/3/2013 10:00	-1.5	989.4	36000	1362304800	341217	15.11
3/3/2013 11:00	-1.6	1047.6	39600	1362308400	362809	15.11
3/3/2013 13:00	-0.7	1134.9	46800	1362315600	397675	15.11
3/3/2013 14:00	-0.7	1280.4	50400	1362319200	462060	15.11
3/3/2013 15:00	-0.3	1455	54000	1362322800	549958	15.11
3/3/2013 16:00	-0.8	1847.85	57600	1362326400	659542	15.11
3/3/2013 17:00	-1.2	1687.8	61200	1362330000	590426	15.11
3/3/2013 18:00	-1.5	1571.4	64800	1362333600	495638	15.11
3/3/2013 19:00	-2	1498.65	68400	1362337200	547416	15.11
3/3/2013 20:00	-2.2	1047.6	72000	1362340800	362771	15.11
3/3/2013 21:00	-2.2	1425.9	75600	1362344400	534188	15.11
3/3/2013 22:00	-2.5	1382.25	79200	1362348000	511621	15.11
3/3/2013 23:00	-2.5	1382.25	82800	1362351600	511621	15.11
3/4/2013 0:00	-2.5	1353.15	0	1362355200	497002	15.11
3/4/2013 1:00	-2.5	1018.5	3600	1362358800	351800	15.11
3/4/2013 2:00	-3.2	1003.95	7200	1362362400	346409	15.11
3/4/2013 3:00	-4.2	989.4	10800	1362366000	341092	15.11
3/4/2013 4:00	-4.7	989.4	14400	1362369600	341074	15.11
3/4/2013 5:00	-4.5	974.85	18000	1362373200	335885	15.11
3/4/2013 6:00	-4.8	974.85	21600	1362376800	335875	15.11
3/4/2013 7:00	-3.8	974.85	25200	1362380400	335910	15.11
3/4/2013 8:00	-3.2	945.75	28800	1362384000	325776	15.11
3/4/2013 9:00	-2.8	1261	32400	1362387600	452788	15.11
3/4/2013 10:00	-1.6	1484.1	36000	1362391200	568907	15.11
3/4/2013 11:00	-1.1	1464.7	39600	1362394800	555007	15.11
3/4/2013 12:00	-0.1	1542.3	43200	1362398400	508270	15.11
3/4/2013 13:00	-0.3	1610.2	46800	1362402000	559379	15.11
3/4/2013 14:00	0.7	1571.4	50400	1362405600	496215	15.11
3/4/2013 15:00	0.3	1600.5	54000	1362409200	555677	15.11
3/4/2013 16:00	0	1619.9	57600	1362412800	563237	15.11
3/4/2013 17:00	-0.6	1513.2	61200	1362416400	530993	15.11
3/4/2013 18:00	-1.2	1435.6	64800	1362420000	539451	15.11
3/4/2013 19:00	-1.4	1387.1	68400	1362423600	514238	15.11
3/4/2013 20:00	-2	1251.3	72000	1362427200	448396	15.11
3/4/2013 21:00	-2.3	1358	75600	1362430800	499440	15.11
3/4/2013 22:00	-2.7	1338.6	79200	1362434400	489791	15.11
3/4/2013 23:00	-3.2	1299.8	82800	1362438000	470965	15.11
3/5/2013 0:00	-3.2	1309.5	0	1362441600	475606	15.11
3/5/2013 1:00	-2.9	1241.6	3600	1362445200	443885	15.11
3/5/2013 2:00	-3.2	979.7	7200	1362448800	337657	15.11
3/5/2013 3:00	-3.2	58.2	10800	1362452400	35675	15.11
3/5/2013 4:00	-2.9	1542.3	14400	1362456000	507699	15.11
3/5/2013 5:00	-4.1	1212.5	18000	1362459600	430728	15.11
3/5/2013 6:00	-3.7	1261	21600	1362463200	452716	15.11
3/5/2013 7:00	-2.3	1358	25200	1362466800	499440	15.11
3/5/2013 8:00	-1.3	1396.8	28800	1362470400	519218	15.11
3/5/2013 9:00	-0.9	1353.15	32400	1362474000	497215	15.11
3/5/2013 10:00	0	1949.7	36000	1362477600	707032	15.11
3/5/2013 11:00	0.2	2037	39600	1362481200	749741	15.11
3/5/2013 12:00	1.5	2066.1	43200	1362484800	764894	15.11
3/5/2013 13:00	1.7	2182.5	46800	1362488400	825832	15.11
3/5/2013 14:00	1.1	2197.05	50400	1362492000	833344	15.11
3/5/2013 15:00	2.3	2269.8	54000	1362495600	797843	15.11
3/5/2013 16:00	2	2226.15	57600	1362499200	855208	15.11
3/5/2013 17:00	1.5	2109.75	61200	1362502800	787299	15.11
3/5/2013 18:00	1	1484.1	64800	1362506400	569820	15.11
3/5/2013 19:00	1.5	1367.7	68400	1362510000	505028	15.11
3/5/2013 20:00	1.8	1338.6	72000	1362513600	490609	15.11
3/5/2013 21:00	2	1033.05	75600	1362517200	357646	15.11
3/5/2013 22:00	1.3	1033.05	79200	1362520800	357550	15.11
3/5/2013 23:00	1.3	1033.05	82800	1362524400	357550	15.11
3/6/2013 0:00	0.9	858.45	0	1362528000	297404	15.11
3/6/2013 1:00	0.6	1382.25	3600	1362531600	512153	15.11
3/6/2013 2:00	0.6	2255.25	7200	1362535200	812668	15.11
3/6/2013 3:00	0.3	2022.45	10800	1362538800	742530	15.11
3/6/2013 4:00	0.8	1949.7	14400	1362542400	707263	15.11
3/6/2013 5:00	0.8	1891.5	18000	1362546000	679877	15.11
3/6/2013 6:00	0.8	1876.95	21600	1362549600	673165	15.11
3/6/2013 7:00	0.8	1935.15	25200	1362553200	700336	15.11
3/6/2013 8:00	2.3	1920.6	28800	1362556800	694032	15.11
3/6/2013 9:00	2.3	1299.8	32400	1362560400	471910	15.11
3/6/2013 10:00	2	1532.6	36000	1362564000	515228	15.11
3/6/2013 11:00	1.7	1590.8	39600	1362567600	492987	15.11
3/6/2013 12:00	2	1629.6	43200	1362571200	567480	15.11
3/6/2013 13:00	2	1649	46800	1362574800	575242	15.11
3/6/2013 14:00	2	1775.1	50400	1362578400	628013	15.11
3/6/2013 15:00	2	1726.6	54000	1362582000	607241	15.11
3/6/2013 16:00	2.4	1765.4	57600	1362585600	623951	15.11
3/6/2013 17:00	2.9	1610.2	61200	1362589200	560073	15.11
3/6/2013 18:00	2.7	1503.5	64800	1362592800	542707	15.11
3/6/2013 19:00	2.2	1416.2	68400	1362596400	530189	15.11
3/6/2013 20:00	2.2	1299.8	72000	1362600000	471878	15.11
3/6/2013 21:00	2.2	1367.7	75600	1362603600	505263	15.11
3/6/2013 22:00	2	1338.6	79200	1362607200	490672	15.11
3/6/2013 23:00	1.8	1338.6	82800	1362610800	490609	15.11
3/7/2013 0:00	1.3	1328.9	0	1362614400	485702	15.11
3/7/2013 1:00	1.1	1290.1	3600	1362618000	466960	15.11
3/7/2013 2:00	1.5	1270.7	7200	1362621600	457920	15.11
3/7/2013 3:00	1.1	1280.4	10800	1362625200	462377	15.11
3/7/2013 4:00	0.3	1280.4	14400	1362628800	462218	15.11
3/7/2013 5:00	0.1	1319.2	18000	1362632400	480713	15.11
3/7/2013 6:00	0.2	1367.7	21600	1362636000	504697	15.11
3/7/2013 7:00	0.7	1406.5	25200	1362639600	524634	15.11
3/7/2013 8:00	1.4	1493.8	28800	1362643200	554680	15.11
3/7/2013 9:00	1.7	843.9	32400	1362646800	292973	15.11
3/7/2013 10:00	2.4	1775.1	36000	1362650400	628156	15.11
3/7/2013 11:00	3	1804.2	39600	1362654000	641175	15.11
3/7/2013 12:00	3.3	1818.75	43200	1362657600	647796	15.11
3/7/2013 13:00	3.7	1833.3	46800	1362661200	654558	15.11
3/7/2013 14:00	3.6	1833.3	50400	1362664800	654495	15.11
3/7/2013 15:00	3.6	1833.3	54000	1362668400	654495	15.11
3/7/2013 16:00	2.9	1789.65	57600	1362672000	634717	15.11
3/7/2013 17:00	2.6	1775.1	61200	1362675600	628234	15.11
3/7/2013 18:00	1.7	1294.95	64800	1362679200	469415	15.11
3/7/2013 19:00	1.8	814.8	68400	1362682800	284235	15.11
3/7/2013 20:00	1.4	858.45	72000	1362686400	297441	15.11
3/7/2013 21:00	1.4	829.35	75600	1362690000	288538	15.11
3/7/2013 22:00	0.6	858.45	79200	1362693600	297384	15.11
3/7/2013 23:00	0.6	858.45	82800	1362697200	297384	15.11
3/8/2013 0:00	0.1	873	0	1362700800	301921	15.11
3/8/2013 1:00	0.4	843.9	3600	1362704400	292882	15.11
3/8/2013 2:00	0.1	1746	7200	1362708000	615005	15.11
3/8/2013 3:00	-0.2	1644.15	10800	1362711600	572848	15.11
3/8/2013 4:00	-0.5	1629.6	14400	1362715200	567003	15.11
3/8/2013 5:00	-1	1702.35	18000	1362718800	596464	15.11
3/8/2013 6:00	-0.5	1658.7	21600	1362722400	578657	15.11
3/8/2013 7:00	0.8	1731.45	25200	1362726000	608973	15.11
3/8/2013 8:00	0.6	1760.55	28800	1362729600	621339	15.11
3/8/2013 9:00	0.7	1328.9	32400	1362733200	485558	15.11
3/8/2013 10:00	1.5	1406.5	36000	1362736800	524871	15.11
3/8/2013 11:00	2.6	1425.9	39600	1362740400	535457	15.11
3/8/2013 12:00	2.8	1493.8	43200	1362744000	555279	15.11
3/8/2013 13:00	2.9	1493.8	46800	1362747600	555320	15.11
3/8/2013 14:00	3.4	1571.4	50400	1362751200	497421	15.11
3/8/2013 15:00	3.4	1581.1	54000	1362754800	495190	15.11
3/8/2013 16:00	3.4	1503.5	57600	1362758400	542917	15.11
3/8/2013 17:00	3.4	1464.7	61200	1362762000	556559	15.11
3/8/2013 18:00	3.1	1348.3	64800	1362765600	495920	15.11
3/8/2013 19:00	3.3	1270.7	68400	1362769200	458496	15.11
3/8/2013 20:00	2.6	1319.2	72000	1362772800	481379	15.11
3/8/2013 21:00	2.8	1202.8	75600	1362776400	427392	15.11
3/8/2013 22:00	2	1193.1	79200	1362780000	422911	15.11
3/8/2013 23:00	1.4	1173.7	82800	1362783600	414363	15.11
3/9/2013 0:00	0.9	58.2	0	1362787200	35675	15.11
3/9/2013 1:00	0.2	1309.5	3600	1362790800	476046	15.11
3/9/2013 2:00	0	1309.5	7200	1362794400	476009	15.11
3/9/2013 3:00	-0.3	1299.8	10800	1362798000	471309	15.11
3/9/2013 4:00	-0.7	1270.7	14400	1362801600	457519	15.11
3/9/2013 5:00	-0.7	58.2	18000	1362805200	35675	15.11
3/9/2013 6:00	-0.7	1319.2	21600	1362808800	480578	15.11
3/9/2013 7:00	0.6	1377.4	25200	1362812400	509689	15.11
3/9/2013 8:00	1.5	1406.5	28800	1362816000	524871	15.11
3/9/2013 9:00	3.1	858.45	32400	1362819600	297611	15.11
3/9/2013 10:00	3.9	2298.9	36000	1362823200	774101	15.11
3/9/2013 11:00	4.6	2255.25	39600	1362826800	815361	15.11
3/9/2013 12:00	5.1	2197.05	43200	1362830400	836297	15.11
3/9/2013 13:00	5.7	2095.2	46800	1362834000	783007	15.11
3/9/2013 14:00	6.2	2167.95	50400	1362837600	821889	15.11
3/9/2013 15:00	6	2342.55	54000	1362841200	753368	15.11
3/9/2013 16:00	6	2342.55	57600	1362844800	753368	15.11
3/9/2013 17:00	5.7	2080.65	61200	1362848400	775513	15.11
3/9/2013 18:00	3.9	1469.55	64800	1362852000	559448	15.11
3/9/2013 19:00	2.8	1294.95	68400	1362855600	469767	15.11
3/9/2013 20:00	1.5	858.45	72000	1362859200	297449	15.11
3/9/2013 21:00	0.9	1324.05	75600	1362862800	483236	15.11
3/9/2013 22:00	0.7	1309.5	79200	1362866400	476145	15.11
3/9/2013 23:00	0.4	1309.5	82800	1362870000	476084	15.11
3/10/2013 0:00	-0.8	1309.5	0	1362873600	475880	15.11
3/10/2013 1:00	-1	873	3600	1362877200	301861	15.11
3/10/2013 3:00	-1.5	1746	10800	1362884400	614747	15.11
3/10/2013 4:00	-1.7	1746	14400	1362888000	614721	15.11
3/10/2013 5:00	-2.6	1775.1	18000	1362891600	627107	15.11
3/10/2013 6:00	-1.7	1920.6	21600	1362895200	692894	15.11
3/10/2013 7:00	1.7	2037	25200	1362898800	750318	15.11
3/10/2013 8:00	4.4	2240.7	28800	1362902400	834587	15.11
3/10/2013 9:00	5.1	2284.35	32400	1362906000	786633	15.11
3/10/2013 10:00	5.5	58.2	36000	1362909600	35675	15.11
3/10/2013 11:00	5.5	1464.7	39600	1362913200	557820	15.11
3/10/2013 12:00	5.5	1552	43200	1362916800	505891	15.11
3/10/2013 13:00	5.6	1590.8	46800	1362920400	495202	15.11
3/10/2013 14:00	5.2	1590.8	50400	1362924000	494891	15.11
3/10/2013 15:00	4.6	1619.9	54000	1362927600	564679	15.11
3/10/2013 16:00	4	1629.6	57600	1362931200	568206	15.11
3/10/2013 17:00	3.5	1571.4	61200	1362934800	497469	15.11
3/10/2013 18:00	4.3	1484.1	64800	1362938400	571366	15.11
3/10/2013 19:00	3.7	1396.8	68400	1362942000	520806	15.11
3/10/2013 20:00	4	1309.5	72000	1362945600	477319	15.11
3/10/2013 21:00	5.3	58.2	75600	1362949200	35675	15.11
3/10/2013 22:00	5.4	1251.3	79200	1362952800	450587	15.11
3/10/2013 23:00	5.6	1231.9	82800	1362956400	441815	15.11
3/11/2013 0:00	5.9	1193.1	0	1362960000	424634	15.11
3/11/2013 1:00	5.9	1193.1	3600	1362963600	424634	15.11
3/11/2013 2:00	5.6	58.2	7200	1362967200	35675	15.11
3/11/2013 3:00	5.3	999.1	10800	1362970800	345864	15.11
3/11/2013 4:00	5.3	999.1	14400	1362974400	345864	15.11
3/11/2013 5:00	5.3	999.1	18000	1362978000	345864	15.11
3/11/2013 6:00	5.6	58.2	21600	1362981600	35675	15.11
3/11/2013 7:00	5.9	58.2	25200	1362985200	35675	15.11
3/11/2013 8:00	6.4	1270.7	28800	1362988800	460319	15.11
3/11/2013 9:00	6.8	1358	32400	1362992400	503138	15.11
3/11/2013 10:00	7.4	1309.5	36000	1362996000	479774	15.11
3/11/2013 11:00	9.2	2269.8	39600	1362999600	810432	15.11
3/11/2013 12:00	9.4	2458.95	43200	1363003200	761077	15.11
3/11/2013 13:00	9.4	2473.5	46800	1363006800	765014	15.11
3/11/2013 14:00	9.9	2531.7	50400	1363010400	794122	15.11
3/11/2013 15:00	11	2560.8	54000	1363014000	831588	15.11
3/11/2013 16:00	10.7	2560.8	57600	1363017600	824358	15.11
3/11/2013 17:00	10.7	2444.4	61200	1363021200	775715	15.11
3/11/2013 18:00	10.7	2328	64800	1363024800	786421	15.11
3/11/2013 19:00	10.4	1542.3	68400	1363028400	525811	15.11
3/11/2013 20:00	9.9	1324.05	72000	1363032000	492592	15.11
3/11/2013 21:00	9.7	1338.6	75600	1363035600	499076	15.11
3/11/2013 22:00	9.4	960.3	79200	1363039200	335278	15.11
3/11/2013 23:00	9.4	960.3	82800	1363042800	335278	15.11
3/12/2013 0:00	9.7	974.85	0	1363046400	341003	15.11
3/12/2013 1:00	10.2	974.85	3600	1363050000	342055	15.11
3/12/2013 2:00	10.2	1353.15	7200	1363053600	509044	15.11
3/12/2013 3:00	10.2	2298.9	10800	1363057200	794969	15.11
3/12/2013 4:00	10.2	2109.75	14400	1363060800	805935	15.11
3/12/2013 5:00	10.5	2066.1	18000	1363064400	785909	15.11
3/12/2013 6:00	10.5	2197.05	21600	1363068000	858148	15.11
3/12/2013 7:00	11.3	2240.7	25200	1363071600	874162	15.11
3/12/2013 8:00	11.3	2298.9	28800	1363075200	816163	15.11
3/12/2013 9:00	11.3	2400.75	32400	1363078800	785615	15.11
3/12/2013 10:00	12.4	1193.1	36000	1363082400	459495	16.11
3/12/2013 11:00	13	1290.1	39600	1363086000	518100	16.11
3/12/2013 12:00	11.3	1338.6	43200	1363089600	512212	15.11
3/12/2013 13:00	11.5	1338.6	46800	1363093200	515364	15.11
3/12/2013 14:00	10.2	1358	50400	1363096800	511564	15.11
3/12/2013 15:00	8.9	1387.1	54000	1363100400	521343	15.11
3/12/2013 16:00	7.5	1377.4	57600	1363104000	513756	15.11
3/12/2013 17:00	6	1134.9	61200	1363107600	399684	15.11
3/12/2013 18:00	4.9	911.8	64800	1363111200	315159	15.11
3/12/2013 19:00	4.1	882.7	68400	1363114800	305447	15.11
3/12/2013 20:00	3.3	911.8	72000	1363118400	314821	15.11
3/12/2013 21:00	3.1	1222.2	75600	1363122000	436144	15.11
3/12/2013 22:00	2.3	911.8	79200	1363125600	314685	15.11
3/12/2013 23:00	2	892.4	82800	1363129200	308288	15.11
3/13/2013 0:00	1	863.3	0	1363132800	298926	15.11
3/13/2013 1:00	0.3	824.5	3600	1363136400	287015	15.11
3/13/2013 2:00	0	1212.5	7200	1363140000	431111	15.11
3/13/2013 3:00	-0.8	1212.5	10800	1363143600	431008	15.11
3/13/2013 4:00	-0.4	1231.9	14400	1363147200	439750	15.11
3/13/2013 5:00	-1.7	1231.9	18000	1363150800	439599	15.11
3/13/2013 6:00	-0.8	1231.9	21600	1363154400	439699	15.11
3/13/2013 7:00	2.2	1222.2	25200	1363158000	435871	15.11
3/13/2013 8:00	2.5	1212.5	28800	1363161600	431611	15.11
3/13/2013 9:00	3	1241.6	32400	1363165200	444909	15.11
3/13/2013 10:00	3.5	974.85	36000	1363168800	336559	15.11
3/13/2013 11:00	3.3	2357.1	39600	1363172400	746017	15.11
3/13/2013 12:00	3.6	2415.3	43200	1363176000	739842	15.11
3/13/2013 13:00	3.5	2400.75	46800	1363179600	739703	15.11
3/13/2013 14:00	3.1	2502.6	50400	1363183200	758833	15.11
3/13/2013 15:00	2.5	2575.35	54000	1363186800	795297	15.11
3/13/2013 16:00	2.5	2546.25	57600	1363190400	778448	15.11
3/13/2013 17:00	2.2	2502.6	61200	1363194000	758162	15.11
3/13/2013 18:00	1.2	2488.05	64800	1363197600	752262	15.11
3/13/2013 19:00	0.2	1629.6	68400	1363201200	567108	15.11
3/13/2013 20:00	-0.6	1367.7	72000	1363204800	504542	15.11
3/13/2013 21:00	-1.3	989.4	75600	1363208400	341229	15.11
3/13/2013 22:00	-1.7	1353.15	79200	1363212000	497100	15.11
3/13/2013 23:00	-2	1353.15	82800	1363215600	497061	15.11
3/14/2013 0:00	-2.2	1353.15	0	1363219200	497037	15.11
3/14/2013 1:00	-2.2	1324.05	3600	1363222800	482735	15.11
3/14/2013 2:00	-2.2	989.4	7200	1363226400	341178	15.11
3/14/2013 3:00	-2.7	2124.3	10800	1363230000	793574	15.11
3/14/2013 4:00	-3	2022.45	14400	1363233600	741809	15.11
3/14/2013 5:00	-2.8	2080.65	18000	1363237200	771072	15.11
3/14/2013 6:00	-2.8	2182.5	21600	1363240800	824278	15.11
3/14/2013 7:00	-2.1	2269.8	25200	1363244400	795803	15.11
3/14/2013 8:00	-1.4	2255.25	28800	1363248000	811934	15.11
3/14/2013 9:00	-1.4	2269.8	32400	1363251600	796108	15.11
3/14/2013 10:00	-0.8	805.1	36000	1363255200	281244	15.11
3/14/2013 11:00	-0.1	853.6	39600	1363258800	295837	15.11
3/14/2013 12:00	0.5	873	43200	1363262400	301946	15.11
3/14/2013 13:00	0.7	863.3	46800	1363266000	298905	15.11
3/14/2013 14:00	0.7	863.3	50400	1363269600	298905	15.11
3/14/2013 15:00	0.8	863.3	54000	1363273200	298911	15.11
3/14/2013 16:00	0.2	882.7	57600	1363276800	305016	15.11
3/14/2013 17:00	-0.3	911.8	61200	1363280400	314464	15.11
3/14/2013 18:00	-0.7	892.4	64800	1363284000	308088	15.11
3/14/2013 19:00	-1.2	863.3	68400	1363287600	298799	15.11
3/14/2013 20:00	-1	834.2	72000	1363291200	289863	15.11
3/14/2013 21:00	-1.6	814.8	75600	1363294800	284053	15.11
3/14/2013 22:00	-1.8	805.1	79200	1363298400	281206	15.11
3/14/2013 23:00	-1.8	785.7	82800	1363302000	247814	15.11
3/15/2013 0:00	-3	776	0	1363305600	251307	15.11
3/15/2013 1:00	-3	766.3	3600	1363309200	257016	15.11
3/15/2013 2:00	-3.7	805.1	7200	1363312800	281150	15.11
3/15/2013 3:00	-3.1	785.7	10800	1363316400	247688	15.11
3/15/2013 4:00	-3.2	785.7	14400	1363320000	247698	15.11
3/15/2013 5:00	-3.1	785.7	18000	1363323600	247688	15.11
3/15/2013 6:00	-2.2	776	21600	1363327200	251370	15.11
3/15/2013 7:00	-1	776	25200	1363330800	251508	15.11
3/15/2013 8:00	0.2	795.4	28800	1363334400	246229	15.11
3/15/2013 9:00	1.4	814.8	32400	1363338000	284205	15.11
