	Twet	Load	Hour(s)	TimeStamp(s)	Power	Tset	month
2011-03-01 00:00:00	2.6	58.2	0	1298937600	35675	15.11	3
2011-03-01 01:00:00	1.4	58.2	3600	1298941200	35675	15.11	3
2011-03-01 02:00:00	0.2	58.2	7200	1298944800	35675	15.11	3
2011-03-01 03:00:00	-0.8	58.2	10800	1298948400	35675	15.11	3
2011-03-01 04:00:00	-1.3	58.2	14400	1298952000	35675	15.11	3
2011-03-01 05:00:00	-1.5	58.2	18000	1298955600	35675	15.11	3
2011-03-01 06:00:00	-1.9	58.2	21600	1298959200	35675	15.11	3
2011-03-01 07:00:00	-1.2	58.2	25200	1298962800	35675	15.11	3
2011-03-01 08:00:00	-0.8	58.2	28800	1298966400	35675	15.11	3
2011-03-01 09:00:00	0.0	58.2	32400	1298970000	35675	15.11	3
2011-03-01 10:00:00	0.6	58.2	36000	1298973600	35675	15.11	3
2011-03-01 11:00:00	1.7	58.2	39600	1298977200	35675	15.11	3
2011-03-01 12:00:00	1.6	58.2	43200	1298980800	35675	15.11	3
2011-03-01 13:00:00	2.4	58.2	46800	1298984400	35675	15.11	3
2011-03-01 14:00:00	2.7	58.2	50400	1298988000	35675	15.11	3
2011-03-01 15:00:00	2.8	58.2	54000	1298991600	35675	15.11	3
2011-03-01 16:00:00	2.2	58.2	57600	1298995200	35675	15.11	3
2011-03-01 17:00:00	1.7	58.2	61200	1298998800	35675	15.11	3
2011-03-01 18:00:00	0.4	58.2	64800	1299002400	35675	15.11	3
2011-03-01 19:00:00	-0.3	58.2	68400	1299006000	35675	15.11	3
2011-03-01 20:00:00	-0.8	58.2	72000	1299009600	35675	15.11	3
2011-03-01 21:00:00	-1.7	58.2	75600	1299013200	35675	15.11	3
2011-03-01 22:00:00	-2.7	58.2	79200	1299016800	35675	15.11	3
2011-03-01 23:00:00	-2.7	58.2	82800	1299020400	35675	15.11	3
2011-03-02 00:00:00	-1.5	58.2	0	1299024000	35675	15.11	3
2011-03-02 01:00:00	-1.7	58.2	3600	1299027600	35675	15.11	3
2011-03-02 02:00:00	-1.7	58.2	7200	1299031200	35675	15.11	3
2011-03-02 03:00:00	-1.2	58.2	10800	1299034800	35675	15.11	3
2011-03-02 04:00:00	-1.0	58.2	14400	1299038400	35675	15.11	3
2011-03-02 05:00:00	-0.7	58.2	18000	1299042000	35675	15.11	3
2011-03-02 06:00:00	-0.8	58.2	21600	1299045600	35675	15.11	3
2011-03-02 07:00:00	0.0	58.2	25200	1299049200	35675	15.11	3
2011-03-02 08:00:00	1.5	58.2	28800	1299052800	35675	15.11	3
2011-03-02 09:00:00	3.3	58.2	32400	1299056400	35675	15.11	3
2011-03-02 10:00:00	4.3	58.2	36000	1299060000	35675	15.11	3
2011-03-02 11:00:00	5.5	58.2	39600	1299063600	35675	15.11	3
2011-03-02 12:00:00	6.7	58.2	43200	1299067200	35675	15.11	3
2011-03-02 13:00:00	7.4	756.6	46800	1299070800	267962	15.11	3
2011-03-02 14:00:00	7.3	58.2	50400	1299074400	35675	15.11	3
2011-03-02 15:00:00	7.4	494.7	54000	1299078000	171830	15.11	3
2011-03-02 16:00:00	6.0	58.2	57600	1299081600	35675	15.11	3
2011-03-02 17:00:00	4.1	58.2	61200	1299085200	35675	15.11	3
2011-03-02 18:00:00	2.8	446.2	64800	1299088800	154193	15.11	3
2011-03-02 19:00:00	1.1	514.1	68400	1299092400	177855	15.11	3
2011-03-02 20:00:00	-0.1	58.2	72000	1299096000	35675	15.11	3
2011-03-02 21:00:00	-0.9	58.2	75600	1299099600	35675	15.11	3
2011-03-02 22:00:00	-2.3	58.2	79200	1299103200	35675	15.11	3
2011-03-02 23:00:00	-3.2	465.6	82800	1299106800	160413	15.11	3
2011-03-03 00:00:00	-4.1	58.2	0	1299110400	35675	15.11	3
2011-03-03 01:00:00	-4.8	407.4	3600	1299114000	141984	15.11	3
2011-03-03 02:00:00	-5.4	58.2	7200	1299117600	35675	15.11	3
2011-03-03 03:00:00	-5.8	58.2	10800	1299121200	35675	15.11	3
2011-03-03 04:00:00	-6.0	58.2	14400	1299124800	35675	15.11	3
2011-03-03 05:00:00	-6.4	58.2	18000	1299128400	35675	15.11	3
2011-03-03 06:00:00	-6.9	58.2	21600	1299132000	35675	15.11	3
2011-03-03 07:00:00	-6.4	58.2	25200	1299135600	35675	15.11	3
2011-03-03 08:00:00	-5.7	58.2	28800	1299139200	35675	15.11	3
2011-03-03 09:00:00	-5.1	58.2	32400	1299142800	35675	15.11	3
2011-03-03 10:00:00	-3.8	426.8	36000	1299146400	147849	15.11	3
2011-03-03 11:00:00	-4.3	58.2	39600	1299150000	35675	15.11	3
2011-03-03 12:00:00	-3.9	58.2	43200	1299153600	35675	15.11	3
2011-03-03 13:00:00	-3.2	58.2	46800	1299157200	35675	15.11	3
2011-03-03 14:00:00	-2.0	58.2	50400	1299160800	35675	15.11	3
2011-03-03 15:00:00	-2.1	58.2	54000	1299164400	35675	15.11	3
2011-03-03 16:00:00	-2.5	58.2	57600	1299168000	35675	15.11	3
2011-03-03 17:00:00	-3.3	58.2	61200	1299171600	35675	15.11	3
2011-03-03 18:00:00	-3.7	58.2	64800	1299175200	35675	15.11	3
2011-03-03 19:00:00	-3.4	58.2	68400	1299178800	35675	15.11	3
2011-03-03 20:00:00	-3.7	58.2	72000	1299182400	35675	15.11	3
2011-03-03 21:00:00	-4.1	58.2	75600	1299186000	35675	15.11	3
2011-03-03 22:00:00	-3.8	58.2	79200	1299189600	35675	15.11	3
2011-03-03 23:00:00	-3.3	58.2	82800	1299193200	35675	15.11	3
2011-03-04 00:00:00	-3.2	58.2	0	1299196800	35675	15.11	3
2011-03-04 01:00:00	-2.9	58.2	3600	1299200400	35675	15.11	3
2011-03-04 02:00:00	-2.7	58.2	7200	1299204000	35675	15.11	3
2011-03-04 03:00:00	-2.7	58.2	10800	1299207600	35675	15.11	3
2011-03-04 04:00:00	-3.6	58.2	14400	1299211200	35675	15.11	3
2011-03-04 05:00:00	-3.4	58.2	18000	1299214800	35675	15.11	3
2011-03-04 06:00:00	-3.6	58.2	21600	1299218400	35675	15.11	3
2011-03-04 07:00:00	-2.2	58.2	25200	1299222000	35675	15.11	3
2011-03-04 08:00:00	-0.7	58.2	28800	1299225600	35675	15.11	3
2011-03-04 09:00:00	0.1	58.2	32400	1299229200	35675	15.11	3
2011-03-04 10:00:00	1.1	58.2	36000	1299232800	35675	15.11	3
2011-03-04 11:00:00	1.1	58.2	39600	1299236400	35675	15.11	3
2011-03-04 12:00:00	1.6	58.2	43200	1299240000	35675	15.11	3
2011-03-04 13:00:00	2.8	58.2	46800	1299243600	35675	15.11	3
2011-03-04 14:00:00	3.1	58.2	50400	1299247200	35675	15.11	3
2011-03-04 15:00:00	3.3	58.2	54000	1299250800	35675	15.11	3
2011-03-04 16:00:00	3.7	58.2	57600	1299254400	35675	15.11	3
2011-03-04 17:00:00	3.1	58.2	61200	1299258000	35675	15.11	3
2011-03-04 18:00:00	3.2	58.2	64800	1299261600	35675	15.11	3
2011-03-04 19:00:00	3.1	58.2	68400	1299265200	35675	15.11	3
2011-03-04 20:00:00	3.4	58.2	72000	1299268800	35675	15.11	3
2011-03-04 21:00:00	3.1	58.2	75600	1299272400	35675	15.11	3
2011-03-04 22:00:00	3.3	58.2	79200	1299276000	35675	15.11	3
2011-03-04 23:00:00	3.5	58.2	82800	1299279600	35675	15.11	3
2011-03-05 00:00:00	3.5	58.2	0	1299283200	35675	15.11	3
2011-03-05 01:00:00	3.2	58.2	3600	1299286800	35675	15.11	3
2011-03-05 02:00:00	3.7	58.2	7200	1299290400	35675	15.11	3
2011-03-05 03:00:00	4.2	58.2	10800	1299294000	35675	15.11	3
2011-03-05 04:00:00	4.2	58.2	14400	1299297600	35675	15.11	3
2011-03-05 05:00:00	4.2	58.2	18000	1299301200	35675	15.11	3
2011-03-05 06:00:00	5.3	58.2	21600	1299304800	35675	15.11	3
2011-03-05 07:00:00	5.9	58.2	25200	1299308400	35675	15.11	3
2011-03-05 08:00:00	7.5	58.2	28800	1299312000	35675	15.11	3
2011-03-05 09:00:00	9.1	58.2	32400	1299315600	35675	15.11	3
2011-03-05 10:00:00	10.2	58.2	36000	1299319200	35675	15.11	3
2011-03-05 11:00:00	11.0	58.2	39600	1299322800	35675	15.11	3
2011-03-05 12:00:00	11.2	58.2	43200	1299326400	35675	15.11	3
2011-03-05 13:00:00	11.0	58.2	46800	1299330000	35675	15.11	3
2011-03-05 14:00:00	11.2	58.2	50400	1299333600	35675	15.11	3
2011-03-05 15:00:00	11.2	58.2	54000	1299337200	35675	15.11	3
2011-03-05 16:00:00	11.0	58.2	57600	1299340800	35675	15.11	3
2011-03-05 17:00:00	10.7	58.2	61200	1299344400	35675	15.11	3
2011-03-05 18:00:00	10.7	58.2	64800	1299348000	35675	15.11	3
2011-03-05 19:00:00	10.5	58.2	68400	1299351600	35675	15.11	3
2011-03-05 20:00:00	10.2	58.2	72000	1299355200	35675	15.11	3
2011-03-05 21:00:00	10.2	58.2	75600	1299358800	35675	15.11	3
2011-03-05 22:00:00	9.7	58.2	79200	1299362400	35675	15.11	3
2011-03-05 23:00:00	9.7	58.2	82800	1299366000	35675	15.11	3
2011-03-06 00:00:00	9.4	58.2	0	1299369600	35675	15.11	3
2011-03-06 01:00:00	9.4	58.2	3600	1299373200	35675	15.11	3
2011-03-06 02:00:00	9.4	58.2	7200	1299376800	35675	15.11	3
2011-03-06 03:00:00	10.5	58.2	10800	1299380400	35675	15.11	3
2011-03-06 04:00:00	10.2	58.2	14400	1299384000	35675	15.11	3
2011-03-06 05:00:00	10.5	58.2	18000	1299387600	35675	15.11	3
2011-03-06 06:00:00	11.0	58.2	21600	1299391200	35675	15.11	3
2011-03-06 07:00:00	11.3	58.2	25200	1299394800	35675	15.11	3
2011-03-06 08:00:00	11.3	58.2	28800	1299398400	35675	15.11	3
2011-03-06 09:00:00	11.9	58.2	32400	1299402000	35765	15.11	3
2011-03-06 10:00:00	12.4	58.2	36000	1299405600	36013	15.11	3
2011-03-06 11:00:00	12.7	737.2	39600	1299409200	308634	16.11	3
2011-03-06 12:00:00	13.2	58.2	43200	1299412800	37195	15.11	3
2011-03-06 13:00:00	12.4	649.9	46800	1299416400	256632	16.11	3
2011-03-06 14:00:00	13.2	58.2	50400	1299420000	37195	15.11	3
2011-03-06 15:00:00	13.0	58.2	54000	1299423600	36903	15.11	3
2011-03-06 16:00:00	12.7	58.2	57600	1299427200	36252	15.11	3
2011-03-06 17:00:00	10.5	417.1	61200	1299430800	147557	15.11	3
2011-03-06 18:00:00	6.4	533.5	64800	1299434400	186184	15.11	3
2011-03-06 19:00:00	5.0	58.2	68400	1299438000	35675	15.11	3
2011-03-06 20:00:00	3.1	58.2	72000	1299441600	35675	15.11	3
2011-03-06 21:00:00	2.3	58.2	75600	1299445200	35675	15.11	3
2011-03-06 22:00:00	2.0	58.2	79200	1299448800	35675	15.11	3
2011-03-06 23:00:00	2.1	58.2	82800	1299452400	35675	15.11	3
2011-03-07 00:00:00	1.2	58.2	0	1299456000	35675	15.11	3
2011-03-07 01:00:00	1.0	58.2	3600	1299459600	35675	15.11	3
2011-03-07 02:00:00	0.5	58.2	7200	1299463200	35675	15.11	3
2011-03-07 03:00:00	0.1	58.2	10800	1299466800	35675	15.11	3
2011-03-07 04:00:00	0.0	58.2	14400	1299470400	35675	15.11	3
2011-03-07 05:00:00	-0.5	58.2	18000	1299474000	35675	15.11	3
2011-03-07 06:00:00	-0.3	58.2	21600	1299477600	35675	15.11	3
2011-03-07 07:00:00	0.0	58.2	25200	1299481200	35675	15.11	3
2011-03-07 08:00:00	0.5	58.2	28800	1299484800	35675	15.11	3
2011-03-07 09:00:00	1.2	58.2	32400	1299488400	35675	15.11	3
2011-03-07 10:00:00	1.5	58.2	36000	1299492000	35675	15.11	3
2011-03-07 11:00:00	2.6	58.2	39600	1299495600	35675	15.11	3
2011-03-07 12:00:00	2.3	58.2	43200	1299499200	35675	15.11	3
2011-03-07 13:00:00	3.0	58.2	46800	1299502800	35675	15.11	3
2011-03-07 14:00:00	2.7	58.2	50400	1299506400	35675	15.11	3
2011-03-07 15:00:00	2.6	58.2	54000	1299510000	35675	15.11	3
2011-03-07 16:00:00	2.0	58.2	57600	1299513600	35675	15.11	3
2011-03-07 17:00:00	0.6	58.2	61200	1299517200	35675	15.11	3
2011-03-07 18:00:00	0.1	58.2	64800	1299520800	35675	15.11	3
2011-03-07 19:00:00	0.0	58.2	68400	1299524400	35675	15.11	3
2011-03-07 20:00:00	-0.5	58.2	72000	1299528000	35675	15.11	3
2011-03-07 21:00:00	-0.8	58.2	75600	1299531600	35675	15.11	3
2011-03-07 22:00:00	-1.2	58.2	79200	1299535200	35675	15.11	3
2011-03-07 23:00:00	-0.7	58.2	82800	1299538800	35675	15.11	3
2011-03-08 00:00:00	-1.4	58.2	0	1299542400	35675	15.11	3
2011-03-08 01:00:00	-2.2	58.2	3600	1299546000	35675	15.11	3
2011-03-08 02:00:00	-2.4	58.2	7200	1299549600	35675	15.11	3
2011-03-08 03:00:00	-2.4	58.2	10800	1299553200	35675	15.11	3
2011-03-08 04:00:00	-2.8	58.2	14400	1299556800	35675	15.11	3
2011-03-08 05:00:00	-3.3	58.2	18000	1299560400	35675	15.11	3
2011-03-08 06:00:00	-2.9	58.2	21600	1299564000	35675	15.11	3
2011-03-08 07:00:00	-1.0	58.2	25200	1299567600	35675	15.11	3
2011-03-08 08:00:00	-0.9	58.2	28800	1299571200	35675	15.11	3
2011-03-08 09:00:00	-0.1	58.2	32400	1299574800	35675	15.11	3
2011-03-08 10:00:00	0.7	58.2	36000	1299578400	35675	15.11	3
2011-03-08 11:00:00	1.4	58.2	39600	1299582000	35675	15.11	3
2011-03-08 12:00:00	1.6	58.2	43200	1299585600	35675	15.11	3
2011-03-08 13:00:00	1.4	58.2	46800	1299589200	35675	15.11	3
2011-03-08 14:00:00	1.8	58.2	50400	1299592800	35675	15.11	3
2011-03-08 15:00:00	2.1	58.2	54000	1299596400	35675	15.11	3
2011-03-08 16:00:00	1.6	494.7	57600	1299600000	170743	15.11	3
2011-03-08 17:00:00	1.4	58.2	61200	1299603600	35675	15.11	3
2011-03-08 18:00:00	1.1	455.9	64800	1299607200	157287	15.11	3
2011-03-08 19:00:00	0.0	58.2	68400	1299610800	35675	15.11	3
2011-03-08 20:00:00	0.7	58.2	72000	1299614400	35675	15.11	3
2011-03-08 21:00:00	0.0	58.2	75600	1299618000	35675	15.11	3
2011-03-08 22:00:00	0.1	58.2	79200	1299621600	35675	15.11	3
2011-03-08 23:00:00	-0.3	58.2	82800	1299625200	35675	15.11	3
2011-03-09 00:00:00	-0.3	58.2	0	1299628800	35675	15.11	3
2011-03-09 01:00:00	0.7	58.2	3600	1299632400	35675	15.11	3
2011-03-09 02:00:00	0.5	58.2	7200	1299636000	35675	15.11	3
2011-03-09 03:00:00	0.7	58.2	10800	1299639600	35675	15.11	3
2011-03-09 04:00:00	1.1	58.2	14400	1299643200	35675	15.11	3
2011-03-09 05:00:00	1.6	58.2	18000	1299646800	35675	15.11	3
2011-03-09 06:00:00	2.4	58.2	21600	1299650400	35675	15.11	3
2011-03-09 07:00:00	2.9	58.2	25200	1299654000	35675	15.11	3
2011-03-09 08:00:00	3.0	58.2	28800	1299657600	35675	15.11	3
2011-03-09 09:00:00	3.9	58.2	32400	1299661200	35675	15.11	3
2011-03-09 10:00:00	4.7	58.2	36000	1299664800	35675	15.11	3
2011-03-09 11:00:00	5.0	58.2	39600	1299668400	35675	15.11	3
2011-03-09 12:00:00	5.3	58.2	43200	1299672000	35675	15.11	3
2011-03-09 13:00:00	5.8	58.2	46800	1299675600	35675	15.11	3
2011-03-09 14:00:00	5.8	58.2	50400	1299679200	35675	15.11	3
2011-03-09 15:00:00	5.7	58.2	54000	1299682800	35675	15.11	3
2011-03-09 16:00:00	5.7	58.2	57600	1299686400	35675	15.11	3
2011-03-09 17:00:00	5.4	58.2	61200	1299690000	35675	15.11	3
2011-03-09 18:00:00	5.1	58.2	64800	1299693600	35675	15.11	3
2011-03-09 19:00:00	5.4	58.2	68400	1299697200	35675	15.11	3
2011-03-09 20:00:00	5.6	58.2	72000	1299700800	35675	15.11	3
2011-03-09 21:00:00	6.1	58.2	75600	1299704400	35675	15.11	3
2011-03-09 22:00:00	6.4	58.2	79200	1299708000	35675	15.11	3
2011-03-09 23:00:00	6.7	58.2	82800	1299711600	35675	15.11	3
2011-03-10 00:00:00	6.9	58.2	0	1299715200	35675	15.11	3
2011-03-10 01:00:00	6.9	58.2	3600	1299718800	35675	15.11	3
2011-03-10 02:00:00	7.5	58.2	7200	1299722400	35675	15.11	3
2011-03-10 03:00:00	8.6	58.2	10800	1299726000	35675	15.11	3
2011-03-10 04:00:00	8.6	58.2	14400	1299729600	35675	15.11	3
2011-03-10 05:00:00	9.1	58.2	18000	1299733200	35675	15.11	3
2011-03-10 06:00:00	8.6	58.2	21600	1299736800	35675	15.11	3
2011-03-10 07:00:00	9.1	58.2	25200	1299740400	35675	15.11	3
2011-03-10 08:00:00	10.2	58.2	28800	1299744000	35675	15.11	3
2011-03-10 09:00:00	10.8	58.2	32400	1299747600	35675	15.11	3
2011-03-10 10:00:00	11.3	58.2	36000	1299751200	35675	15.11	3
2011-03-10 11:00:00	11.9	58.2	39600	1299754800	35765	15.11	3
2011-03-10 12:00:00	12.1	58.2	43200	1299758400	35930	15.11	3
2011-03-10 13:00:00	12.7	58.2	46800	1299762000	36252	15.11	3
2011-03-10 14:00:00	12.4	58.2	50400	1299765600	36013	15.11	3
2011-03-10 15:00:00	12.7	58.2	54000	1299769200	36252	15.11	3
2011-03-10 16:00:00	13.2	58.2	57600	1299772800	37195	15.11	3
2011-03-10 17:00:00	13.0	58.2	61200	1299776400	36903	15.11	3
2011-03-10 18:00:00	13.0	58.2	64800	1299780000	36903	15.11	3
2011-03-10 19:00:00	13.8	58.2	68400	1299783600	38299	16.11	3
2011-03-10 20:00:00	9.7	58.2	72000	1299787200	35675	15.11	3
2011-03-10 21:00:00	8.3	58.2	75600	1299790800	35675	15.11	3
2011-03-10 22:00:00	7.7	58.2	79200	1299794400	35675	15.11	3
2011-03-10 23:00:00	7.7	58.2	82800	1299798000	35675	15.11	3
2011-03-11 00:00:00	8.0	58.2	0	1299801600	35675	15.11	3
2011-03-11 01:00:00	7.2	58.2	3600	1299805200	35675	15.11	3
2011-03-11 02:00:00	6.4	58.2	7200	1299808800	35675	15.11	3
2011-03-11 03:00:00	5.9	58.2	10800	1299812400	35675	15.11	3
2011-03-11 04:00:00	4.7	58.2	14400	1299816000	35675	15.11	3
2011-03-11 05:00:00	3.4	58.2	18000	1299819600	35675	15.11	3
2011-03-11 06:00:00	2.4	58.2	21600	1299823200	35675	15.11	3
2011-03-11 07:00:00	3.0	58.2	25200	1299826800	35675	15.11	3
2011-03-11 08:00:00	3.6	58.2	28800	1299830400	35675	15.11	3
2011-03-11 09:00:00	3.6	58.2	32400	1299834000	35675	15.11	3
2011-03-11 10:00:00	3.7	58.2	36000	1299837600	35675	15.11	3
2011-03-11 11:00:00	4.7	58.2	39600	1299841200	35675	15.11	3
2011-03-11 12:00:00	5.3	58.2	43200	1299844800	35675	15.11	3
2011-03-11 13:00:00	5.1	58.2	46800	1299848400	35675	15.11	3
2011-03-11 14:00:00	4.3	58.2	50400	1299852000	35675	15.11	3
2011-03-11 15:00:00	4.6	58.2	54000	1299855600	35675	15.11	3
2011-03-11 16:00:00	3.4	58.2	57600	1299859200	35675	15.11	3
2011-03-11 17:00:00	3.1	58.2	61200	1299862800	35675	15.11	3
2011-03-11 18:00:00	2.1	58.2	64800	1299866400	35675	15.11	3
2011-03-11 19:00:00	2.3	58.2	68400	1299870000	35675	15.11	3
2011-03-11 20:00:00	2.5	58.2	72000	1299873600	35675	15.11	3
2011-03-11 21:00:00	2.3	58.2	75600	1299877200	35675	15.11	3
2011-03-11 22:00:00	1.9	58.2	79200	1299880800	35675	15.11	3
2011-03-11 23:00:00	1.6	58.2	82800	1299884400	35675	15.11	3
2011-03-12 00:00:00	1.3	58.2	0	1299888000	35675	15.11	3
2011-03-12 01:00:00	0.9	58.2	3600	1299891600	35675	15.11	3
2011-03-12 02:00:00	0.9	58.2	7200	1299895200	35675	15.11	3
2011-03-12 03:00:00	0.9	58.2	10800	1299898800	35675	15.11	3
2011-03-12 04:00:00	0.6	58.2	14400	1299902400	35675	15.11	3
2011-03-12 05:00:00	0.3	58.2	18000	1299906000	35675	15.11	3
2011-03-12 06:00:00	0.6	58.2	21600	1299909600	35675	15.11	3
2011-03-12 07:00:00	2.1	58.2	25200	1299913200	35675	15.11	3
2011-03-12 08:00:00	3.5	58.2	28800	1299916800	35675	15.11	3
2011-03-12 09:00:00	3.8	58.2	32400	1299920400	35675	15.11	3
2011-03-12 10:00:00	3.9	58.2	36000	1299924000	35675	15.11	3
2011-03-12 11:00:00	3.9	58.2	39600	1299927600	35675	15.11	3
2011-03-12 12:00:00	4.4	58.2	43200	1299931200	35675	15.11	3
2011-03-12 13:00:00	5.2	58.2	46800	1299934800	35675	15.11	3
2011-03-12 14:00:00	7.2	58.2	50400	1299938400	35675	15.11	3
2011-03-12 15:00:00	7.6	58.2	54000	1299942000	35675	15.11	3
2011-03-12 16:00:00	7.8	58.2	57600	1299945600	35675	15.11	3
2011-03-12 17:00:00	7.7	58.2	61200	1299949200	35675	15.11	3
2011-03-12 18:00:00	6.0	58.2	64800	1299952800	35675	15.11	3
2011-03-12 19:00:00	5.1	58.2	68400	1299956400	35675	15.11	3
2011-03-12 20:00:00	4.2	58.2	72000	1299960000	35675	15.11	3
2011-03-12 21:00:00	3.3	58.2	75600	1299963600	35675	15.11	3
2011-03-12 22:00:00	2.7	58.2	79200	1299967200	35675	15.11	3
2011-03-12 23:00:00	3.0	58.2	82800	1299970800	35675	15.11	3
2011-03-13 00:00:00	3.9	58.2	0	1299974400	35675	15.11	3
2011-03-13 01:00:00	3.3	58.2	3600	1299978000	35675	15.11	3
2011-03-13 03:00:00	4.1	58.2	10800	1299985200	35675	15.11	3
2011-03-13 04:00:00	3.7	58.2	14400	1299988800	35675	15.11	3
2011-03-13 05:00:00	1.6	58.2	18000	1299992400	35675	15.11	3
2011-03-13 06:00:00	5.0	58.2	21600	1299996000	35675	15.11	3
2011-03-13 07:00:00	6.0	58.2	25200	1299999600	35675	15.11	3
2011-03-13 08:00:00	5.8	58.2	28800	1300003200	35675	15.11	3
2011-03-13 09:00:00	6.1	58.2	32400	1300006800	35675	15.11	3
2011-03-13 10:00:00	6.4	58.2	36000	1300010400	35675	15.11	3
2011-03-13 11:00:00	6.6	58.2	39600	1300014000	35675	15.11	3
2011-03-13 12:00:00	7.4	58.2	43200	1300017600	35675	15.11	3
2011-03-13 13:00:00	7.2	58.2	46800	1300021200	35675	15.11	3
2011-03-13 14:00:00	6.7	1639.3	50400	1300024800	574320	15.11	3
2011-03-13 15:00:00	6.9	494.7	54000	1300028400	171638	15.11	3
2011-03-13 16:00:00	5.9	649.9	57600	1300032000	236896	15.11	3
2011-03-13 17:00:00	4.8	843.9	61200	1300035600	293387	15.11	3
2011-03-13 18:00:00	4.0	611.1	64800	1300039200	218263	15.11	3
2011-03-13 19:00:00	3.2	649.9	68400	1300042800	236133	15.11	3
2011-03-13 20:00:00	2.5	436.5	72000	1300046400	151062	15.11	3
2011-03-13 21:00:00	1.9	58.2	75600	1300050000	35675	15.11	3
2011-03-13 22:00:00	1.3	58.2	79200	1300053600	35675	15.11	3
2011-03-13 23:00:00	0.9	58.2	82800	1300057200	35675	15.11	3
2011-03-14 00:00:00	0.3	58.2	0	1300060800	35675	15.11	3
2011-03-14 01:00:00	-0.3	58.2	3600	1300064400	35675	15.11	3
2011-03-14 02:00:00	-0.3	58.2	7200	1300068000	35675	15.11	3
2011-03-14 03:00:00	-0.6	58.2	10800	1300071600	35675	15.11	3
2011-03-14 04:00:00	-1.0	58.2	14400	1300075200	35675	15.11	3
2011-03-14 05:00:00	-0.4	58.2	18000	1300078800	35675	15.11	3
2011-03-14 06:00:00	1.2	58.2	21600	1300082400	35675	15.11	3
2011-03-14 07:00:00	2.5	58.2	25200	1300086000	35675	15.11	3
2011-03-14 08:00:00	2.5	58.2	28800	1300089600	35675	15.11	3
2011-03-14 09:00:00	3.4	58.2	32400	1300093200	35675	15.11	3
2011-03-14 10:00:00	3.3	58.2	36000	1300096800	35675	15.11	3
2011-03-14 11:00:00	3.6	58.2	39600	1300100400	35675	15.11	3
2011-03-14 12:00:00	4.3	58.2	43200	1300104000	35675	15.11	3
2011-03-14 13:00:00	4.2	58.2	46800	1300107600	35675	15.11	3
2011-03-14 14:00:00	4.5	58.2	50400	1300111200	35675	15.11	3
2011-03-14 15:00:00	4.8	58.2	54000	1300114800	35675	15.11	3
2011-03-14 16:00:00	4.2	58.2	57600	1300118400	35675	15.11	3
2011-03-14 17:00:00	3.3	58.2	61200	1300122000	35675	15.11	3
2011-03-14 18:00:00	3.0	58.2	64800	1300125600	35675	15.11	3
2011-03-14 19:00:00	2.7	58.2	68400	1300129200	35675	15.11	3
2011-03-14 20:00:00	2.9	58.2	72000	1300132800	35675	15.11	3
2011-03-14 21:00:00	2.6	58.2	75600	1300136400	35675	15.11	3
2011-03-14 22:00:00	2.7	58.2	79200	1300140000	35675	15.11	3
2011-03-14 23:00:00	1.7	58.2	82800	1300143600	35675	15.11	3
2011-03-15 00:00:00	0.5	58.2	0	1300147200	35675	15.11	3
2011-03-15 01:00:00	1.1	58.2	3600	1300150800	35675	15.11	3
2011-03-15 02:00:00	0.5	58.2	7200	1300154400	35675	15.11	3
2011-03-15 03:00:00	0.3	58.2	10800	1300158000	35675	15.11	3
2011-03-15 04:00:00	0.0	58.2	14400	1300161600	35675	15.11	3
2011-03-15 05:00:00	-0.1	58.2	18000	1300165200	35675	15.11	3
2011-03-15 06:00:00	0.0	58.2	21600	1300168800	35675	15.11	3
2011-03-15 07:00:00	1.3	58.2	25200	1300172400	35675	15.11	3
2011-03-15 08:00:00	2.8	58.2	28800	1300176000	35675	15.11	3
2011-03-15 09:00:00	4.1	58.2	32400	1300179600	35675	15.11	3
2011-03-15 10:00:00	4.3	58.2	36000	1300183200	35675	15.11	3
2011-03-15 11:00:00	4.5	58.2	39600	1300186800	35675	15.11	3
2011-03-15 12:00:00	4.6	58.2	43200	1300190400	35675	15.11	3
2011-03-15 13:00:00	4.9	58.2	46800	1300194000	35675	15.11	3
2011-03-15 14:00:00	4.7	58.2	50400	1300197600	35675	15.11	3
2011-03-15 15:00:00	4.9	1144.6	54000	1300201200	403096	15.11	3
2011-03-15 16:00:00	4.9	475.3	57600	1300204800	164192	15.11	3
2011-03-15 17:00:00	5.0	58.2	61200	1300208400	35675	15.11	3
2011-03-15 18:00:00	6.1	58.2	64800	1300212000	35675	15.11	3
2011-03-15 19:00:00	5.8	58.2	68400	1300215600	35675	15.11	3
2011-03-15 20:00:00	5.6	58.2	72000	1300219200	35675	15.11	3
2011-03-15 21:00:00	5.3	58.2	75600	1300222800	35675	15.11	3
2011-03-15 22:00:00	5.0	58.2	79200	1300226400	35675	15.11	3
2011-03-15 23:00:00	5.0	58.2	82800	1300230000	35675	15.11	3
2011-03-16 00:00:00	5.0	58.2	0	1300233600	35675	15.11	3
2011-03-16 01:00:00	5.3	58.2	3600	1300237200	35675	15.11	3
2011-03-16 02:00:00	5.3	58.2	7200	1300240800	35675	15.11	3
2011-03-16 03:00:00	5.3	58.2	10800	1300244400	35675	15.11	3
2011-03-16 04:00:00	5.3	58.2	14400	1300248000	35675	15.11	3
2011-03-16 05:00:00	5.3	58.2	18000	1300251600	35675	15.11	3
2011-03-16 06:00:00	5.3	58.2	21600	1300255200	35675	15.11	3
2011-03-16 07:00:00	6.1	58.2	25200	1300258800	35675	15.11	3
2011-03-16 08:00:00	6.4	58.2	28800	1300262400	35675	15.11	3
2011-03-16 09:00:00	7.3	58.2	32400	1300266000	35675	15.11	3
2011-03-16 10:00:00	8.6	58.2	36000	1300269600	35675	15.11	3
2011-03-16 11:00:00	9.7	58.2	39600	1300273200	35675	15.11	3
2011-03-16 12:00:00	9.5	58.2	43200	1300276800	35675	15.11	3
2011-03-16 13:00:00	9.5	58.2	46800	1300280400	35675	15.11	3
2011-03-16 14:00:00	9.0	58.2	50400	1300284000	35675	15.11	3
2011-03-16 15:00:00	9.7	58.2	54000	1300287600	35675	15.11	3
2011-03-16 16:00:00	9.0	58.2	57600	1300291200	35675	15.11	3
2011-03-16 17:00:00	8.7	58.2	61200	1300294800	35675	15.11	3
2011-03-16 18:00:00	8.4	58.2	64800	1300298400	35675	15.11	3
2011-03-16 19:00:00	8.4	58.2	68400	1300302000	35675	15.11	3
2011-03-16 20:00:00	8.2	58.2	72000	1300305600	35675	15.11	3
2011-03-16 21:00:00	7.9	58.2	75600	1300309200	35675	15.11	3
2011-03-16 22:00:00	7.6	58.2	79200	1300312800	35675	15.11	3
2011-03-16 23:00:00	7.1	58.2	82800	1300316400	35675	15.11	3
2011-03-17 00:00:00	6.5	58.2	0	1300320000	35675	15.11	3
2011-03-17 01:00:00	5.7	58.2	3600	1300323600	35675	15.11	3
2011-03-17 02:00:00	4.9	58.2	7200	1300327200	35675	15.11	3
2011-03-17 03:00:00	3.8	58.2	10800	1300330800	35675	15.11	3
2011-03-17 04:00:00	3.5	58.2	14400	1300334400	35675	15.11	3
2011-03-17 05:00:00	3.2	58.2	18000	1300338000	35675	15.11	3
2011-03-17 06:00:00	3.2	58.2	21600	1300341600	35675	15.11	3
2011-03-17 07:00:00	6.5	58.2	25200	1300345200	35675	15.11	3
2011-03-17 08:00:00	8.0	58.2	28800	1300348800	35675	15.11	3
2011-03-17 09:00:00	9.0	58.2	32400	1300352400	35675	15.11	3
2011-03-17 10:00:00	9.3	58.2	36000	1300356000	35675	15.11	3
2011-03-17 11:00:00	9.9	58.2	39600	1300359600	35675	15.11	3
2011-03-17 12:00:00	10.4	58.2	43200	1300363200	35675	15.11	3
2011-03-17 13:00:00	10.4	58.2	46800	1300366800	35675	15.11	3
2011-03-17 14:00:00	10.7	785.7	50400	1300370400	258870	15.11	3
2011-03-17 15:00:00	10.0	863.3	54000	1300374000	303358	15.11	3
2011-03-17 16:00:00	10.0	591.7	57600	1300377600	213098	15.11	3
2011-03-17 17:00:00	9.5	523.8	61200	1300381200	184033	15.11	3
2011-03-17 18:00:00	9.0	620.8	64800	1300384800	224988	15.11	3
2011-03-17 19:00:00	8.5	630.5	68400	1300388400	229052	15.11	3
2011-03-17 20:00:00	8.2	523.8	72000	1300392000	183142	15.11	3
2011-03-17 21:00:00	8.0	397.7	75600	1300395600	140134	15.11	3
2011-03-17 22:00:00	7.9	58.2	79200	1300399200	35675	15.11	3
2011-03-17 23:00:00	7.4	407.4	82800	1300402800	142785	15.11	3
2011-03-18 00:00:00	7.4	417.1	0	1300406400	145728	15.11	3
2011-03-18 01:00:00	6.9	397.7	3600	1300410000	139779	15.11	3
2011-03-18 02:00:00	6.3	426.8	7200	1300413600	148429	15.11	3
2011-03-18 03:00:00	6.9	58.2	10800	1300417200	35675	15.11	3
2011-03-18 04:00:00	7.5	58.2	14400	1300420800	35675	15.11	3
2011-03-18 05:00:00	7.7	58.2	18000	1300424400	35675	15.11	3
2011-03-18 06:00:00	7.9	58.2	21600	1300428000	35675	15.11	3
2011-03-18 07:00:00	9.2	58.2	25200	1300431600	35675	15.11	3
2011-03-18 08:00:00	11.2	58.2	28800	1300435200	35675	15.11	3
2011-03-18 09:00:00	12.2	58.2	32400	1300438800	35950	15.11	3
2011-03-18 10:00:00	14.3	58.2	36000	1300442400	39237	16.11	3
2011-03-18 11:00:00	14.1	58.2	39600	1300446000	38924	16.11	3
2011-03-18 12:00:00	14.7	58.2	43200	1300449600	40002	16.11	3
2011-03-18 13:00:00	15.6	58.2	46800	1300453200	41545	17.11	3
2011-03-18 14:00:00	16.8	58.2	50400	1300456800	43638	18.11	3
2011-03-18 15:00:00	16.9	58.2	54000	1300460400	43684	19.11	3
2011-03-18 16:00:00	16.0	58.2	57600	1300464000	42090	18.11	3
2011-03-18 17:00:00	15.6	58.2	61200	1300467600	41545	17.11	3
2011-03-18 18:00:00	15.2	58.2	64800	1300471200	40830	17.11	3
2011-03-18 19:00:00	14.8	58.2	68400	1300474800	40160	17.11	3
2011-03-18 20:00:00	15.3	58.2	72000	1300478400	41014	17.11	3
2011-03-18 21:00:00	15.1	58.2	75600	1300482000	40564	17.11	3
2011-03-18 22:00:00	15.4	58.2	79200	1300485600	41179	17.11	3
2011-03-18 23:00:00	15.2	58.2	82800	1300489200	40830	17.11	3
2011-03-19 00:00:00	14.0	58.2	0	1300492800	38652	16.11	3
2011-03-19 01:00:00	13.5	58.2	3600	1300496400	37713	15.11	3
2011-03-19 02:00:00	10.4	58.2	7200	1300500000	35675	15.11	3
2011-03-19 03:00:00	8.3	58.2	10800	1300503600	35675	15.11	3
2011-03-19 04:00:00	7.4	58.2	14400	1300507200	35675	15.11	3
2011-03-19 05:00:00	6.9	58.2	18000	1300510800	35675	15.11	3
2011-03-19 06:00:00	5.9	58.2	21600	1300514400	35675	15.11	3
2011-03-19 07:00:00	6.1	58.2	25200	1300518000	35675	15.11	3
2011-03-19 08:00:00	6.4	58.2	28800	1300521600	35675	15.11	3
2011-03-19 09:00:00	6.8	58.2	32400	1300525200	35675	15.11	3
2011-03-19 10:00:00	7.0	58.2	36000	1300528800	35675	15.11	3
2011-03-19 11:00:00	7.1	407.4	39600	1300532400	142693	15.11	3
2011-03-19 12:00:00	7.8	795.4	43200	1300536000	249069	15.11	3
2011-03-19 13:00:00	7.6	795.4	46800	1300539600	248876	15.11	3
2011-03-19 14:00:00	7.9	659.6	50400	1300543200	242569	15.11	3
2011-03-19 15:00:00	7.6	669.3	54000	1300546800	247162	15.11	3
2011-03-19 16:00:00	7.0	688.7	57600	1300550400	256596	15.11	3
2011-03-19 17:00:00	6.4	766.3	61200	1300554000	259029	15.11	3
2011-03-19 18:00:00	5.7	611.1	64800	1300557600	218748	15.11	3
2011-03-19 19:00:00	5.6	543.2	68400	1300561200	189779	15.11	3
2011-03-19 20:00:00	4.8	417.1	72000	1300564800	145215	15.11	3
2011-03-19 21:00:00	4.6	58.2	75600	1300568400	35675	15.11	3
2011-03-19 22:00:00	3.0	407.4	79200	1300572000	142175	15.11	3
2011-03-19 23:00:00	2.2	58.2	82800	1300575600	35675	15.11	3
2011-03-20 00:00:00	1.7	58.2	0	1300579200	35675	15.11	3
2011-03-20 01:00:00	1.1	58.2	3600	1300582800	35675	15.11	3
2011-03-20 02:00:00	1.1	58.2	7200	1300586400	35675	15.11	3
2011-03-20 03:00:00	0.7	426.8	10800	1300590000	147946	15.11	3
2011-03-20 05:00:00	0.0	669.3	18000	1300597200	245093	15.11	3
2011-03-20 06:00:00	0.0	698.4	21600	1300600800	259738	15.11	3
2011-03-20 07:00:00	0.7	766.3	25200	1300604400	257433	15.11	3
2011-03-20 08:00:00	0.9	795.4	28800	1300608000	246356	15.11	3
2011-03-20 09:00:00	1.4	776.0	32400	1300611600	251861	15.11	3
2011-03-20 10:00:00	1.0	805.1	36000	1300615200	281336	15.11	3
2011-03-20 11:00:00	1.2	58.2	39600	1300618800	35675	15.11	3
2011-03-20 12:00:00	2.7	58.2	43200	1300622400	35675	15.11	3
2011-03-20 13:00:00	3.0	58.2	46800	1300626000	35675	15.11	3
2011-03-20 14:00:00	2.6	58.2	50400	1300629600	35675	15.11	3
2011-03-20 15:00:00	3.3	58.2	54000	1300633200	35675	15.11	3
2011-03-20 16:00:00	3.3	58.2	57600	1300636800	35675	15.11	3
2011-03-20 17:00:00	3.3	58.2	61200	1300640400	35675	15.11	3
2011-03-20 18:00:00	2.7	58.2	64800	1300644000	35675	15.11	3
2011-03-20 19:00:00	2.9	58.2	68400	1300647600	35675	15.11	3
2011-03-20 20:00:00	3.8	58.2	72000	1300651200	35675	15.11	3
2011-03-20 21:00:00	4.4	58.2	75600	1300654800	35675	15.11	3
2011-03-20 22:00:00	5.0	58.2	79200	1300658400	35675	15.11	3
2011-03-20 23:00:00	5.0	58.2	82800	1300662000	35675	15.11	3
2011-03-21 00:00:00	5.4	58.2	0	1300665600	35675	15.11	3
2011-03-21 01:00:00	5.4	58.2	3600	1300669200	35675	15.11	3
2011-03-21 02:00:00	5.4	58.2	7200	1300672800	35675	15.11	3
2011-03-21 03:00:00	5.4	58.2	10800	1300676400	35675	15.11	3
2011-03-21 04:00:00	5.4	58.2	14400	1300680000	35675	15.11	3
2011-03-21 05:00:00	5.4	58.2	18000	1300683600	35675	15.11	3
2011-03-21 06:00:00	5.6	58.2	21600	1300687200	35675	15.11	3
2011-03-21 07:00:00	5.9	58.2	25200	1300690800	35675	15.11	3
2011-03-21 08:00:00	6.4	58.2	28800	1300694400	35675	15.11	3
2011-03-21 09:00:00	7.8	58.2	32400	1300698000	35675	15.11	3
2011-03-21 10:00:00	8.3	58.2	36000	1300701600	35675	15.11	3
2011-03-21 11:00:00	10.7	58.2	39600	1300705200	35675	15.11	3
2011-03-21 12:00:00	12.0	58.2	43200	1300708800	35915	15.11	3
2011-03-21 13:00:00	12.7	58.2	46800	1300712400	36252	15.11	3
2011-03-21 14:00:00	13.4	58.2	50400	1300716000	37526	15.11	3
2011-03-21 15:00:00	14.4	58.2	54000	1300719600	39404	16.11	3
2011-03-21 16:00:00	15.1	688.7	57600	1300723200	302946	18.11	3
2011-03-21 17:00:00	14.7	688.7	61200	1300726800	299489	18.11	3
2011-03-21 18:00:00	13.5	436.5	64800	1300730400	168932	16.11	3
2011-03-21 19:00:00	13.0	388.0	68400	1300734000	149430	15.11	3
2011-03-21 20:00:00	13.5	436.5	72000	1300737600	168932	16.11	3
2011-03-21 21:00:00	14.5	397.7	75600	1300741200	162802	17.11	3
2011-03-21 22:00:00	14.2	58.2	79200	1300744800	39080	16.11	3
2011-03-21 23:00:00	12.5	58.2	82800	1300748400	36064	15.11	3
2011-03-22 00:00:00	11.0	58.2	0	1300752000	35675	15.11	3
2011-03-22 01:00:00	10.5	58.2	3600	1300755600	35675	15.11	3
2011-03-22 02:00:00	10.2	58.2	7200	1300759200	35675	15.11	3
2011-03-22 03:00:00	9.4	58.2	10800	1300762800	35675	15.11	3
2011-03-22 04:00:00	8.6	58.2	14400	1300766400	35675	15.11	3
2011-03-22 05:00:00	7.3	58.2	18000	1300770000	35675	15.11	3
2011-03-22 06:00:00	7.0	58.2	21600	1300773600	35675	15.11	3
2011-03-22 07:00:00	7.1	58.2	25200	1300777200	35675	15.11	3
2011-03-22 08:00:00	7.2	58.2	28800	1300780800	35675	15.11	3
2011-03-22 09:00:00	7.5	58.2	32400	1300784400	35675	15.11	3
2011-03-22 10:00:00	8.3	58.2	36000	1300788000	35675	15.11	3
2011-03-22 11:00:00	8.6	58.2	39600	1300791600	35675	15.11	3
2011-03-22 12:00:00	9.8	58.2	43200	1300795200	35675	15.11	3
2011-03-22 13:00:00	9.4	58.2	46800	1300798800	35675	15.11	3
2011-03-22 14:00:00	10.1	58.2	50400	1300802400	35675	15.11	3
2011-03-22 15:00:00	9.9	58.2	54000	1300806000	35675	15.11	3
2011-03-22 16:00:00	8.9	58.2	57600	1300809600	35675	15.11	3
2011-03-22 17:00:00	8.3	58.2	61200	1300813200	35675	15.11	3
2011-03-22 18:00:00	8.2	58.2	64800	1300816800	35675	15.11	3
2011-03-22 19:00:00	7.0	58.2	68400	1300820400	35675	15.11	3
2011-03-22 20:00:00	6.4	58.2	72000	1300824000	35675	15.11	3
2011-03-22 21:00:00	5.9	58.2	75600	1300827600	35675	15.11	3
2011-03-22 22:00:00	6.2	58.2	79200	1300831200	35675	15.11	3
2011-03-22 23:00:00	6.4	58.2	82800	1300834800	35675	15.11	3
2011-03-23 00:00:00	6.1	58.2	0	1300838400	35675	15.11	3
2011-03-23 01:00:00	5.3	58.2	3600	1300842000	35675	15.11	3
2011-03-23 02:00:00	4.8	58.2	7200	1300845600	35675	15.11	3
2011-03-23 03:00:00	5.0	58.2	10800	1300849200	35675	15.11	3
2011-03-23 04:00:00	5.3	58.2	14400	1300852800	35675	15.11	3
2011-03-23 05:00:00	5.3	58.2	18000	1300856400	35675	15.11	3
2011-03-23 06:00:00	5.6	58.2	21600	1300860000	35675	15.11	3
2011-03-23 07:00:00	5.3	58.2	25200	1300863600	35675	15.11	3
2011-03-23 08:00:00	5.3	58.2	28800	1300867200	35675	15.11	3
2011-03-23 09:00:00	5.3	58.2	32400	1300870800	35675	15.11	3
2011-03-23 10:00:00	5.6	58.2	36000	1300874400	35675	15.11	3
2011-03-23 11:00:00	5.9	58.2	39600	1300878000	35675	15.11	3
2011-03-23 12:00:00	6.1	58.2	43200	1300881600	35675	15.11	3
2011-03-23 13:00:00	6.4	58.2	46800	1300885200	35675	15.11	3
2011-03-23 14:00:00	6.6	58.2	50400	1300888800	35675	15.11	3
2011-03-23 15:00:00	6.6	58.2	54000	1300892400	35675	15.11	3
2011-03-23 16:00:00	7.2	58.2	57600	1300896000	35675	15.11	3
2011-03-23 17:00:00	7.2	58.2	61200	1300899600	35675	15.11	3
2011-03-23 18:00:00	6.9	58.2	64800	1300903200	35675	15.11	3
2011-03-23 19:00:00	6.6	58.2	68400	1300906800	35675	15.11	3
2011-03-23 20:00:00	6.1	58.2	72000	1300910400	35675	15.11	3
2011-03-23 21:00:00	5.5	58.2	75600	1300914000	35675	15.11	3
2011-03-23 22:00:00	5.3	58.2	79200	1300917600	35675	15.11	3
2011-03-23 23:00:00	4.8	58.2	82800	1300921200	35675	15.11	3
2011-03-24 00:00:00	4.5	58.2	0	1300924800	35675	15.11	3
2011-03-24 01:00:00	4.5	58.2	3600	1300928400	35675	15.11	3
2011-03-24 02:00:00	4.5	58.2	7200	1300932000	35675	15.11	3
2011-03-24 03:00:00	4.1	58.2	10800	1300935600	35675	15.11	3
2011-03-24 04:00:00	3.9	58.2	14400	1300939200	35675	15.11	3
2011-03-24 05:00:00	3.4	58.2	18000	1300942800	35675	15.11	3
2011-03-24 06:00:00	3.1	58.2	21600	1300946400	35675	15.11	3
2011-03-24 07:00:00	2.8	58.2	25200	1300950000	35675	15.11	3
2011-03-24 08:00:00	2.8	58.2	28800	1300953600	35675	15.11	3
2011-03-24 09:00:00	2.6	58.2	32400	1300957200	35675	15.11	3
2011-03-24 10:00:00	2.7	58.2	36000	1300960800	35675	15.11	3
2011-03-24 11:00:00	2.8	58.2	39600	1300964400	35675	15.11	3
2011-03-24 12:00:00	2.9	58.2	43200	1300968000	35675	15.11	3
2011-03-24 13:00:00	3.5	58.2	46800	1300971600	35675	15.11	3
2011-03-24 14:00:00	3.0	746.9	50400	1300975200	277703	15.11	3
2011-03-24 15:00:00	2.6	708.1	54000	1300978800	265190	15.11	3
2011-03-24 16:00:00	2.8	785.7	57600	1300982400	248581	15.11	3
2011-03-24 17:00:00	2.6	465.6	61200	1300986000	160620	15.11	3
2011-03-24 18:00:00	2.0	931.2	64800	1300989600	321158	15.11	3
2011-03-24 19:00:00	0.6	708.1	68400	1300993200	264835	15.11	3
2011-03-24 20:00:00	0.3	552.9	72000	1300996800	192935	15.11	3
2011-03-24 21:00:00	0.0	485.0	75600	1301000400	167204	15.11	3
2011-03-24 22:00:00	0.1	58.2	79200	1301004000	35675	15.11	3
2011-03-24 23:00:00	-0.1	58.2	82800	1301007600	35675	15.11	3
2011-03-25 00:00:00	-1.5	465.6	0	1301011200	160450	15.11	3
2011-03-25 01:00:00	-2.2	475.3	3600	1301014800	163749	15.11	3
2011-03-25 02:00:00	-2.4	446.2	7200	1301018400	154009	15.11	3
2011-03-25 03:00:00	-3.5	58.2	10800	1301022000	35675	15.11	3
2011-03-25 04:00:00	-2.9	58.2	14400	1301025600	35675	15.11	3
2011-03-25 05:00:00	-3.3	58.2	18000	1301029200	35675	15.11	3
2011-03-25 06:00:00	-2.6	58.2	21600	1301032800	35675	15.11	3
2011-03-25 07:00:00	-1.9	58.2	25200	1301036400	35675	15.11	3
2011-03-25 08:00:00	-1.2	58.2	28800	1301040000	35675	15.11	3
2011-03-25 09:00:00	-0.3	58.2	32400	1301043600	35675	15.11	3
2011-03-25 10:00:00	0.0	58.2	36000	1301047200	35675	15.11	3
2011-03-25 11:00:00	1.1	58.2	39600	1301050800	35675	15.11	3
2011-03-25 12:00:00	1.1	58.2	43200	1301054400	35675	15.11	3
2011-03-25 13:00:00	1.3	58.2	46800	1301058000	35675	15.11	3
2011-03-25 14:00:00	1.4	58.2	50400	1301061600	35675	15.11	3
2011-03-25 15:00:00	1.0	58.2	54000	1301065200	35675	15.11	3
2011-03-25 16:00:00	0.8	58.2	57600	1301068800	35675	15.11	3
2011-03-25 17:00:00	0.5	58.2	61200	1301072400	35675	15.11	3
2011-03-25 18:00:00	0.5	58.2	64800	1301076000	35675	15.11	3
2011-03-25 19:00:00	0.1	58.2	68400	1301079600	35675	15.11	3
2011-03-25 20:00:00	0.4	58.2	72000	1301083200	35675	15.11	3
2011-03-25 21:00:00	-0.2	58.2	75600	1301086800	35675	15.11	3
2011-03-25 22:00:00	-0.7	58.2	79200	1301090400	35675	15.11	3
2011-03-25 23:00:00	-0.9	58.2	82800	1301094000	35675	15.11	3
2011-03-26 00:00:00	-1.7	58.2	0	1301097600	35675	15.11	3
2011-03-26 01:00:00	-2.3	58.2	3600	1301101200	35675	15.11	3
2011-03-26 02:00:00	-2.7	58.2	7200	1301104800	35675	15.11	3
2011-03-26 03:00:00	-3.2	58.2	10800	1301108400	35675	15.11	3
2011-03-26 04:00:00	-3.2	58.2	14400	1301112000	35675	15.11	3
2011-03-26 05:00:00	-3.7	58.2	18000	1301115600	35675	15.11	3
2011-03-26 06:00:00	-3.0	58.2	21600	1301119200	35675	15.11	3
2011-03-26 07:00:00	-2.5	58.2	25200	1301122800	35675	15.11	3
2011-03-26 08:00:00	-2.5	58.2	28800	1301126400	35675	15.11	3
2011-03-26 09:00:00	-1.2	58.2	32400	1301130000	35675	15.11	3
2011-03-26 10:00:00	-0.7	58.2	36000	1301133600	35675	15.11	3
2011-03-26 11:00:00	0.2	58.2	39600	1301137200	35675	15.11	3
2011-03-26 12:00:00	0.7	58.2	43200	1301140800	35675	15.11	3
2011-03-26 13:00:00	0.9	58.2	46800	1301144400	35675	15.11	3
2011-03-26 14:00:00	0.7	58.2	50400	1301148000	35675	15.11	3
2011-03-26 15:00:00	0.9	58.2	54000	1301151600	35675	15.11	3
2011-03-26 16:00:00	1.0	58.2	57600	1301155200	35675	15.11	3
2011-03-26 17:00:00	0.0	58.2	61200	1301158800	35675	15.11	3
2011-03-26 18:00:00	0.0	58.2	64800	1301162400	35675	15.11	3
2011-03-26 19:00:00	-0.8	58.2	68400	1301166000	35675	15.11	3
2011-03-26 20:00:00	-0.9	58.2	72000	1301169600	35675	15.11	3
2011-03-26 21:00:00	-1.4	58.2	75600	1301173200	35675	15.11	3
2011-03-26 22:00:00	-1.5	58.2	79200	1301176800	35675	15.11	3
2011-03-26 23:00:00	-2.0	58.2	82800	1301180400	35675	15.11	3
2011-03-27 00:00:00	-1.6	58.2	0	1301184000	35675	15.11	3
2011-03-27 01:00:00	-1.5	58.2	3600	1301187600	35675	15.11	3
2011-03-27 03:00:00	-2.3	58.2	10800	1301194800	35675	15.11	3
2011-03-27 04:00:00	-2.7	58.2	14400	1301198400	35675	15.11	3
2011-03-27 05:00:00	-3.0	58.2	18000	1301202000	35675	15.11	3
2011-03-27 06:00:00	-2.4	58.2	21600	1301205600	35675	15.11	3
2011-03-27 07:00:00	-2.0	58.2	25200	1301209200	35675	15.11	3
2011-03-27 08:00:00	-1.6	58.2	28800	1301212800	35675	15.11	3
2011-03-27 09:00:00	-0.9	58.2	32400	1301216400	35675	15.11	3
2011-03-27 10:00:00	-0.5	58.2	36000	1301220000	35675	15.11	3
2011-03-27 11:00:00	1.0	58.2	39600	1301223600	35675	15.11	3
2011-03-27 12:00:00	1.2	58.2	43200	1301227200	35675	15.11	3
2011-03-27 13:00:00	1.4	58.2	46800	1301230800	35675	15.11	3
2011-03-27 14:00:00	1.7	58.2	50400	1301234400	35675	15.11	3
2011-03-27 15:00:00	1.7	58.2	54000	1301238000	35675	15.11	3
2011-03-27 16:00:00	1.4	58.2	57600	1301241600	35675	15.11	3
2011-03-27 17:00:00	0.6	58.2	61200	1301245200	35675	15.11	3
2011-03-27 18:00:00	-0.3	58.2	64800	1301248800	35675	15.11	3
2011-03-27 19:00:00	-0.4	58.2	68400	1301252400	35675	15.11	3
2011-03-27 20:00:00	-1.7	58.2	72000	1301256000	35675	15.11	3
2011-03-27 21:00:00	-3.0	58.2	75600	1301259600	35675	15.11	3
2011-03-27 22:00:00	-2.5	58.2	79200	1301263200	35675	15.11	3
2011-03-27 23:00:00	-2.6	58.2	82800	1301266800	35675	15.11	3
2011-03-28 00:00:00	-2.8	58.2	0	1301270400	35675	15.11	3
2011-03-28 01:00:00	-3.0	58.2	3600	1301274000	35675	15.11	3
2011-03-28 02:00:00	-3.4	58.2	7200	1301277600	35675	15.11	3
2011-03-28 03:00:00	-4.1	58.2	10800	1301281200	35675	15.11	3
2011-03-28 04:00:00	-4.6	58.2	14400	1301284800	35675	15.11	3
2011-03-28 05:00:00	-4.6	58.2	18000	1301288400	35675	15.11	3
2011-03-28 06:00:00	-4.3	58.2	21600	1301292000	35675	15.11	3
2011-03-28 07:00:00	-3.7	58.2	25200	1301295600	35675	15.11	3
2011-03-28 08:00:00	-3.4	58.2	28800	1301299200	35675	15.11	3
2011-03-28 09:00:00	-3.0	58.2	32400	1301302800	35675	15.11	3
2011-03-28 10:00:00	-2.4	58.2	36000	1301306400	35675	15.11	3
2011-03-28 11:00:00	-1.9	533.5	39600	1301310000	185140	15.11	3
2011-03-28 12:00:00	-0.1	58.2	43200	1301313600	35675	15.11	3
2011-03-28 13:00:00	0.1	58.2	46800	1301317200	35675	15.11	3
2011-03-28 14:00:00	1.0	58.2	50400	1301320800	35675	15.11	3
2011-03-28 15:00:00	1.0	58.2	54000	1301324400	35675	15.11	3
2011-03-28 16:00:00	1.0	58.2	57600	1301328000	35675	15.11	3
2011-03-28 17:00:00	0.5	989.4	61200	1301331600	341363	15.11	3
2011-03-28 18:00:00	-0.7	989.4	64800	1301335200	341268	15.11	3
2011-03-28 19:00:00	-1.1	989.4	68400	1301338800	341241	15.11	3
2011-03-28 20:00:00	-1.7	708.1	72000	1301342400	264604	15.11	3
2011-03-28 21:00:00	-1.7	543.2	75600	1301346000	188959	15.11	3
2011-03-28 22:00:00	-2.4	475.3	79200	1301349600	163745	15.11	3
2011-03-28 23:00:00	-3.1	533.5	82800	1301353200	185105	15.11	3
2011-03-29 00:00:00	-3.1	669.3	0	1301356800	244883	15.11	3
2011-03-29 01:00:00	-3.4	465.6	3600	1301360400	160409	15.11	3
2011-03-29 02:00:00	-3.8	475.3	7200	1301364000	163717	15.11	3
2011-03-29 03:00:00	-3.2	475.3	10800	1301367600	163728	15.11	3
2011-03-29 04:00:00	-4.3	591.7	14400	1301371200	208989	15.11	3
2011-03-29 05:00:00	-4.3	620.8	18000	1301374800	221899	15.11	3
2011-03-29 06:00:00	-2.4	630.5	21600	1301378400	226418	15.11	3
2011-03-29 07:00:00	-1.7	630.5	25200	1301382000	226453	15.11	3
2011-03-29 08:00:00	-0.5	659.6	28800	1301385600	240312	15.11	3
2011-03-29 09:00:00	-0.1	688.7	32400	1301389200	254775	15.11	3
2011-03-29 10:00:00	0.2	58.2	36000	1301392800	35675	15.11	3
2011-03-29 11:00:00	1.5	58.2	39600	1301396400	35675	15.11	3
2011-03-29 12:00:00	1.4	58.2	43200	1301400000	35675	15.11	3
2011-03-29 13:00:00	2.1	940.9	46800	1301403600	324476	15.11	3
2011-03-29 14:00:00	3.1	543.2	50400	1301407200	189280	15.11	3
2011-03-29 15:00:00	2.8	698.4	54000	1301410800	260194	15.11	3
2011-03-29 16:00:00	2.7	766.3	57600	1301414400	257870	15.11	3
2011-03-29 17:00:00	2.0	766.3	61200	1301418000	257680	15.11	3
2011-03-29 18:00:00	1.2	746.9	64800	1301421600	277451	15.11	3
2011-03-29 19:00:00	0.5	698.4	68400	1301425200	259795	15.11	3
2011-03-29 20:00:00	-0.3	455.9	72000	1301428800	157236	15.11	3
2011-03-29 21:00:00	-1.2	436.5	75600	1301432400	150929	15.11	3
2011-03-29 22:00:00	-1.1	58.2	79200	1301436000	35675	15.11	3
2011-03-29 23:00:00	-0.6	426.8	82800	1301439600	147909	15.11	3
2011-03-30 00:00:00	-0.8	426.8	0	1301443200	147904	15.11	3
2011-03-30 01:00:00	-1.5	426.8	3600	1301446800	147888	15.11	3
2011-03-30 02:00:00	-1.2	436.5	7200	1301450400	150929	15.11	3
2011-03-30 03:00:00	-1.4	58.2	10800	1301454000	35675	15.11	3
2011-03-30 04:00:00	-0.2	58.2	14400	1301457600	35675	15.11	3
2011-03-30 05:00:00	2.1	58.2	18000	1301461200	35675	15.11	3
2011-03-30 06:00:00	2.5	58.2	21600	1301464800	35675	15.11	3
2011-03-30 07:00:00	2.5	58.2	25200	1301468400	35675	15.11	3
2011-03-30 08:00:00	2.3	58.2	28800	1301472000	35675	15.11	3
2011-03-30 09:00:00	2.3	58.2	32400	1301475600	35675	15.11	3
2011-03-30 10:00:00	2.3	58.2	36000	1301479200	35675	15.11	3
2011-03-30 11:00:00	2.7	523.8	39600	1301482800	181655	15.11	3
2011-03-30 12:00:00	3.2	58.2	43200	1301486400	35675	15.11	3
2011-03-30 13:00:00	3.3	58.2	46800	1301490000	35675	15.11	3
2011-03-30 14:00:00	3.5	436.5	50400	1301493600	151127	15.11	3
2011-03-30 15:00:00	3.3	455.9	54000	1301497200	157415	15.11	3
2011-03-30 16:00:00	3.0	446.2	57600	1301500800	154206	15.11	3
2011-03-30 17:00:00	2.9	58.2	61200	1301504400	35675	15.11	3
2011-03-30 18:00:00	2.6	58.2	64800	1301508000	35675	15.11	3
2011-03-30 19:00:00	2.6	58.2	68400	1301511600	35675	15.11	3
2011-03-30 20:00:00	2.8	58.2	72000	1301515200	35675	15.11	3
2011-03-30 21:00:00	2.8	58.2	75600	1301518800	35675	15.11	3
2011-03-30 22:00:00	2.8	543.2	79200	1301522400	189245	15.11	3
2011-03-30 23:00:00	2.8	58.2	82800	1301526000	35675	15.11	3
2011-03-31 00:00:00	2.6	58.2	0	1301529600	35675	15.11	3
2011-03-31 01:00:00	2.6	58.2	3600	1301533200	35675	15.11	3
2011-03-31 02:00:00	2.4	58.2	7200	1301536800	35675	15.11	3
2011-03-31 03:00:00	2.4	514.1	10800	1301540400	177946	15.11	3
2011-03-31 04:00:00	2.3	533.5	14400	1301544000	185371	15.11	3
2011-03-31 05:00:00	2.5	533.5	18000	1301547600	185389	15.11	3
2011-03-31 06:00:00	2.8	368.6	21600	1301551200	131272	15.11	3
2011-03-31 07:00:00	3.4	58.2	25200	1301554800	35675	15.11	3
2011-03-31 08:00:00	3.4	426.8	28800	1301558400	148074	15.11	3
2011-03-31 09:00:00	3.9	58.2	32400	1301562000	35675	15.11	3
2011-03-31 10:00:00	4.1	58.2	36000	1301565600	35675	15.11	3
2011-03-31 11:00:00	4.7	58.2	39600	1301569200	35675	15.11	3
2011-03-31 12:00:00	4.8	58.2	43200	1301572800	35675	15.11	3
2011-03-31 13:00:00	4.5	58.2	46800	1301576400	35675	15.11	3
2011-03-31 14:00:00	5.0	58.2	50400	1301580000	35675	15.11	3
2011-03-31 15:00:00	5.0	58.2	54000	1301583600	35675	15.11	3
2011-03-31 16:00:00	4.8	58.2	57600	1301587200	35675	15.11	3
2011-03-31 17:00:00	4.8	58.2	61200	1301590800	35675	15.11	3
2011-03-31 18:00:00	4.8	58.2	64800	1301594400	35675	15.11	3
2011-03-31 19:00:00	4.5	58.2	68400	1301598000	35675	15.11	3
2011-03-31 20:00:00	4.5	58.2	72000	1301601600	35675	15.11	3
2011-03-31 21:00:00	4.1	58.2	75600	1301605200	35675	15.11	3
2011-03-31 22:00:00	3.9	58.2	79200	1301608800	35675	15.11	3
2011-03-31 23:00:00	3.9	58.2	82800	1301612400	35675	15.11	3
