	Twet	Load	Hour(s)	TimeStamp(s)	Power	Tset	month
2012-04-01 00:00:00	6.2	475.3	0	1333238400	164466	15.11	4
2012-04-01 01:00:00	6.4	523.8	3600	1333242000	182399	15.11	4
2012-04-01 02:00:00	6.2	1212.5	7200	1333245600	433459	15.11	4
2012-04-01 03:00:00	6.4	1115.5	10800	1333249200	391896	15.11	4
2012-04-01 04:00:00	6.4	843.9	14400	1333252800	293880	15.11	4
2012-04-01 05:00:00	6.1	776.0	18000	1333256400	253268	15.11	4
2012-04-01 06:00:00	6.4	795.4	21600	1333260000	248018	15.11	4
2012-04-01 07:00:00	7.0	824.5	25200	1333263600	288241	15.11	4
2012-04-01 08:00:00	7.0	834.2	28800	1333267200	291194	15.11	4
2012-04-01 09:00:00	7.8	756.6	32400	1333270800	268117	15.11	4
2012-04-01 10:00:00	9.2	824.5	36000	1333274400	290124	15.11	4
2012-04-01 11:00:00	9.2	795.4	39600	1333278000	251223	15.11	4
2012-04-01 12:00:00	9.7	776.0	43200	1333281600	257721	15.11	4
2012-04-01 13:00:00	10.5	999.1	46800	1333285200	351918	15.11	4
2012-04-01 14:00:00	10.7	805.1	50400	1333288800	286630	15.11	4
2012-04-01 15:00:00	10.7	863.3	54000	1333292400	304854	15.11	4
2012-04-01 16:00:00	10.7	911.8	57600	1333296000	321068	15.11	4
2012-04-01 17:00:00	10.4	902.1	61200	1333299600	316947	15.11	4
2012-04-01 18:00:00	10.4	611.1	64800	1333303200	222836	15.11	4
2012-04-01 19:00:00	10.2	552.9	68400	1333306800	196668	15.11	4
2012-04-01 20:00:00	9.6	771.15	72000	1333310400	259901	15.11	4
2012-04-01 21:00:00	9.9	523.8	75600	1333314000	184454	15.11	4
2012-04-01 22:00:00	10.2	543.2	79200	1333317600	192654	15.11	4
2012-04-01 23:00:00	10.5	543.2	82800	1333321200	193204	15.11	4
2012-04-02 00:00:00	10.2	533.5	0	1333324800	188716	15.11	4
2012-04-02 01:00:00	9.9	756.6	3600	1333328400	272060	15.11	4
2012-04-02 02:00:00	9.1	960.3	7200	1333332000	334862	15.11	4
2012-04-02 03:00:00	7.0	989.4	10800	1333335600	343342	15.11	4
2012-04-02 04:00:00	4.8	1149.45	14400	1333339200	405094	15.11	4
2012-04-02 05:00:00	4.1	1251.3	18000	1333342800	449851	15.11	4
2012-04-02 06:00:00	4.6	1251.3	21600	1333346400	450118	15.11	4
2012-04-02 07:00:00	5.7	1265.85	25200	1333350000	457545	15.11	4
2012-04-02 08:00:00	5.4	1396.8	28800	1333353600	521798	15.11	4
2012-04-02 09:00:00	5.3	475.3	32400	1333357200	164261	15.11	4
2012-04-02 10:00:00	5.9	659.6	36000	1333360800	241593	15.11	4
2012-04-02 11:00:00	6.4	649.9	39600	1333364400	237083	15.11	4
2012-04-02 12:00:00	5.9	640.2	43200	1333368000	232270	15.11	4
2012-04-02 13:00:00	6.5	630.5	46800	1333371600	227934	15.11	4
2012-04-02 14:00:00	7.4	640.2	50400	1333375200	232907	15.11	4
2012-04-02 15:00:00	7.3	630.5	54000	1333378800	228288	15.11	4
2012-04-02 16:00:00	7.1	630.5	57600	1333382400	228191	15.11	4
2012-04-02 17:00:00	7.0	611.1	61200	1333386000	219231	15.11	4
2012-04-02 18:00:00	6.0	494.7	64800	1333389600	171337	15.11	4
2012-04-02 19:00:00	5.1	455.9	68400	1333393200	157612	15.11	4
2012-04-02 20:00:00	5.0	475.3	72000	1333396800	164208	15.11	4
2012-04-02 21:00:00	4.4	465.6	75600	1333400400	160784	15.11	4
2012-04-02 22:00:00	3.5	455.9	79200	1333404000	157431	15.11	4
2012-04-02 23:00:00	3.8	455.9	82800	1333407600	157457	15.11	4
2012-04-03 00:00:00	2.2	455.9	0	1333411200	157341	15.11	4
2012-04-03 01:00:00	1.3	494.7	3600	1333414800	170726	15.11	4
2012-04-03 02:00:00	1.2	659.6	7200	1333418400	240482	15.11	4
2012-04-03 03:00:00	-1.0	669.3	10800	1333422000	245009	15.11	4
2012-04-03 04:00:00	0.3	640.2	14400	1333425600	231116	15.11	4
2012-04-03 05:00:00	-0.5	630.5	18000	1333429200	226527	15.11	4
2012-04-03 06:00:00	1.3	649.9	21600	1333432800	235821	15.11	4
2012-04-03 07:00:00	4.8	640.2	25200	1333436400	231924	15.11	4
2012-04-03 08:00:00	5.2	649.9	28800	1333440000	236666	15.11	4
2012-04-03 09:00:00	6.0	533.5	32400	1333443600	186051	15.11	4
2012-04-03 10:00:00	7.1	562.6	36000	1333447200	198224	15.11	4
2012-04-03 11:00:00	8.1	591.7	39600	1333450800	211147	15.11	4
2012-04-03 12:00:00	8.3	766.3	43200	1333454400	260569	15.11	4
2012-04-03 13:00:00	8.8	1202.8	46800	1333458000	431890	15.11	4
2012-04-03 14:00:00	8.8	805.1	50400	1333461600	283860	15.11	4
2012-04-03 15:00:00	9.1	873.0	54000	1333465200	305231	15.11	4
2012-04-03 16:00:00	9.1	911.8	57600	1333468800	318045	15.11	4
2012-04-03 17:00:00	9.0	940.9	61200	1333472400	327905	15.11	4
2012-04-03 18:00:00	7.7	591.7	64800	1333476000	210924	15.11	4
2012-04-03 19:00:00	7.5	494.7	68400	1333479600	171870	15.11	4
2012-04-03 20:00:00	6.2	543.2	72000	1333483200	189971	15.11	4
2012-04-03 21:00:00	5.9	514.1	75600	1333486800	178520	15.11	4
2012-04-03 22:00:00	5.5	514.1	79200	1333490400	178408	15.11	4
2012-04-03 23:00:00	5.9	514.1	82800	1333494000	178520	15.11	4
2012-04-04 00:00:00	6.2	504.4	0	1333497600	174971	15.11	4
2012-04-04 01:00:00	5.4	552.9	3600	1333501200	193642	15.11	4
2012-04-04 02:00:00	5.6	717.8	7200	1333504800	271144	15.11	4
2012-04-04 03:00:00	5.5	746.9	10800	1333508400	278576	15.11	4
2012-04-04 04:00:00	6.3	776.0	14400	1333512000	253333	15.11	4
2012-04-04 05:00:00	6.7	853.6	18000	1333515600	297040	15.11	4
2012-04-04 06:00:00	8.7	902.1	21600	1333519200	314342	15.11	4
2012-04-04 07:00:00	10.5	902.1	25200	1333522800	317195	15.11	4
2012-04-04 08:00:00	11.7	58.2	28800	1333526400	35675	15.11	4
2012-04-04 09:00:00	12.6	436.5	32400	1333530000	162116	15.11	4
2012-04-04 10:00:00	14.5	717.8	36000	1333533600	315390	18.11	4
2012-04-04 11:00:00	14.3	785.7	39600	1333537200	341826	15.11	4
2012-04-04 12:00:00	14.7	805.1	43200	1333540800	331526	17.11	4
2012-04-04 13:00:00	15.2	843.9	46800	1333544400	354278	18.11	4
2012-04-04 14:00:00	15.2	824.5	50400	1333548000	347519	18.11	4
2012-04-04 15:00:00	15.4	892.4	54000	1333551600	373868	18.11	4
2012-04-04 16:00:00	14.7	921.5	57600	1333555200	375318	17.11	4
2012-04-04 17:00:00	14.0	873.0	61200	1333558800	347933	17.11	4
2012-04-04 18:00:00	10.2	543.2	64800	1333562400	192654	15.11	4
2012-04-04 19:00:00	8.8	475.3	68400	1333566000	165537	15.11	4
2012-04-04 20:00:00	8.4	455.9	72000	1333569600	158650	15.11	4
2012-04-04 21:00:00	7.5	485.0	75600	1333573200	168362	15.11	4
2012-04-04 22:00:00	7.3	475.3	79200	1333576800	164845	15.11	4
2012-04-04 23:00:00	6.5	465.6	82800	1333580400	161195	15.11	4
2012-04-05 00:00:00	5.9	465.6	0	1333584000	161036	15.11	4
2012-04-05 01:00:00	4.9	446.2	3600	1333587600	154386	15.11	4
2012-04-05 02:00:00	4.0	882.7	7200	1333591200	305428	15.11	4
2012-04-05 03:00:00	3.9	543.2	10800	1333594800	189393	15.11	4
2012-04-05 04:00:00	3.3	562.6	14400	1333598400	197178	15.11	4
2012-04-05 05:00:00	2.8	572.3	18000	1333602000	201152	15.11	4
2012-04-05 06:00:00	4.1	582.0	21600	1333605600	205486	15.11	4
2012-04-05 07:00:00	4.9	940.9	25200	1333609200	325018	15.11	4
2012-04-05 08:00:00	5.3	601.4	28800	1333612800	214279	15.11	4
2012-04-05 09:00:00	5.9	58.2	32400	1333616400	35675	15.11	4
2012-04-05 10:00:00	6.2	58.2	36000	1333620000	35675	15.11	4
2012-04-05 11:00:00	6.2	58.2	39600	1333623600	35675	15.11	4
2012-04-05 12:00:00	6.8	58.2	43200	1333627200	35675	15.11	4
2012-04-05 13:00:00	7.4	58.2	46800	1333630800	35675	15.11	4
2012-04-05 14:00:00	7.7	58.2	50400	1333634400	35675	15.11	4
2012-04-05 15:00:00	7.4	58.2	54000	1333638000	35675	15.11	4
2012-04-05 16:00:00	6.6	58.2	57600	1333641600	35675	15.11	4
2012-04-05 17:00:00	6.6	58.2	61200	1333645200	35675	15.11	4
2012-04-05 18:00:00	5.9	58.2	64800	1333648800	35675	15.11	4
2012-04-05 19:00:00	5.1	58.2	68400	1333652400	35675	15.11	4
2012-04-05 20:00:00	5.0	58.2	72000	1333656000	35675	15.11	4
2012-04-05 21:00:00	4.2	58.2	75600	1333659600	35675	15.11	4
2012-04-05 22:00:00	3.5	58.2	79200	1333663200	35675	15.11	4
2012-04-05 23:00:00	4.7	58.2	82800	1333666800	35675	15.11	4
2012-04-06 00:00:00	3.8	58.2	0	1333670400	35675	15.11	4
2012-04-06 01:00:00	2.8	58.2	3600	1333674000	35675	15.11	4
2012-04-06 02:00:00	2.3	58.2	7200	1333677600	35675	15.11	4
2012-04-06 03:00:00	1.4	58.2	10800	1333681200	35675	15.11	4
2012-04-06 04:00:00	0.9	58.2	14400	1333684800	35675	15.11	4
2012-04-06 05:00:00	0.9	58.2	18000	1333688400	35675	15.11	4
2012-04-06 06:00:00	1.7	58.2	21600	1333692000	35675	15.11	4
2012-04-06 07:00:00	2.9	58.2	25200	1333695600	35675	15.11	4
2012-04-06 08:00:00	3.9	58.2	28800	1333699200	35675	15.11	4
2012-04-06 09:00:00	4.3	436.5	32400	1333702800	151195	15.11	4
2012-04-06 10:00:00	5.0	552.9	36000	1333706400	193529	15.11	4
2012-04-06 11:00:00	5.7	611.1	39600	1333710000	218748	15.11	4
2012-04-06 12:00:00	6.0	649.9	43200	1333713600	236932	15.11	4
2012-04-06 13:00:00	6.1	630.5	46800	1333717200	227784	15.11	4
2012-04-06 14:00:00	6.6	679.0	50400	1333720800	251484	15.11	4
2012-04-06 15:00:00	6.6	679.0	54000	1333724400	251484	15.11	4
2012-04-06 16:00:00	6.3	688.7	57600	1333728000	256267	15.11	4
2012-04-06 17:00:00	5.9	698.4	61200	1333731600	261088	15.11	4
2012-04-06 18:00:00	5.2	669.3	64800	1333735200	246124	15.11	4
2012-04-06 19:00:00	4.7	494.7	68400	1333738800	171054	15.11	4
2012-04-06 20:00:00	4.0	446.2	72000	1333742400	154286	15.11	4
2012-04-06 21:00:00	3.6	455.9	75600	1333746000	157439	15.11	4
2012-04-06 22:00:00	2.9	455.9	79200	1333749600	157385	15.11	4
2012-04-06 23:00:00	2.1	446.2	82800	1333753200	154153	15.11	4
2012-04-07 00:00:00	1.6	446.2	0	1333756800	154128	15.11	4
2012-04-07 01:00:00	1.4	455.9	3600	1333760400	157300	15.11	4
2012-04-07 02:00:00	0.6	649.9	7200	1333764000	235743	15.11	4
2012-04-07 03:00:00	-0.2	960.3	10800	1333767600	330976	15.11	4
2012-04-07 04:00:00	0.0	514.1	14400	1333771200	177799	15.11	4
2012-04-07 05:00:00	0.2	543.2	18000	1333774800	189043	15.11	4
2012-04-07 06:00:00	1.9	533.5	21600	1333778400	185337	15.11	4
2012-04-07 07:00:00	3.4	543.2	25200	1333782000	189319	15.11	4
2012-04-07 08:00:00	4.6	562.6	28800	1333785600	197418	15.11	4
2012-04-07 09:00:00	4.7	504.4	32400	1333789200	174608	15.11	4
2012-04-07 10:00:00	5.5	1290.1	36000	1333792800	468866	15.11	4
2012-04-07 11:00:00	6.3	1367.7	39600	1333796400	507589	15.11	4
2012-04-07 12:00:00	6.3	1358.0	43200	1333800000	502695	15.11	4
2012-04-07 13:00:00	7.7	1406.5	46800	1333803600	529091	15.11	4
2012-04-07 14:00:00	7.4	1358.0	50400	1333807200	503778	15.11	4
2012-04-07 15:00:00	7.7	1513.2	54000	1333810800	536282	15.11	4
2012-04-07 16:00:00	7.3	1396.8	57600	1333814400	523503	15.11	4
2012-04-07 17:00:00	6.9	1406.5	61200	1333818000	528096	15.11	4
2012-04-07 18:00:00	5.6	1319.2	64800	1333821600	482964	15.11	4
2012-04-07 19:00:00	5.2	679.0	68400	1333825200	250959	15.11	4
2012-04-07 20:00:00	4.4	514.1	72000	1333828800	178181	15.11	4
2012-04-07 21:00:00	4.0	552.9	75600	1333832400	193315	15.11	4
2012-04-07 22:00:00	2.9	552.9	79200	1333836000	193155	15.11	4
2012-04-07 23:00:00	3.7	533.5	82800	1333839600	185529	15.11	4
2012-04-08 00:00:00	2.9	533.5	0	1333843200	185430	15.11	4
2012-04-08 01:00:00	1.9	494.7	3600	1333846800	170762	15.11	4
2012-04-08 02:00:00	1.9	708.1	7200	1333850400	265041	15.11	4
2012-04-08 03:00:00	1.0	659.6	10800	1333854000	240458	15.11	4
2012-04-08 04:00:00	1.0	688.7	14400	1333857600	254903	15.11	4
2012-04-08 05:00:00	1.7	717.8	18000	1333861200	270110	15.11	4
2012-04-08 06:00:00	3.7	746.9	21600	1333864800	277886	15.11	4
2012-04-08 07:00:00	5.3	785.7	25200	1333868400	249316	15.11	4
2012-04-08 08:00:00	6.5	999.1	28800	1333872000	346543	15.11	4
2012-04-08 09:00:00	7.9	465.6	32400	1333875600	161722	15.11	4
2012-04-08 10:00:00	8.4	766.3	36000	1333879200	260728	15.11	4
2012-04-08 11:00:00	8.7	863.3	39600	1333882800	301688	15.11	4
2012-04-08 12:00:00	9.8	911.8	43200	1333886400	319035	15.11	4
2012-04-08 13:00:00	9.5	882.7	46800	1333890000	308886	15.11	4
2012-04-08 14:00:00	9.4	970.0	50400	1333893600	338755	15.11	4
2012-04-08 15:00:00	10.2	950.6	54000	1333897200	333306	15.11	4
2012-04-08 16:00:00	10.6	999.1	57600	1333900800	352261	15.11	4
2012-04-08 17:00:00	10.3	970.0	61200	1333904400	340540	15.11	4
2012-04-08 18:00:00	9.7	776.0	64800	1333908000	257721	15.11	4
2012-04-08 19:00:00	9.3	552.9	68400	1333911600	195531	15.11	4
2012-04-08 20:00:00	8.5	494.7	72000	1333915200	172335	15.11	4
2012-04-08 21:00:00	7.8	485.0	75600	1333918800	168488	15.11	4
2012-04-08 22:00:00	6.5	475.3	79200	1333922400	164556	15.11	4
2012-04-08 23:00:00	6.2	465.6	82800	1333926000	161110	15.11	4
2012-04-09 00:00:00	5.0	465.6	0	1333929600	160867	15.11	4
2012-04-09 01:00:00	4.7	485.0	3600	1333933200	167572	15.11	4
2012-04-09 02:00:00	4.4	698.4	7200	1333936800	260598	15.11	4
2012-04-09 03:00:00	4.0	620.8	10800	1333940400	222674	15.11	4
2012-04-09 04:00:00	3.8	630.5	14400	1333944000	227105	15.11	4
2012-04-09 05:00:00	4.4	611.1	18000	1333947600	218366	15.11	4
2012-04-09 06:00:00	5.7	620.8	21600	1333951200	223162	15.11	4
2012-04-09 07:00:00	6.9	620.8	25200	1333954800	223609	15.11	4
2012-04-09 08:00:00	7.9	708.1	28800	1333958400	267257	15.11	4
2012-04-09 09:00:00	8.0	514.1	32400	1333962000	179320	15.11	4
2012-04-09 10:00:00	8.0	669.3	36000	1333965600	247435	15.11	4
2012-04-09 11:00:00	8.8	582.0	39600	1333969200	207402	15.11	4
2012-04-09 12:00:00	9.7	601.4	43200	1333972800	216973	15.11	4
2012-04-09 13:00:00	9.5	649.9	46800	1333976400	239513	15.11	4
2012-04-09 14:00:00	9.3	795.4	50400	1333980000	251453	15.11	4
2012-04-09 15:00:00	8.8	824.5	54000	1333983600	289696	15.11	4
2012-04-09 16:00:00	8.8	834.2	57600	1333987200	292667	15.11	4
2012-04-09 17:00:00	8.5	805.1	61200	1333990800	283571	15.11	4
2012-04-09 18:00:00	7.7	785.7	64800	1333994400	250741	15.11	4
2012-04-09 19:00:00	7.4	533.5	68400	1333998000	186562	15.11	4
2012-04-09 20:00:00	7.1	514.1	72000	1334001600	178937	15.11	4
2012-04-09 21:00:00	6.8	475.3	75600	1334005200	164659	15.11	4
2012-04-09 22:00:00	6.5	475.3	79200	1334008800	164556	15.11	4
2012-04-09 23:00:00	6.2	475.3	82800	1334012400	164466	15.11	4
2012-04-10 00:00:00	5.3	475.3	0	1334016000	164261	15.11	4
2012-04-10 01:00:00	5.6	485.0	3600	1334019600	167740	15.11	4
2012-04-10 02:00:00	4.7	688.7	7200	1334023200	255711	15.11	4
2012-04-10 03:00:00	5.7	640.2	10800	1334026800	232202	15.11	4
2012-04-10 04:00:00	6.0	649.9	14400	1334030400	236932	15.11	4
2012-04-10 05:00:00	5.2	688.7	18000	1334034000	255864	15.11	4
2012-04-10 06:00:00	6.6	679.0	21600	1334037600	251484	15.11	4
2012-04-10 07:00:00	7.4	582.0	25200	1334041200	206564	15.11	4
2012-04-10 08:00:00	7.6	601.4	28800	1334044800	215159	15.11	4
2012-04-10 09:00:00	7.6	465.6	32400	1334048400	161596	15.11	4
2012-04-10 10:00:00	7.0	533.5	36000	1334052000	186402	15.11	4
2012-04-10 11:00:00	7.7	523.8	39600	1334055600	182903	15.11	4
2012-04-10 12:00:00	7.9	523.8	43200	1334059200	182994	15.11	4
2012-04-10 13:00:00	8.0	543.2	46800	1334062800	190700	15.11	4
2012-04-10 14:00:00	8.6	552.9	50400	1334066400	194984	15.11	4
2012-04-10 15:00:00	8.0	582.0	54000	1334070000	206868	15.11	4
2012-04-10 16:00:00	7.4	562.6	57600	1334073600	198351	15.11	4
2012-04-10 17:00:00	6.7	533.5	61200	1334077200	186290	15.11	4
2012-04-10 18:00:00	5.9	514.1	64800	1334080800	178520	15.11	4
2012-04-10 19:00:00	5.0	504.4	68400	1334084400	174663	15.11	4
2012-04-10 20:00:00	4.0	465.6	72000	1334088000	160739	15.11	4
2012-04-10 21:00:00	3.2	485.0	75600	1334091600	167393	15.11	4
2012-04-10 22:00:00	3.0	465.6	79200	1334095200	160649	15.11	4
2012-04-10 23:00:00	2.5	475.3	82800	1334098800	163939	15.11	4
2012-04-11 00:00:00	2.2	465.6	0	1334102400	160595	15.11	4
2012-04-11 01:00:00	1.3	465.6	3600	1334106000	160547	15.11	4
2012-04-11 02:00:00	1.3	494.7	7200	1334109600	170726	15.11	4
2012-04-11 03:00:00	1.3	485.0	10800	1334113200	167262	15.11	4
2012-04-11 04:00:00	0.6	485.0	14400	1334116800	167228	15.11	4
2012-04-11 05:00:00	1.1	485.0	18000	1334120400	167252	15.11	4
2012-04-11 06:00:00	1.8	485.0	21600	1334124000	167290	15.11	4
2012-04-11 07:00:00	2.9	494.7	25200	1334127600	170837	15.11	4
2012-04-11 08:00:00	3.6	533.5	28800	1334131200	185516	15.11	4
2012-04-11 09:00:00	4.7	475.3	32400	1334134800	164162	15.11	4
2012-04-11 10:00:00	4.5	737.2	36000	1334138400	288862	15.11	4
2012-04-11 11:00:00	4.8	688.7	39600	1334142000	255740	15.11	4
2012-04-11 12:00:00	4.5	698.4	43200	1334145600	260626	15.11	4
2012-04-11 13:00:00	5.5	717.8	46800	1334149200	271108	15.11	4
2012-04-11 14:00:00	5.5	58.2	50400	1334152800	35675	15.11	4
2012-04-11 15:00:00	5.9	58.2	54000	1334156400	35675	15.11	4
2012-04-11 16:00:00	5.0	58.2	57600	1334160000	35675	15.11	4
2012-04-11 17:00:00	5.1	58.2	61200	1334163600	35675	15.11	4
2012-04-11 18:00:00	4.1	58.2	64800	1334167200	35675	15.11	4
2012-04-11 19:00:00	3.9	58.2	68400	1334170800	35675	15.11	4
2012-04-11 20:00:00	3.7	436.5	72000	1334174400	151142	15.11	4
2012-04-11 21:00:00	3.4	58.2	75600	1334178000	35675	15.11	4
2012-04-11 22:00:00	3.4	58.2	79200	1334181600	35675	15.11	4
2012-04-11 23:00:00	3.4	58.2	82800	1334185200	35675	15.11	4
2012-04-12 00:00:00	3.2	58.2	0	1334188800	35675	15.11	4
2012-04-12 01:00:00	3.2	436.5	3600	1334192400	151105	15.11	4
2012-04-12 02:00:00	2.4	601.4	7200	1334196000	213645	15.11	4
2012-04-12 03:00:00	1.7	669.3	10800	1334199600	245297	15.11	4
2012-04-12 04:00:00	1.7	679.0	14400	1334203200	250116	15.11	4
2012-04-12 05:00:00	1.7	688.7	18000	1334206800	255007	15.11	4
2012-04-12 06:00:00	4.1	649.9	21600	1334210400	236355	15.11	4
2012-04-12 07:00:00	5.2	717.8	25200	1334214000	271003	15.11	4
2012-04-12 08:00:00	6.1	717.8	28800	1334217600	271342	15.11	4
2012-04-12 09:00:00	6.9	465.6	32400	1334221200	161328	15.11	4
2012-04-12 10:00:00	6.8	426.8	36000	1334224800	148550	15.11	4
2012-04-12 11:00:00	7.7	426.8	39600	1334228400	148861	15.11	4
2012-04-12 12:00:00	7.3	446.2	43200	1334232000	154951	15.11	4
2012-04-12 13:00:00	7.2	436.5	46800	1334235600	151757	15.11	4
2012-04-12 14:00:00	7.1	446.2	50400	1334239200	154877	15.11	4
2012-04-12 15:00:00	7.1	436.5	54000	1334242800	151722	15.11	4
2012-04-12 16:00:00	6.8	436.5	57600	1334246400	151627	15.11	4
2012-04-12 17:00:00	6.3	436.5	61200	1334250000	151497	15.11	4
2012-04-12 18:00:00	5.5	436.5	64800	1334253600	151345	15.11	4
2012-04-12 19:00:00	5.1	436.5	68400	1334257200	151287	15.11	4
2012-04-12 20:00:00	4.9	465.6	72000	1334260800	160852	15.11	4
2012-04-12 21:00:00	5.4	436.5	75600	1334264400	151330	15.11	4
2012-04-12 22:00:00	5.5	436.5	79200	1334268000	151345	15.11	4
2012-04-12 23:00:00	5.6	436.5	82800	1334271600	151361	15.11	4
2012-04-13 00:00:00	5.3	58.2	0	1334275200	35675	15.11	4
2012-04-13 01:00:00	4.7	446.2	3600	1334278800	154361	15.11	4
2012-04-13 02:00:00	3.1	436.5	7200	1334282400	151098	15.11	4
2012-04-13 03:00:00	2.2	446.2	10800	1334286000	154158	15.11	4
2012-04-13 04:00:00	1.8	446.2	14400	1334289600	154138	15.11	4
2012-04-13 05:00:00	2.1	436.5	18000	1334293200	151041	15.11	4
2012-04-13 06:00:00	4.4	436.5	21600	1334296800	151205	15.11	4
2012-04-13 07:00:00	5.6	417.1	25200	1334300400	145314	15.11	4
2012-04-13 08:00:00	6.0	426.8	28800	1334304000	148369	15.11	4
2012-04-13 09:00:00	6.4	58.2	32400	1334307600	35675	15.11	4
2012-04-13 10:00:00	7.2	58.2	36000	1334311200	35675	15.11	4
2012-04-13 11:00:00	7.7	533.5	39600	1334314800	186693	15.11	4
2012-04-13 12:00:00	8.0	465.6	43200	1334318400	161766	15.11	4
2012-04-13 13:00:00	8.3	494.7	46800	1334322000	172231	15.11	4
2012-04-13 14:00:00	8.5	552.9	50400	1334325600	194920	15.11	4
2012-04-13 15:00:00	8.6	562.6	54000	1334329200	199001	15.11	4
2012-04-13 16:00:00	8.6	601.4	57600	1334332800	215787	15.11	4
2012-04-13 17:00:00	8.5	591.7	61200	1334336400	211409	15.11	4
2012-04-13 18:00:00	6.7	543.2	64800	1334340000	190146	15.11	4
2012-04-13 19:00:00	5.8	552.9	68400	1334343600	193765	15.11	4
2012-04-13 20:00:00	6.0	58.2	72000	1334347200	35675	15.11	4
2012-04-13 21:00:00	4.4	543.2	75600	1334350800	189481	15.11	4
2012-04-13 22:00:00	4.7	543.2	79200	1334354400	189542	15.11	4
2012-04-13 23:00:00	4.6	543.2	82800	1334358000	189521	15.11	4
2012-04-14 00:00:00	4.3	543.2	0	1334361600	189462	15.11	4
2012-04-14 01:00:00	3.4	58.2	3600	1334365200	35675	15.11	4
2012-04-14 02:00:00	3.1	58.2	7200	1334368800	35675	15.11	4
2012-04-14 03:00:00	3.0	58.2	10800	1334372400	35675	15.11	4
2012-04-14 04:00:00	3.8	58.2	14400	1334376000	35675	15.11	4
2012-04-14 05:00:00	3.2	58.2	18000	1334379600	35675	15.11	4
2012-04-14 06:00:00	5.7	58.2	21600	1334383200	35675	15.11	4
2012-04-14 07:00:00	8.0	58.2	25200	1334386800	35675	15.11	4
2012-04-14 08:00:00	9.4	58.2	28800	1334390400	35675	15.11	4
2012-04-14 09:00:00	10.3	58.2	32400	1334394000	35675	15.11	4
2012-04-14 10:00:00	11.2	58.2	36000	1334397600	35675	15.11	4
2012-04-14 11:00:00	11.8	58.2	39600	1334401200	35675	15.11	4
2012-04-14 12:00:00	12.1	58.2	43200	1334404800	35930	15.11	4
2012-04-14 13:00:00	11.9	58.2	46800	1334408400	35765	15.11	4
2012-04-14 14:00:00	12.1	58.2	50400	1334412000	35930	15.11	4
2012-04-14 15:00:00	11.8	58.2	54000	1334415600	35675	15.11	4
2012-04-14 16:00:00	11.8	58.2	57600	1334419200	35675	15.11	4
2012-04-14 17:00:00	11.8	58.2	61200	1334422800	35675	15.11	4
2012-04-14 18:00:00	11.7	58.2	64800	1334426400	35675	15.11	4
2012-04-14 19:00:00	11.3	58.2	68400	1334430000	35675	15.11	4
2012-04-14 20:00:00	11.7	58.2	72000	1334433600	35675	15.11	4
2012-04-14 21:00:00	11.7	58.2	75600	1334437200	35675	15.11	4
2012-04-14 22:00:00	11.5	58.2	79200	1334440800	35675	15.11	4
2012-04-14 23:00:00	12.8	58.2	82800	1334444400	36420	15.11	4
2012-04-15 00:00:00	13.1	58.2	0	1334448000	37045	15.11	4
2012-04-15 01:00:00	12.6	58.2	3600	1334451600	36139	15.11	4
2012-04-15 02:00:00	12.6	58.2	7200	1334455200	36139	15.11	4
2012-04-15 03:00:00	12.9	58.2	10800	1334458800	36665	15.11	4
2012-04-15 04:00:00	12.9	58.2	14400	1334462400	36665	15.11	4
2012-04-15 05:00:00	13.1	58.2	18000	1334466000	37045	15.11	4
2012-04-15 06:00:00	13.9	58.2	21600	1334469600	38441	16.11	4
2012-04-15 07:00:00	14.1	58.2	25200	1334473200	38924	16.11	4
2012-04-15 08:00:00	14.4	58.2	28800	1334476800	39404	16.11	4
2012-04-15 09:00:00	15.5	543.2	32400	1334480400	229254	18.11	4
2012-04-15 10:00:00	16.5	543.2	36000	1334484000	236630	19.11	4
2012-04-15 11:00:00	17.3	543.2	39600	1334487600	242317	20.11	4
2012-04-15 12:00:00	18.0	562.6	43200	1334491200	257401	21.11	4
2012-04-15 13:00:00	18.0	552.9	46800	1334494800	252604	21.11	4
2012-04-15 14:00:00	18.2	552.9	50400	1334498400	253425	21.11	4
2012-04-15 15:00:00	18.0	582.0	54000	1334502000	267261	21.11	4
2012-04-15 16:00:00	17.6	582.0	57600	1334505600	264160	20.11	4
2012-04-15 17:00:00	17.4	591.7	61200	1334509200	267482	20.11	4
2012-04-15 18:00:00	16.8	611.1	64800	1334512800	287431	16.11	4
2012-04-15 19:00:00	16.2	591.7	68400	1334516400	258379	19.11	4
2012-04-15 20:00:00	16.3	533.5	72000	1334520000	230527	19.11	4
2012-04-15 21:00:00	15.5	562.6	75600	1334523600	238642	18.11	4
2012-04-15 22:00:00	15.5	552.9	79200	1334527200	233906	18.11	4
2012-04-15 23:00:00	17.1	562.6	82800	1334530800	250668	20.11	4
2012-04-16 00:00:00	17.2	552.9	0	1334534400	246439	20.11	4
2012-04-16 01:00:00	16.8	533.5	3600	1334538000	235016	19.11	4
2012-04-16 02:00:00	16.4	533.5	7200	1334541600	231226	19.11	4
2012-04-16 03:00:00	15.7	533.5	10800	1334545200	226808	18.11	4
2012-04-16 04:00:00	15.5	533.5	14400	1334548800	224687	18.11	4
2012-04-16 05:00:00	15.2	533.5	18000	1334552400	222263	18.11	4
2012-04-16 06:00:00	16.8	533.5	21600	1334556000	235016	19.11	4
2012-04-16 07:00:00	17.9	533.5	25200	1334559600	242768	20.11	4
2012-04-16 08:00:00	18.5	533.5	28800	1334563200	245572	21.11	4
2012-04-16 09:00:00	19.5	58.2	32400	1334566800	47326	21.11	4
2012-04-16 10:00:00	19.8	766.3	36000	1334570400	406466	19.11	4
2012-04-16 11:00:00	20.1	630.5	39600	1334574000	308285	23.11	4
2012-04-16 12:00:00	20.6	863.3	43200	1334577600	424125	23.11	4
2012-04-16 13:00:00	20.2	640.2	46800	1334581200	314490	23.11	4
2012-04-16 14:00:00	19.6	649.9	50400	1334584800	316345	22.11	4
2012-04-16 15:00:00	19.4	669.3	54000	1334588400	326479	22.11	4
2012-04-16 16:00:00	19.4	659.6	57600	1334592000	320508	22.11	4
2012-04-16 17:00:00	19.1	649.9	61200	1334595600	312692	22.11	4
2012-04-16 18:00:00	18.5	620.8	64800	1334599200	291416	21.11	4
2012-04-16 19:00:00	18.2	485.0	68400	1334602800	222095	21.11	4
2012-04-16 20:00:00	17.8	58.2	72000	1334606400	45191	19.11	4
2012-04-16 21:00:00	17.8	446.2	75600	1334610000	202806	20.11	4
2012-04-16 22:00:00	17.9	446.2	79200	1334613600	203585	20.11	4
2012-04-16 23:00:00	17.5	436.5	82800	1334617200	197306	20.11	4
2012-04-17 00:00:00	17.0	436.5	0	1334620800	194555	19.11	4
2012-04-17 01:00:00	16.2	58.2	3600	1334624400	42391	18.11	4
2012-04-17 02:00:00	15.4	58.2	7200	1334628000	41179	17.11	4
2012-04-17 03:00:00	14.8	58.2	10800	1334631600	40160	17.11	4
2012-04-17 04:00:00	14.1	58.2	14400	1334635200	38924	16.11	4
2012-04-17 05:00:00	13.4	58.2	18000	1334638800	37526	15.11	4
2012-04-17 06:00:00	13.4	58.2	21600	1334642400	37526	15.11	4
2012-04-17 07:00:00	12.9	58.2	25200	1334646000	36665	15.11	4
2012-04-17 08:00:00	13.1	58.2	28800	1334649600	37045	15.11	4
2012-04-17 09:00:00	12.9	552.9	32400	1334653200	212403	16.11	4
2012-04-17 10:00:00	13.4	1367.7	36000	1334656800	570057	17.11	4
2012-04-17 11:00:00	13.2	1358.0	39600	1334660400	560367	16.11	4
2012-04-17 12:00:00	13.3	1425.9	43200	1334664000	602300	17.11	4
2012-04-17 13:00:00	13.3	1552.0	46800	1334667600	616069	15.11	4
2012-04-17 14:00:00	13.3	1581.1	50400	1334671200	603066	15.11	4
2012-04-17 15:00:00	12.8	1377.4	54000	1334674800	562293	16.11	4
2012-04-17 16:00:00	12.3	1493.8	57600	1334678400	607336	15.11	4
2012-04-17 17:00:00	10.8	1503.5	61200	1334682000	563007	15.11	4
2012-04-17 18:00:00	10.0	1425.9	64800	1334685600	546525	15.11	4
2012-04-17 19:00:00	9.3	727.5	68400	1334689200	279503	15.11	4
2012-04-17 20:00:00	8.6	562.6	72000	1334692800	199001	15.11	4
2012-04-17 21:00:00	8.2	572.3	75600	1334696400	202832	15.11	4
2012-04-17 22:00:00	8.4	572.3	79200	1334700000	202955	15.11	4
2012-04-17 23:00:00	8.4	572.3	82800	1334703600	202955	15.11	4
2012-04-18 00:00:00	8.9	562.6	0	1334707200	199219	15.11	4
2012-04-18 01:00:00	9.2	552.9	3600	1334710800	195440	15.11	4
2012-04-18 02:00:00	8.8	1484.1	7200	1334714400	577118	15.11	4
2012-04-18 03:00:00	8.2	1290.1	10800	1334718000	471437	15.11	4
2012-04-18 04:00:00	8.2	1212.5	14400	1334721600	435345	15.11	4
2012-04-18 05:00:00	8.2	1183.4	18000	1334725200	422405	15.11	4
2012-04-18 06:00:00	7.9	1202.8	21600	1334728800	430632	15.11	4
2012-04-18 07:00:00	7.9	1270.7	25200	1334732400	461790	15.11	4
2012-04-18 08:00:00	8.5	1299.8	28800	1334736000	476606	15.11	4
2012-04-18 09:00:00	8.8	446.2	32400	1334739600	155619	15.11	4
2012-04-18 10:00:00	8.5	58.2	36000	1334743200	35675	15.11	4
2012-04-18 11:00:00	8.5	368.6	39600	1334746800	132127	15.11	4
2012-04-18 12:00:00	8.4	669.3	43200	1334750400	247764	15.11	4
2012-04-18 13:00:00	9.1	1949.7	46800	1334754000	716802	15.11	4
2012-04-18 14:00:00	8.9	1585.95	50400	1334757600	501705	15.11	4
2012-04-18 15:00:00	9.1	1178.55	54000	1334761200	421672	15.11	4
2012-04-18 16:00:00	9.4	1105.8	57600	1334764800	391244	15.11	4
2012-04-18 17:00:00	9.9	1149.45	61200	1334768400	410920	15.11	4
2012-04-18 18:00:00	9.7	1062.15	64800	1334772000	374188	15.11	4
2012-04-18 19:00:00	9.7	756.6	68400	1334775600	271433	15.11	4
2012-04-18 20:00:00	9.9	436.5	72000	1334779200	153165	15.11	4
2012-04-18 21:00:00	9.9	669.3	75600	1334782800	249983	15.11	4
2012-04-18 22:00:00	9.9	669.3	79200	1334786400	249983	15.11	4
2012-04-18 23:00:00	9.9	669.3	82800	1334790000	249983	15.11	4
2012-04-19 00:00:00	10.2	625.65	0	1334793600	229192	15.11	4
2012-04-19 01:00:00	9.9	436.5	3600	1334797200	153165	15.11	4
2012-04-19 02:00:00	10.2	514.1	7200	1334800800	181064	15.11	4
2012-04-19 03:00:00	9.4	552.9	10800	1334804400	195627	15.11	4
2012-04-19 04:00:00	8.6	58.2	14400	1334808000	35675	15.11	4
2012-04-19 05:00:00	7.7	58.2	18000	1334811600	35675	15.11	4
2012-04-19 06:00:00	9.4	58.2	21600	1334815200	35675	15.11	4
2012-04-19 07:00:00	10.8	58.2	25200	1334818800	35675	15.11	4
2012-04-19 08:00:00	11.3	58.2	28800	1334822400	35675	15.11	4
2012-04-19 09:00:00	12.0	572.3	32400	1334826000	213336	15.11	4
2012-04-19 10:00:00	12.5	1387.1	36000	1334829600	562423	16.11	4
2012-04-19 11:00:00	12.2	1474.4	39600	1334833200	608591	16.11	4
2012-04-19 12:00:00	12.9	1474.4	43200	1334836800	621635	16.11	4
2012-04-19 13:00:00	13.4	1513.2	46800	1334840400	656716	17.11	4
2012-04-19 14:00:00	13.6	1513.2	50400	1334844000	660061	17.11	4
2012-04-19 15:00:00	13.6	1561.7	54000	1334847600	634505	15.11	4
2012-04-19 16:00:00	13.1	1561.7	57600	1334851200	595392	15.11	4
2012-04-19 17:00:00	12.2	1522.9	61200	1334854800	573014	15.11	4
2012-04-19 18:00:00	11.5	1338.6	64800	1334858400	515364	15.11	4
2012-04-19 19:00:00	11.0	756.6	68400	1334862000	277591	15.11	4
2012-04-19 20:00:00	10.2	582.0	72000	1334865600	209163	15.11	4
2012-04-19 21:00:00	9.9	591.7	75600	1334869200	212927	15.11	4
2012-04-19 22:00:00	9.4	591.7	79200	1334872800	212232	15.11	4
2012-04-19 23:00:00	9.1	572.3	82800	1334876400	203486	15.11	4
2012-04-20 00:00:00	8.3	572.3	0	1334880000	202892	15.11	4
2012-04-20 01:00:00	8.0	572.3	3600	1334883600	202719	15.11	4
2012-04-20 02:00:00	7.7	1358.0	7200	1334887200	504158	15.11	4
2012-04-20 03:00:00	7.2	1212.5	10800	1334890800	434258	15.11	4
2012-04-20 04:00:00	7.2	58.2	14400	1334894400	35675	15.11	4
2012-04-20 05:00:00	6.9	58.2	18000	1334898000	35675	15.11	4
2012-04-20 06:00:00	9.9	1241.6	21600	1334901600	452497	15.11	4
2012-04-20 07:00:00	12.1	1309.5	25200	1334905200	512222	15.11	4
2012-04-20 08:00:00	13.6	1338.6	28800	1334908800	556454	17.11	4
2012-04-20 09:00:00	14.2	640.2	32400	1334912400	267554	17.11	4
2012-04-20 10:00:00	14.2	1018.5	36000	1334916000	407199	17.11	4
2012-04-20 11:00:00	15.1	1091.25	39600	1334919600	454379	18.11	4
2012-04-20 12:00:00	15.3	1164.0	43200	1334923200	492707	18.11	4
2012-04-20 13:00:00	15.3	1222.2	46800	1334926800	522794	18.11	4
2012-04-20 14:00:00	15.8	1207.65	50400	1334930400	549635	15.11	4
2012-04-20 15:00:00	15.8	1236.75	54000	1334934000	564150	15.11	4
2012-04-20 16:00:00	15.6	960.3	57600	1334937600	403866	18.11	4
2012-04-20 17:00:00	14.9	1644.15	61200	1334941200	681509	18.11	4
2012-04-20 18:00:00	14.7	1731.45	64800	1334944800	719811	18.11	4
2012-04-20 19:00:00	14.3	814.8	68400	1334948400	330138	17.11	4
2012-04-20 20:00:00	14.1	640.2	72000	1334952000	266506	17.11	4
2012-04-20 21:00:00	13.6	698.4	75600	1334955600	294778	17.11	4
2012-04-20 22:00:00	13.4	683.85	79200	1334959200	285034	17.11	4
2012-04-20 23:00:00	12.9	683.85	82800	1334962800	279423	16.11	4
2012-04-21 00:00:00	12.1	683.85	0	1334966400	272158	15.11	4
2012-04-21 01:00:00	11.8	669.3	3600	1334970000	260533	15.11	4
2012-04-21 02:00:00	11.8	1309.5	7200	1334973600	505383	15.11	4
2012-04-21 03:00:00	11.6	945.75	10800	1334977200	337710	15.11	4
2012-04-21 04:00:00	12.1	916.65	14400	1334980800	332067	15.11	4
2012-04-21 05:00:00	13.0	887.55	18000	1334984400	336999	16.11	4
2012-04-21 06:00:00	14.2	931.2	21600	1334988000	371454	17.11	4
2012-04-21 07:00:00	15.5	1003.95	25200	1334991600	420881	18.11	4
2012-04-21 08:00:00	16.1	1033.05	28800	1334995200	443416	19.11	4
2012-04-21 09:00:00	17.7	582.0	32400	1334998800	265200	20.11	4
2012-04-21 10:00:00	17.9	1358.0	36000	1335002400	668153	17.11	4
2012-04-21 11:00:00	18.3	1474.4	39600	1335006000	723162	21.11	4
2012-04-21 12:00:00	18.1	1513.2	43200	1335009600	745771	21.11	4
2012-04-21 13:00:00	17.9	1581.1	46800	1335013200	808131	17.11	4
2012-04-21 14:00:00	18.5	1600.5	50400	1335016800	736708	21.11	4
2012-04-21 15:00:00	18.6	1658.7	54000	1335020400	767557	21.11	4
2012-04-21 16:00:00	18.5	1668.4	57600	1335024000	770236	21.11	4
2012-04-21 17:00:00	16.8	1600.5	61200	1335027600	705041	19.11	4
2012-04-21 18:00:00	16.3	1493.8	64800	1335031200	701056	19.11	4
2012-04-21 19:00:00	13.7	834.2	68400	1335034800	327210	16.11	4
2012-04-21 20:00:00	13.2	601.4	72000	1335038400	238434	16.11	4
2012-04-21 21:00:00	12.6	591.7	75600	1335042000	228567	16.11	4
2012-04-21 22:00:00	12.3	611.1	79200	1335045600	235803	15.11	4
2012-04-21 23:00:00	12.0	611.1	82800	1335049200	232198	15.11	4
2012-04-22 00:00:00	11.8	611.1	0	1335052800	230223	15.11	4
2012-04-22 01:00:00	11.0	591.7	3600	1335056400	215836	15.11	4
2012-04-22 03:00:00	9.4	1348.3	10800	1335063600	502886	15.11	4
2012-04-22 04:00:00	8.9	1328.9	14400	1335067200	491716	15.11	4
2012-04-22 05:00:00	8.9	1290.1	18000	1335070800	472702	15.11	4
2012-04-22 06:00:00	8.3	1299.8	21600	1335074400	476267	15.11	4
2012-04-22 07:00:00	8.0	1367.7	25200	1335078000	509513	15.11	4
2012-04-22 08:00:00	8.3	1396.8	28800	1335081600	525033	15.11	4
2012-04-22 09:00:00	8.0	669.3	32400	1335085200	247435	15.11	4
2012-04-22 10:00:00	8.3	800.25	36000	1335088800	281952	15.11	4
2012-04-22 11:00:00	8.0	814.8	39600	1335092400	286025	15.11	4
2012-04-22 12:00:00	8.6	1585.95	43200	1335096000	500677	15.11	4
2012-04-22 13:00:00	8.8	814.8	46800	1335099600	286761	15.11	4
2012-04-22 14:00:00	8.6	1003.95	50400	1335103200	350137	15.11	4
2012-04-22 15:00:00	8.6	1062.15	54000	1335106800	372409	15.11	4
2012-04-22 16:00:00	8.6	1105.8	57600	1335110400	389958	15.11	4
2012-04-22 17:00:00	8.6	1047.6	61200	1335114000	366721	15.11	4
2012-04-22 18:00:00	8.3	974.85	64800	1335117600	339171	15.11	4
2012-04-22 19:00:00	8.0	771.15	68400	1335121200	257123	15.11	4
2012-04-22 20:00:00	7.5	669.3	72000	1335124800	247100	15.11	4
2012-04-22 21:00:00	6.9	669.3	75600	1335128400	246778	15.11	4
2012-04-22 22:00:00	6.4	669.3	79200	1335132000	246555	15.11	4
2012-04-22 23:00:00	6.1	654.75	82800	1335135600	239309	15.11	4
2012-04-23 00:00:00	6.1	756.6	0	1335139200	267100	15.11	4
2012-04-23 01:00:00	5.8	640.2	3600	1335142800	232235	15.11	4
2012-04-23 02:00:00	5.6	1251.3	7200	1335146400	450713	15.11	4
2012-04-23 03:00:00	5.5	843.9	10800	1335150000	293561	15.11	4
2012-04-23 04:00:00	4.5	814.8	14400	1335153600	284549	15.11	4
2012-04-23 05:00:00	4.2	785.7	18000	1335157200	248958	15.11	4
2012-04-23 06:00:00	4.5	771.15	21600	1335160800	255196	15.11	4
2012-04-23 07:00:00	4.5	785.7	25200	1335164400	249065	15.11	4
2012-04-23 08:00:00	4.8	771.15	28800	1335168000	255296	15.11	4
2012-04-23 09:00:00	5.5	630.5	32400	1335171600	227582	15.11	4
2012-04-23 10:00:00	5.5	1542.3	36000	1335175200	511000	15.11	4
2012-04-23 11:00:00	6.8	1493.8	39600	1335178800	558005	15.11	4
2012-04-23 12:00:00	5.9	1377.4	43200	1335182400	512201	15.11	4
2012-04-23 13:00:00	6.3	1367.7	46800	1335186000	507589	15.11	4
2012-04-23 14:00:00	4.9	1358.0	50400	1335189600	501718	15.11	4
2012-04-23 15:00:00	5.7	1396.8	54000	1335193200	522010	15.11	4
2012-04-23 16:00:00	5.2	1435.6	57600	1335196800	541990	15.11	4
2012-04-23 17:00:00	5.1	1261.0	61200	1335200400	454905	15.11	4
2012-04-23 18:00:00	4.6	1251.3	64800	1335204000	450118	15.11	4
2012-04-23 19:00:00	4.2	601.4	68400	1335207600	213972	15.11	4
2012-04-23 20:00:00	4.4	630.5	72000	1335211200	227261	15.11	4
2012-04-23 21:00:00	4.4	514.1	75600	1335214800	178181	15.11	4
2012-04-23 22:00:00	4.0	523.8	79200	1335218400	181812	15.11	4
2012-04-23 23:00:00	3.5	504.4	82800	1335222000	174440	15.11	4
2012-04-24 00:00:00	3.4	504.4	0	1335225600	174429	15.11	4
2012-04-24 01:00:00	3.5	611.1	3600	1335229200	218153	15.11	4
2012-04-24 02:00:00	3.7	1474.4	7200	1335232800	577646	15.11	4
2012-04-24 03:00:00	3.3	1270.7	10800	1335236400	458496	15.11	4
2012-04-24 04:00:00	2.6	1290.1	14400	1335240000	467384	15.11	4
2012-04-24 05:00:00	2.4	1348.3	18000	1335243600	495618	15.11	4
2012-04-24 06:00:00	4.4	1367.7	21600	1335247200	506314	15.11	4
2012-04-24 07:00:00	5.8	1445.3	25200	1335250800	547598	15.11	4
2012-04-24 08:00:00	6.3	1532.6	28800	1335254400	517944	15.11	4
2012-04-24 09:00:00	6.1	640.2	32400	1335258000	232341	15.11	4
2012-04-24 10:00:00	6.6	669.3	36000	1335261600	246640	15.11	4
2012-04-24 11:00:00	6.6	669.3	39600	1335265200	246640	15.11	4
2012-04-24 12:00:00	7.1	669.3	43200	1335268800	246878	15.11	4
2012-04-24 13:00:00	6.8	771.15	46800	1335272400	256178	15.11	4
2012-04-24 14:00:00	6.8	654.75	50400	1335276000	239595	15.11	4
2012-04-24 15:00:00	6.6	669.3	54000	1335279600	246640	15.11	4
2012-04-24 16:00:00	6.6	654.75	57600	1335283200	239507	15.11	4
2012-04-24 17:00:00	6.0	654.75	61200	1335286800	239272	15.11	4
2012-04-24 18:00:00	5.7	654.75	64800	1335290400	239166	15.11	4
2012-04-24 19:00:00	6.0	654.75	68400	1335294000	239272	15.11	4
2012-04-24 20:00:00	5.5	669.3	72000	1335297600	246221	15.11	4
2012-04-24 21:00:00	5.1	654.75	75600	1335301200	238974	15.11	4
2012-04-24 22:00:00	4.7	669.3	79200	1335304800	245974	15.11	4
2012-04-24 23:00:00	4.7	654.75	82800	1335308400	238856	15.11	4
2012-04-25 00:00:00	4.1	654.75	0	1335312000	238692	15.11	4
2012-04-25 01:00:00	3.7	654.75	3600	1335315600	238590	15.11	4
2012-04-25 02:00:00	4.0	683.85	7200	1335319200	253057	15.11	4
2012-04-25 03:00:00	4.0	669.3	10800	1335322800	245783	15.11	4
2012-04-25 04:00:00	4.0	654.75	14400	1335326400	238666	15.11	4
2012-04-25 05:00:00	3.1	654.75	18000	1335330000	238446	15.11	4
2012-04-25 06:00:00	6.6	654.75	21600	1335333600	239507	15.11	4
2012-04-25 07:00:00	8.3	654.75	25200	1335337200	240497	15.11	4
2012-04-25 08:00:00	8.6	625.65	28800	1335340800	226867	15.11	4
2012-04-25 09:00:00	9.1	494.7	32400	1335344400	172695	15.11	4
2012-04-25 10:00:00	9.0	882.7	36000	1335348000	308267	15.11	4
2012-04-25 11:00:00	9.5	921.5	39600	1335351600	321870	15.11	4
2012-04-25 12:00:00	9.5	921.5	43200	1335355200	321870	15.11	4
2012-04-25 13:00:00	9.8	931.2	46800	1335358800	325688	15.11	4
2012-04-25 14:00:00	9.5	940.9	50400	1335362400	328578	15.11	4
2012-04-25 15:00:00	9.3	911.8	54000	1335366000	318296	15.11	4
2012-04-25 16:00:00	9.7	892.4	57600	1335369600	312370	15.11	4
2012-04-25 17:00:00	9.0	814.8	61200	1335373200	286967	15.11	4
2012-04-25 18:00:00	8.2	746.9	64800	1335376800	280208	15.11	4
2012-04-25 19:00:00	7.5	533.5	68400	1335380400	186605	15.11	4
2012-04-25 20:00:00	7.1	504.4	72000	1335384000	175290	15.11	4
2012-04-25 21:00:00	6.9	465.6	75600	1335387600	161328	15.11	4
2012-04-25 22:00:00	6.6	475.3	79200	1335391200	164589	15.11	4
2012-04-25 23:00:00	6.6	475.3	82800	1335394800	164589	15.11	4
2012-04-26 00:00:00	7.6	465.6	0	1335398400	161596	15.11	4
2012-04-26 01:00:00	8.3	504.4	3600	1335402000	175815	15.11	4
2012-04-26 02:00:00	8.6	708.1	7200	1335405600	267947	15.11	4
2012-04-26 03:00:00	9.7	679.0	10800	1335409200	254500	15.11	4
2012-04-26 04:00:00	10.4	708.1	14400	1335412800	272052	15.11	4
2012-04-26 05:00:00	11.0	746.9	18000	1335416400	289143	15.11	4
2012-04-26 06:00:00	11.2	834.2	21600	1335420000	297126	15.11	4
2012-04-26 07:00:00	11.6	863.3	25200	1335423600	308584	15.11	4
2012-04-26 08:00:00	12.4	892.4	28800	1335427200	327608	15.11	4
2012-04-26 09:00:00	13.2	654.75	32400	1335430800	266610	16.11	4
2012-04-26 10:00:00	13.8	596.55	36000	1335434400	241311	17.11	4
2012-04-26 11:00:00	14.0	625.65	39600	1335438000	257771	17.11	4
2012-04-26 12:00:00	14.8	640.2	43200	1335441600	272872	18.11	4
2012-04-26 13:00:00	15.0	640.2	46800	1335445200	274369	18.11	4
2012-04-26 14:00:00	15.2	669.3	50400	1335448800	292624	18.11	4
2012-04-26 15:00:00	15.2	698.4	54000	1335452400	309814	18.11	4
2012-04-26 16:00:00	15.5	669.3	57600	1335456000	305984	15.11	4
2012-04-26 17:00:00	15.2	698.4	61200	1335459600	309814	18.11	4
2012-04-26 18:00:00	14.8	712.95	64800	1335463200	314712	18.11	4
2012-04-26 19:00:00	14.6	683.85	68400	1335466800	295982	18.11	4
2012-04-26 20:00:00	14.3	654.75	72000	1335470400	276755	17.11	4
2012-04-26 21:00:00	15.1	683.85	75600	1335474000	300082	18.11	4
2012-04-26 22:00:00	14.5	683.85	79200	1335477600	295355	18.11	4
2012-04-26 23:00:00	11.5	698.4	82800	1335481200	273677	15.11	4
2012-04-27 00:00:00	9.9	640.2	0	1335484800	235518	15.11	4
2012-04-27 01:00:00	8.9	654.75	3600	1335488400	241074	15.11	4
2012-04-27 02:00:00	6.4	654.75	7200	1335492000	239425	15.11	4
2012-04-27 03:00:00	5.3	654.75	10800	1335495600	239035	15.11	4
2012-04-27 04:00:00	5.2	58.2	14400	1335499200	35675	15.11	4
2012-04-27 05:00:00	5.4	58.2	18000	1335502800	35675	15.11	4
2012-04-27 06:00:00	5.8	58.2	21600	1335506400	35675	15.11	4
2012-04-27 07:00:00	6.8	58.2	25200	1335510000	35675	15.11	4
2012-04-27 08:00:00	5.0	58.2	28800	1335513600	35675	15.11	4
2012-04-27 09:00:00	6.1	58.2	32400	1335517200	35675	15.11	4
2012-04-27 10:00:00	6.1	58.2	36000	1335520800	35675	15.11	4
2012-04-27 11:00:00	7.1	58.2	39600	1335524400	35675	15.11	4
2012-04-27 12:00:00	7.8	58.2	43200	1335528000	35675	15.11	4
2012-04-27 13:00:00	8.1	417.1	46800	1335531600	146009	15.11	4
2012-04-27 14:00:00	8.0	417.1	50400	1335535200	145966	15.11	4
2012-04-27 15:00:00	7.7	436.5	54000	1335538800	151951	15.11	4
2012-04-27 16:00:00	7.7	426.8	57600	1335542400	148861	15.11	4
2012-04-27 17:00:00	7.1	446.2	61200	1335546000	154877	15.11	4
2012-04-27 18:00:00	5.9	436.5	64800	1335549600	151414	15.11	4
2012-04-27 19:00:00	5.3	446.2	68400	1335553200	154444	15.11	4
2012-04-27 20:00:00	4.8	58.2	72000	1335556800	35675	15.11	4
2012-04-27 21:00:00	4.4	436.5	75600	1335560400	151205	15.11	4
2012-04-27 22:00:00	3.5	436.5	79200	1335564000	151127	15.11	4
2012-04-27 23:00:00	3.6	436.5	82800	1335567600	151134	15.11	4
2012-04-28 00:00:00	3.0	436.5	0	1335571200	151092	15.11	4
2012-04-28 01:00:00	2.0	58.2	3600	1335574800	35675	15.11	4
2012-04-28 02:00:00	2.0	58.2	7200	1335578400	35675	15.11	4
2012-04-28 03:00:00	1.7	58.2	10800	1335582000	35675	15.11	4
2012-04-28 04:00:00	1.4	58.2	14400	1335585600	35675	15.11	4
2012-04-28 05:00:00	2.4	58.2	18000	1335589200	35675	15.11	4
2012-04-28 06:00:00	4.2	58.2	21600	1335592800	35675	15.11	4
2012-04-28 07:00:00	4.1	58.2	25200	1335596400	35675	15.11	4
2012-04-28 08:00:00	4.0	58.2	28800	1335600000	35675	15.11	4
2012-04-28 09:00:00	4.3	446.2	32400	1335603600	154316	15.11	4
2012-04-28 10:00:00	4.7	514.1	36000	1335607200	178233	15.11	4
2012-04-28 11:00:00	4.3	669.3	39600	1335610800	245862	15.11	4
2012-04-28 12:00:00	5.0	669.3	43200	1335614400	246063	15.11	4
2012-04-28 13:00:00	5.6	766.3	46800	1335618000	258719	15.11	4
2012-04-28 14:00:00	5.7	795.4	50400	1335621600	247681	15.11	4
2012-04-28 15:00:00	6.4	834.2	54000	1335625200	290900	15.11	4
2012-04-28 16:00:00	5.9	853.6	57600	1335628800	296696	15.11	4
2012-04-28 17:00:00	7.5	921.5	61200	1335632400	319789	15.11	4
2012-04-28 18:00:00	7.2	814.8	64800	1335636000	285437	15.11	4
2012-04-28 19:00:00	7.0	543.2	68400	1335639600	190259	15.11	4
2012-04-28 20:00:00	7.0	446.2	72000	1335643200	154841	15.11	4
2012-04-28 21:00:00	7.5	485.0	75600	1335646800	168362	15.11	4
2012-04-28 22:00:00	7.5	485.0	79200	1335650400	168362	15.11	4
2012-04-28 23:00:00	7.2	475.3	82800	1335654000	164807	15.11	4
2012-04-29 00:00:00	6.9	475.3	0	1335657600	164695	15.11	4
2012-04-29 01:00:00	6.9	446.2	3600	1335661200	154808	15.11	4
2012-04-29 02:00:00	6.1	533.5	7200	1335664800	186083	15.11	4
2012-04-29 03:00:00	5.8	552.9	10800	1335668400	193765	15.11	4
2012-04-29 04:00:00	5.3	504.4	14400	1335672000	174726	15.11	4
2012-04-29 05:00:00	5.3	58.2	18000	1335675600	35675	15.11	4
2012-04-29 06:00:00	6.7	58.2	21600	1335679200	35675	15.11	4
2012-04-29 07:00:00	8.1	58.2	25200	1335682800	35675	15.11	4
2012-04-29 08:00:00	8.0	58.2	28800	1335686400	35675	15.11	4
2012-04-29 09:00:00	7.9	465.6	32400	1335690000	161722	15.11	4
2012-04-29 10:00:00	9.0	455.9	36000	1335693600	158967	15.11	4
2012-04-29 11:00:00	9.9	475.3	39600	1335697200	166340	15.11	4
2012-04-29 12:00:00	10.9	485.0	43200	1335700800	171281	15.11	4
2012-04-29 13:00:00	10.1	504.4	46800	1335704400	177221	15.11	4
2012-04-29 14:00:00	10.3	504.4	50400	1335708000	177490	15.11	4
2012-04-29 15:00:00	10.2	504.4	54000	1335711600	177351	15.11	4
2012-04-29 16:00:00	10.2	514.1	57600	1335715200	181064	15.11	4
2012-04-29 17:00:00	9.8	533.5	61200	1335718800	188177	15.11	4
2012-04-29 18:00:00	9.4	485.0	64800	1335722400	169382	15.11	4
2012-04-29 19:00:00	8.0	475.3	68400	1335726000	165136	15.11	4
2012-04-29 20:00:00	8.7	465.6	72000	1335729600	162106	15.11	4
2012-04-29 21:00:00	8.1	465.6	75600	1335733200	161811	15.11	4
2012-04-29 22:00:00	7.0	455.9	79200	1335736800	158067	15.11	4
2012-04-29 23:00:00	6.7	455.9	82800	1335740400	157966	15.11	4
2012-04-30 00:00:00	8.3	455.9	0	1335744000	158602	15.11	4
2012-04-30 01:00:00	7.8	465.6	3600	1335747600	161679	15.11	4
2012-04-30 02:00:00	5.7	465.6	7200	1335751200	160993	15.11	4
2012-04-30 03:00:00	4.3	465.6	10800	1335754800	160772	15.11	4
2012-04-30 04:00:00	3.6	465.6	14400	1335758400	160699	15.11	4
2012-04-30 05:00:00	3.9	494.7	18000	1335762000	170941	15.11	4
2012-04-30 06:00:00	5.2	485.0	21600	1335765600	167658	15.11	4
2012-04-30 07:00:00	5.4	475.3	25200	1335769200	164280	15.11	4
2012-04-30 08:00:00	5.9	446.2	28800	1335772800	154550	15.11	4
2012-04-30 09:00:00	5.8	640.2	32400	1335776400	232235	15.11	4
2012-04-30 10:00:00	7.0	1324.05	36000	1335780000	486461	15.11	4
2012-04-30 11:00:00	8.1	814.8	39600	1335783600	286111	15.11	4
2012-04-30 12:00:00	9.5	829.35	43200	1335787200	291967	15.11	4
2012-04-30 13:00:00	10.2	902.1	46800	1335790800	316501	15.11	4
2012-04-30 14:00:00	11.0	1003.95	50400	1335794400	355830	15.11	4
2012-04-30 15:00:00	11.5	1120.35	54000	1335798000	408008	15.11	4
2012-04-30 16:00:00	12.0	1193.1	57600	1335801600	449949	15.11	4
2012-04-30 17:00:00	11.7	1120.35	61200	1335805200	410557	15.11	4
2012-04-30 18:00:00	11.5	1120.35	64800	1335808800	408008	15.11	4
2012-04-30 19:00:00	11.2	756.6	68400	1335812400	279305	15.11	4
2012-04-30 20:00:00	11.0	654.75	72000	1335816000	246583	15.11	4
2012-04-30 21:00:00	11.2	640.2	75600	1335819600	240313	15.11	4
2012-04-30 22:00:00	11.0	640.2	79200	1335823200	239186	15.11	4
2012-04-30 23:00:00	12.0	640.2	82800	1335826800	247157	15.11	4
