	Twet	Load	Hour(s)	TimeStamp(s)	Power	Tset	month
2011-05-01 00:00:00	8.9	756.6	0	1304208000	269509	15.11	5
2011-05-01 01:00:00	8.9	669.3	3600	1304211600	248288	15.11	5
2011-05-01 02:00:00	9.1	698.4	7200	1304215200	263502	15.11	5
2011-05-01 03:00:00	7.8	737.2	10800	1304218800	290485	15.11	5
2011-05-01 04:00:00	7.8	698.4	14400	1304222400	262097	15.11	5
2011-05-01 05:00:00	8.0	717.8	18000	1304226000	272499	15.11	5
2011-05-01 06:00:00	9.4	737.2	21600	1304229600	292761	15.11	5
2011-05-01 07:00:00	10.5	737.2	25200	1304233200	296535	15.11	5
2011-05-01 08:00:00	11.5	795.4	28800	1304236800	264068	15.11	5
2011-05-01 09:00:00	12.0	465.6	32400	1304240400	168127	15.11	5
2011-05-01 10:00:00	11.7	659.6	36000	1304244000	254294	15.11	5
2011-05-01 11:00:00	12.0	746.9	39600	1304247600	299225	15.11	5
2011-05-01 12:00:00	12.5	805.1	43200	1304251200	298220	15.11	5
2011-05-01 13:00:00	12.7	882.7	46800	1304254800	330159	15.11	5
2011-05-01 14:00:00	11.7	979.7	50400	1304258400	351497	15.11	5
2011-05-01 15:00:00	12.8	940.9	54000	1304262000	354945	16.11	5
2011-05-01 16:00:00	12.3	940.9	57600	1304265600	344410	15.11	5
2011-05-01 17:00:00	12.9	931.2	61200	1304269200	352157	16.11	5
2011-05-01 18:00:00	12.4	863.3	64800	1304272800	316924	15.11	5
2011-05-01 19:00:00	12.1	591.7	68400	1304276400	223667	15.11	5
2011-05-01 20:00:00	12.1	485.0	72000	1304280000	176314	15.11	5
2011-05-01 21:00:00	12.1	533.5	75600	1304283600	196625	15.11	5
2011-05-01 22:00:00	12.4	533.5	79200	1304287200	199809	15.11	5
2011-05-01 23:00:00	12.1	543.2	82800	1304290800	200932	15.11	5
2011-05-02 00:00:00	11.6	543.2	0	1304294400	197135	15.11	5
2011-05-02 01:00:00	11.3	475.3	3600	1304298000	168717	15.11	5
2011-05-02 02:00:00	11.3	582.0	7200	1304301600	212775	15.11	5
2011-05-02 03:00:00	11.3	582.0	10800	1304305200	212775	15.11	5
2011-05-02 04:00:00	11.3	601.4	14400	1304308800	221845	15.11	5
2011-05-02 05:00:00	11.3	523.8	18000	1304312400	187527	15.11	5
2011-05-02 06:00:00	11.8	523.8	21600	1304316000	190088	15.11	5
2011-05-02 07:00:00	12.3	611.1	25200	1304319600	235803	15.11	5
2011-05-02 08:00:00	13.6	582.0	28800	1304323200	233039	17.11	5
2011-05-02 09:00:00	14.7	746.9	32400	1304326800	334939	18.11	5
2011-05-02 10:00:00	15.9	931.2	36000	1304330400	397724	18.11	5
2011-05-02 11:00:00	17.1	989.4	39600	1304334000	438714	20.11	5
2011-05-02 12:00:00	18.2	999.1	43200	1304337600	456876	21.11	5
2011-05-02 13:00:00	18.3	58.2	46800	1304341200	45583	20.11	5
2011-05-02 14:00:00	18.5	1503.5	50400	1304344800	747282	21.11	5
2011-05-02 15:00:00	18.3	1270.7	54000	1304348400	596201	21.11	5
2011-05-02 16:00:00	18.1	1328.9	57600	1304352000	627553	21.11	5
2011-05-02 17:00:00	17.3	1338.6	61200	1304355600	620675	20.11	5
2011-05-02 18:00:00	16.9	1328.9	64800	1304359200	633310	16.11	5
2011-05-02 19:00:00	17.0	1270.7	68400	1304362800	576778	20.11	5
2011-05-02 20:00:00	16.8	737.2	72000	1304366400	358328	16.11	5
2011-05-02 21:00:00	16.3	58.2	75600	1304370000	42648	18.11	5
2011-05-02 22:00:00	16.1	58.2	79200	1304373600	42211	18.11	5
2011-05-02 23:00:00	16.2	58.2	82800	1304377200	42391	18.11	5
2011-05-03 00:00:00	16.2	58.2	0	1304380800	42391	18.11	5
2011-05-03 01:00:00	15.4	746.9	3600	1304384400	349857	15.11	5
2011-05-03 02:00:00	14.6	824.5	7200	1304388000	336866	17.11	5
2011-05-03 03:00:00	14.6	892.4	10800	1304391600	361965	17.11	5
2011-05-03 04:00:00	14.1	911.8	14400	1304395200	363004	17.11	5
2011-05-03 05:00:00	14.1	931.2	18000	1304398800	370407	17.11	5
2011-05-03 06:00:00	16.4	911.8	21600	1304402400	395561	19.11	5
2011-05-03 07:00:00	17.4	873.0	25200	1304406000	393789	20.11	5
2011-05-03 08:00:00	18.5	892.4	28800	1304409600	414277	21.11	5
2011-05-03 09:00:00	19.1	552.9	32400	1304413200	259590	22.11	5
2011-05-03 10:00:00	20.0	1008.8	36000	1304416800	482666	22.11	5
2011-05-03 11:00:00	20.6	1319.2	39600	1304420400	658126	23.11	5
2011-05-03 12:00:00	20.4	1008.8	43200	1304424000	485904	23.11	5
2011-05-03 13:00:00	20.1	1290.1	46800	1304427600	633844	23.11	5
2011-05-03 14:00:00	19.8	1503.5	50400	1304431200	793353	19.11	5
2011-05-03 15:00:00	20.1	1309.5	54000	1304434800	645594	23.11	5
2011-05-03 16:00:00	19.9	1668.4	57600	1304438400	798793	22.11	5
2011-05-03 17:00:00	19.3	58.2	61200	1304442000	46981	21.11	5
2011-05-03 18:00:00	19.0	58.2	64800	1304445600	46769	21.11	5
2011-05-03 19:00:00	19.1	58.2	68400	1304449200	46819	21.11	5
2011-05-03 20:00:00	17.2	591.7	72000	1304452800	266026	20.11	5
2011-05-03 21:00:00	15.8	58.2	75600	1304456400	41948	18.11	5
2011-05-03 22:00:00	15.3	58.2	79200	1304460000	41014	17.11	5
2011-05-03 23:00:00	15.2	407.4	82800	1304463600	172103	18.11	5
2011-05-04 00:00:00	15.1	407.4	0	1304467200	171660	17.11	5
2011-05-04 01:00:00	14.9	572.3	3600	1304470800	238635	18.11	5
2011-05-04 02:00:00	11.3	863.3	7200	1304474400	306973	15.11	5
2011-05-04 03:00:00	10.2	950.6	10800	1304478000	333306	15.11	5
2011-05-04 04:00:00	9.1	882.7	14400	1304481600	308382	15.11	5
2011-05-04 05:00:00	8.0	882.7	18000	1304485200	307288	15.11	5
2011-05-04 06:00:00	8.0	931.2	21600	1304488800	323524	15.11	5
2011-05-04 07:00:00	8.0	970.0	25200	1304492400	337144	15.11	5
2011-05-04 08:00:00	8.3	989.4	28800	1304496000	344453	15.11	5
2011-05-04 09:00:00	8.0	58.2	32400	1304499600	35675	15.11	5
2011-05-04 10:00:00	7.8	58.2	36000	1304503200	35675	15.11	5
2011-05-04 11:00:00	9.4	58.2	39600	1304506800	35675	15.11	5
2011-05-04 12:00:00	9.9	58.2	43200	1304510400	35675	15.11	5
2011-05-04 13:00:00	9.2	58.2	46800	1304514000	35675	15.11	5
2011-05-04 14:00:00	9.2	58.2	50400	1304517600	35675	15.11	5
2011-05-04 15:00:00	9.6	58.2	54000	1304521200	35675	15.11	5
2011-05-04 16:00:00	9.6	58.2	57600	1304524800	35675	15.11	5
2011-05-04 17:00:00	8.8	58.2	61200	1304528400	35675	15.11	5
2011-05-04 18:00:00	7.7	58.2	64800	1304532000	35675	15.11	5
2011-05-04 19:00:00	7.2	58.2	68400	1304535600	35675	15.11	5
2011-05-04 20:00:00	6.3	58.2	72000	1304539200	35675	15.11	5
2011-05-04 21:00:00	6.5	58.2	75600	1304542800	35675	15.11	5
2011-05-04 22:00:00	6.1	58.2	79200	1304546400	35675	15.11	5
2011-05-04 23:00:00	6.1	58.2	82800	1304550000	35675	15.11	5
2011-05-05 00:00:00	5.8	58.2	0	1304553600	35675	15.11	5
2011-05-05 01:00:00	5.8	58.2	3600	1304557200	35675	15.11	5
2011-05-05 02:00:00	5.8	58.2	7200	1304560800	35675	15.11	5
2011-05-05 03:00:00	4.9	58.2	10800	1304564400	35675	15.11	5
2011-05-05 04:00:00	4.7	58.2	14400	1304568000	35675	15.11	5
2011-05-05 05:00:00	5.5	58.2	18000	1304571600	35675	15.11	5
2011-05-05 06:00:00	6.7	58.2	21600	1304575200	35675	15.11	5
2011-05-05 07:00:00	7.6	58.2	25200	1304578800	35675	15.11	5
2011-05-05 08:00:00	8.9	58.2	28800	1304582400	35675	15.11	5
2011-05-05 09:00:00	9.1	494.7	32400	1304586000	172695	15.11	5
2011-05-05 10:00:00	9.4	1008.8	36000	1304589600	353026	15.11	5
2011-05-05 11:00:00	9.3	795.4	39600	1304593200	251453	15.11	5
2011-05-05 12:00:00	9.9	756.6	43200	1304596800	272060	15.11	5
2011-05-05 13:00:00	9.7	766.3	46800	1304600400	263262	15.11	5
2011-05-05 14:00:00	10.0	727.5	50400	1304604000	281299	15.11	5
2011-05-05 15:00:00	10.0	1542.3	54000	1304607600	522308	15.11	5
2011-05-05 16:00:00	10.0	1503.5	57600	1304611200	555047	15.11	5
2011-05-05 17:00:00	9.7	1464.7	61200	1304614800	566213	15.11	5
2011-05-05 18:00:00	8.6	989.4	64800	1304618400	344770	15.11	5
2011-05-05 19:00:00	8.5	766.3	68400	1304622000	260844	15.11	5
2011-05-05 20:00:00	8.0	523.8	72000	1304625600	183042	15.11	5
2011-05-05 21:00:00	7.4	669.3	75600	1304629200	247041	15.11	5
2011-05-05 22:00:00	6.6	640.2	79200	1304632800	232534	15.11	5
2011-05-05 23:00:00	6.0	640.2	82800	1304636400	232305	15.11	5
2011-05-06 00:00:00	5.7	640.2	0	1304640000	232202	15.11	5
2011-05-06 01:00:00	5.7	523.8	3600	1304643600	182172	15.11	5
2011-05-06 02:00:00	5.1	785.7	7200	1304647200	249271	15.11	5
2011-05-06 03:00:00	4.2	853.6	10800	1304650800	296266	15.11	5
2011-05-06 04:00:00	4.2	824.5	14400	1304654400	287388	15.11	5
2011-05-06 05:00:00	5.3	853.6	18000	1304658000	296509	15.11	5
2011-05-06 06:00:00	8.9	979.7	21600	1304661600	341583	15.11	5
2011-05-06 07:00:00	9.8	58.2	25200	1304665200	35675	15.11	5
2011-05-06 08:00:00	10.6	1338.6	28800	1304668800	504361	15.11	5
2011-05-06 09:00:00	11.1	1008.8	32400	1304672400	358249	15.11	5
2011-05-06 10:00:00	11.8	1096.1	36000	1304676000	401150	15.11	5
2011-05-06 11:00:00	12.2	873.0	39600	1304679600	317452	15.11	5
2011-05-06 12:00:00	12.5	679.0	43200	1304683200	273069	16.11	5
2011-05-06 13:00:00	13.3	737.2	46800	1304686800	315654	17.11	5
2011-05-06 14:00:00	12.5	746.9	50400	1304690400	307075	15.11	5
2011-05-06 15:00:00	12.7	756.6	54000	1304694000	299274	15.11	5
2011-05-06 16:00:00	12.9	756.6	57600	1304697600	304974	15.11	5
2011-05-06 17:00:00	12.0	727.5	61200	1304701200	296077	15.11	5
2011-05-06 18:00:00	11.7	727.5	64800	1304704800	292428	15.11	5
2011-05-06 19:00:00	11.3	659.6	68400	1304708400	250979	15.11	5
2011-05-06 20:00:00	11.6	970.0	72000	1304712000	346838	15.11	5
2011-05-06 21:00:00	11.3	649.9	75600	1304715600	245926	15.11	5
2011-05-06 22:00:00	10.8	649.9	79200	1304719200	243109	15.11	5
2011-05-06 23:00:00	10.2	630.5	82800	1304722800	231513	15.11	5
2011-05-07 00:00:00	9.1	620.8	0	1304726400	225095	15.11	5
2011-05-07 01:00:00	8.3	940.9	3600	1304730000	327154	15.11	5
2011-05-07 02:00:00	9.1	960.3	7200	1304733600	334862	15.11	5
2011-05-07 03:00:00	9.1	882.7	10800	1304737200	308382	15.11	5
2011-05-07 04:00:00	8.3	814.8	14400	1304740800	286287	15.11	5
2011-05-07 05:00:00	8.6	756.6	18000	1304744400	269023	15.11	5
2011-05-07 06:00:00	11.5	708.1	21600	1304748000	279159	15.11	5
2011-05-07 07:00:00	11.7	679.0	25200	1304751600	264812	15.11	5
2011-05-07 08:00:00	12.7	737.2	28800	1304755200	308634	16.11	5
2011-05-07 09:00:00	12.7	407.4	32400	1304758800	152616	15.11	5
2011-05-07 10:00:00	13.4	58.2	36000	1304762400	37526	15.11	5
2011-05-07 11:00:00	13.6	58.2	39600	1304766000	37922	15.11	5
2011-05-07 12:00:00	13.6	58.2	43200	1304769600	37922	15.11	5
2011-05-07 13:00:00	12.4	58.2	46800	1304773200	36013	15.11	5
2011-05-07 14:00:00	13.6	58.2	50400	1304776800	37922	15.11	5
2011-05-07 15:00:00	12.9	58.2	54000	1304780400	36665	15.11	5
2011-05-07 16:00:00	12.7	58.2	57600	1304784000	36252	15.11	5
2011-05-07 17:00:00	12.4	58.2	61200	1304787600	36013	15.11	5
2011-05-07 18:00:00	12.2	58.2	64800	1304791200	35950	15.11	5
2011-05-07 19:00:00	11.7	58.2	68400	1304794800	35675	15.11	5
2011-05-07 20:00:00	11.0	417.1	72000	1304798400	148216	15.11	5
2011-05-07 21:00:00	9.9	58.2	75600	1304802000	35675	15.11	5
2011-05-07 22:00:00	9.7	58.2	79200	1304805600	35675	15.11	5
2011-05-07 23:00:00	9.9	58.2	82800	1304809200	35675	15.11	5
2011-05-08 00:00:00	9.7	58.2	0	1304812800	35675	15.11	5
2011-05-08 01:00:00	8.8	417.1	3600	1304816400	146337	15.11	5
2011-05-08 02:00:00	7.7	58.2	7200	1304820000	35675	15.11	5
2011-05-08 03:00:00	8.6	58.2	10800	1304823600	35675	15.11	5
2011-05-08 04:00:00	7.7	58.2	14400	1304827200	35675	15.11	5
2011-05-08 05:00:00	8.8	58.2	18000	1304830800	35675	15.11	5
2011-05-08 06:00:00	10.5	58.2	21600	1304834400	35675	15.11	5
2011-05-08 07:00:00	11.5	58.2	25200	1304838000	35675	15.11	5
2011-05-08 08:00:00	13.5	58.2	28800	1304841600	37713	15.11	5
2011-05-08 09:00:00	13.6	611.1	32400	1304845200	247352	17.11	5
2011-05-08 10:00:00	14.1	979.7	36000	1304848800	389673	17.11	5
2011-05-08 11:00:00	13.6	824.5	39600	1304852400	321972	16.11	5
2011-05-08 12:00:00	14.5	669.3	43200	1304856000	287080	18.11	5
2011-05-08 13:00:00	13.8	805.1	46800	1304859600	318796	16.11	5
2011-05-08 14:00:00	14.9	805.1	50400	1304863200	335069	17.11	5
2011-05-08 15:00:00	14.1	756.6	54000	1304866800	335387	17.11	5
2011-05-08 16:00:00	14.1	766.3	57600	1304870400	341630	17.11	5
2011-05-08 17:00:00	14.0	746.9	61200	1304874000	328019	17.11	5
2011-05-08 18:00:00	12.7	698.4	64800	1304877600	285727	16.11	5
2011-05-08 19:00:00	12.2	688.7	68400	1304881200	276279	15.11	5
2011-05-08 20:00:00	11.7	611.1	72000	1304884800	229349	15.11	5
2011-05-08 21:00:00	10.7	630.5	75600	1304888400	233052	15.11	5
2011-05-08 22:00:00	10.7	620.8	79200	1304892000	228360	15.11	5
2011-05-08 23:00:00	10.2	931.2	82800	1304895600	326474	15.11	5
2011-05-09 00:00:00	9.9	552.9	0	1304899200	196209	15.11	5
2011-05-09 01:00:00	10.2	611.1	3600	1304902800	222344	15.11	5
2011-05-09 02:00:00	9.7	601.4	7200	1304906400	216973	15.11	5
2011-05-09 03:00:00	9.7	58.2	10800	1304910000	35675	15.11	5
2011-05-09 04:00:00	9.4	58.2	14400	1304913600	35675	15.11	5
2011-05-09 05:00:00	9.7	58.2	18000	1304917200	35675	15.11	5
2011-05-09 06:00:00	11.2	58.2	21600	1304920800	35675	15.11	5
2011-05-09 07:00:00	11.9	58.2	25200	1304924400	35765	15.11	5
2011-05-09 08:00:00	12.7	58.2	28800	1304928000	36252	15.11	5
2011-05-09 09:00:00	13.1	58.2	32400	1304931600	37045	15.11	5
2011-05-09 10:00:00	13.6	58.2	36000	1304935200	37922	15.11	5
2011-05-09 11:00:00	14.3	58.2	39600	1304938800	39237	16.11	5
2011-05-09 12:00:00	14.5	58.2	43200	1304942400	39583	16.11	5
2011-05-09 13:00:00	13.6	58.2	46800	1304946000	37922	15.11	5
2011-05-09 14:00:00	13.6	58.2	50400	1304949600	37922	15.11	5
2011-05-09 15:00:00	13.6	58.2	54000	1304953200	37922	15.11	5
2011-05-09 16:00:00	13.1	58.2	57600	1304956800	37045	15.11	5
2011-05-09 17:00:00	12.5	58.2	61200	1304960400	36064	15.11	5
2011-05-09 18:00:00	12.2	58.2	64800	1304964000	35950	15.11	5
2011-05-09 19:00:00	10.8	58.2	68400	1304967600	35675	15.11	5
2011-05-09 20:00:00	10.5	58.2	72000	1304971200	35675	15.11	5
2011-05-09 21:00:00	9.7	58.2	75600	1304974800	35675	15.11	5
2011-05-09 22:00:00	9.1	58.2	79200	1304978400	35675	15.11	5
2011-05-09 23:00:00	8.9	58.2	82800	1304982000	35675	15.11	5
2011-05-10 00:00:00	8.1	58.2	0	1304985600	35675	15.11	5
2011-05-10 01:00:00	7.9	58.2	3600	1304989200	35675	15.11	5
2011-05-10 02:00:00	6.8	58.2	7200	1304992800	35675	15.11	5
2011-05-10 03:00:00	6.8	58.2	10800	1304996400	35675	15.11	5
2011-05-10 04:00:00	7.0	58.2	14400	1305000000	35675	15.11	5
2011-05-10 05:00:00	8.4	58.2	18000	1305003600	35675	15.11	5
2011-05-10 06:00:00	9.7	58.2	21600	1305007200	35675	15.11	5
2011-05-10 07:00:00	10.8	58.2	25200	1305010800	35675	15.11	5
2011-05-10 08:00:00	11.5	58.2	28800	1305014400	35675	15.11	5
2011-05-10 09:00:00	11.5	620.8	32400	1305018000	232588	15.11	5
2011-05-10 10:00:00	11.8	620.8	36000	1305021600	235081	15.11	5
2011-05-10 11:00:00	12.7	601.4	39600	1305025200	233957	16.11	5
2011-05-10 12:00:00	13.2	824.5	43200	1305028800	316910	16.11	5
2011-05-10 13:00:00	12.2	601.4	46800	1305032400	229623	15.11	5
2011-05-10 14:00:00	13.2	640.2	50400	1305036000	258693	16.11	5
2011-05-10 15:00:00	12.9	649.9	54000	1305039600	260653	16.11	5
2011-05-10 16:00:00	13.5	659.6	57600	1305043200	272214	17.11	5
2011-05-10 17:00:00	13.6	640.2	61200	1305046800	262420	17.11	5
2011-05-10 18:00:00	12.7	640.2	64800	1305050400	253708	16.11	5
2011-05-10 19:00:00	11.9	630.5	68400	1305054000	241016	15.11	5
2011-05-10 20:00:00	11.7	620.8	72000	1305057600	234182	15.11	5
2011-05-10 21:00:00	11.0	620.8	75600	1305061200	229604	15.11	5
2011-05-10 22:00:00	11.0	611.1	79200	1305064800	224934	15.11	5
2011-05-10 23:00:00	11.2	601.4	82800	1305068400	221298	15.11	5
2011-05-11 00:00:00	11.7	591.7	0	1305072000	219921	15.11	5
2011-05-11 01:00:00	12.3	620.8	3600	1305075600	240790	15.11	5
2011-05-11 02:00:00	12.0	611.1	7200	1305079200	232198	15.11	5
2011-05-11 03:00:00	11.5	611.1	10800	1305082800	227805	15.11	5
2011-05-11 04:00:00	10.7	611.1	14400	1305086400	223746	15.11	5
2011-05-11 05:00:00	11.5	601.4	18000	1305090000	223101	15.11	5
2011-05-11 06:00:00	11.8	601.4	21600	1305093600	225443	15.11	5
2011-05-11 07:00:00	12.3	591.7	25200	1305097200	226054	15.11	5
2011-05-11 08:00:00	12.7	620.8	28800	1305100800	243671	16.11	5
2011-05-11 09:00:00	13.7	58.2	32400	1305104400	38160	15.11	5
2011-05-11 10:00:00	13.7	620.8	36000	1305108000	252926	17.11	5
2011-05-11 11:00:00	14.7	824.5	39600	1305111600	338375	17.11	5
2011-05-11 12:00:00	14.9	921.5	43200	1305115200	379926	17.11	5
2011-05-11 13:00:00	15.5	979.7	46800	1305118800	410416	18.11	5
2011-05-11 14:00:00	14.8	58.2	50400	1305122400	40160	17.11	5
2011-05-11 15:00:00	15.0	1164.0	54000	1305126000	488003	18.11	5
2011-05-11 16:00:00	15.0	1105.8	57600	1305129600	459946	18.11	5
2011-05-11 17:00:00	14.1	1076.7	61200	1305133200	431470	17.11	5
2011-05-11 18:00:00	13.9	1018.5	64800	1305136800	403648	17.11	5
2011-05-11 19:00:00	13.3	533.5	68400	1305140400	206989	16.11	5
2011-05-11 20:00:00	13.3	58.2	72000	1305144000	37354	15.11	5
2011-05-11 21:00:00	13.7	58.2	75600	1305147600	38160	15.11	5
2011-05-11 22:00:00	13.7	58.2	79200	1305151200	38160	15.11	5
2011-05-11 23:00:00	13.1	58.2	82800	1305154800	37045	15.11	5
2011-05-12 00:00:00	12.6	58.2	0	1305158400	36139	15.11	5
2011-05-12 01:00:00	11.8	58.2	3600	1305162000	35675	15.11	5
2011-05-12 02:00:00	11.0	58.2	7200	1305165600	35675	15.11	5
2011-05-12 03:00:00	10.5	58.2	10800	1305169200	35675	15.11	5
2011-05-12 04:00:00	9.9	58.2	14400	1305172800	35675	15.11	5
2011-05-12 05:00:00	10.5	58.2	18000	1305176400	35675	15.11	5
2011-05-12 06:00:00	13.2	58.2	21600	1305180000	37195	15.11	5
2011-05-12 07:00:00	13.3	58.2	25200	1305183600	37354	15.11	5
2011-05-12 08:00:00	13.8	58.2	28800	1305187200	38299	16.11	5
2011-05-12 09:00:00	14.5	591.7	32400	1305190800	245416	17.11	5
2011-05-12 10:00:00	15.4	58.2	36000	1305194400	41179	17.11	5
2011-05-12 11:00:00	16.3	446.2	39600	1305198000	193565	19.11	5
2011-05-12 12:00:00	17.0	843.9	43200	1305201600	377720	19.11	5
2011-05-12 13:00:00	17.0	620.8	46800	1305205200	280354	20.11	5
2011-05-12 14:00:00	17.4	679.0	50400	1305208800	317183	20.11	5
2011-05-12 15:00:00	17.6	679.0	54000	1305212400	331338	17.11	5
2011-05-12 16:00:00	18.1	688.7	57600	1305216000	328566	21.11	5
2011-05-12 17:00:00	17.4	669.3	61200	1305219600	311316	20.11	5
2011-05-12 18:00:00	16.6	679.0	64800	1305223200	321980	16.11	5
2011-05-12 19:00:00	15.6	669.3	68400	1305226800	306960	15.11	5
2011-05-12 20:00:00	15.2	58.2	72000	1305230400	40830	17.11	5
2011-05-12 21:00:00	14.4	640.2	75600	1305234000	269926	17.11	5
2011-05-12 22:00:00	14.8	640.2	79200	1305237600	272872	18.11	5
2011-05-12 23:00:00	15.3	620.8	82800	1305241200	266582	18.11	5
2011-05-13 00:00:00	15.3	630.5	0	1305244800	271846	18.11	5
2011-05-13 01:00:00	15.6	58.2	3600	1305248400	41545	17.11	5
2011-05-13 02:00:00	14.8	58.2	7200	1305252000	40160	17.11	5
2011-05-13 03:00:00	14.2	58.2	10800	1305255600	39080	16.11	5
2011-05-13 04:00:00	13.5	58.2	14400	1305259200	37713	15.11	5
2011-05-13 05:00:00	13.5	58.2	18000	1305262800	37713	15.11	5
2011-05-13 06:00:00	13.4	58.2	21600	1305266400	37526	15.11	5
2011-05-13 07:00:00	13.4	58.2	25200	1305270000	37526	15.11	5
2011-05-13 08:00:00	13.6	58.2	28800	1305273600	37922	15.11	5
2011-05-13 09:00:00	14.5	58.2	32400	1305277200	39583	16.11	5
2011-05-13 10:00:00	14.7	514.1	36000	1305280800	210490	17.11	5
2011-05-13 11:00:00	15.2	582.0	39600	1305284400	245491	18.11	5
2011-05-13 12:00:00	15.5	630.5	43200	1305288000	285451	15.11	5
2011-05-13 13:00:00	16.0	1387.1	46800	1305291600	627651	19.11	5
2011-05-13 14:00:00	16.4	1270.7	50400	1305295200	567374	19.11	5
2011-05-13 15:00:00	16.0	1222.2	54000	1305298800	534242	19.11	5
2011-05-13 16:00:00	15.7	1251.3	57600	1305302400	569681	15.11	5
2011-05-13 17:00:00	15.2	1222.2	61200	1305306000	520897	18.11	5
2011-05-13 18:00:00	15.2	1125.2	64800	1305309600	471877	18.11	5
2011-05-13 19:00:00	15.0	902.1	68400	1305313200	374049	18.11	5
2011-05-13 20:00:00	14.7	58.2	72000	1305316800	40002	16.11	5
2011-05-13 21:00:00	14.7	552.9	75600	1305320400	228490	18.11	5
2011-05-13 22:00:00	14.7	523.8	79200	1305324000	214914	17.11	5
2011-05-13 23:00:00	14.7	523.8	82800	1305327600	214914	17.11	5
2011-05-14 00:00:00	14.7	504.4	0	1305331200	206149	17.11	5
2011-05-14 01:00:00	14.5	58.2	3600	1305334800	39583	16.11	5
2011-05-14 02:00:00	14.5	58.2	7200	1305338400	39583	16.11	5
2011-05-14 03:00:00	14.5	58.2	10800	1305342000	39583	16.11	5
2011-05-14 04:00:00	14.2	58.2	14400	1305345600	39080	16.11	5
2011-05-14 05:00:00	14.3	58.2	18000	1305349200	39237	16.11	5
2011-05-14 06:00:00	14.3	358.9	21600	1305352800	149747	17.11	5
2011-05-14 07:00:00	14.9	824.5	25200	1305356400	342104	17.11	5
2011-05-14 08:00:00	15.2	494.7	28800	1305360000	205252	18.11	5
2011-05-14 09:00:00	15.7	620.8	32400	1305363600	282380	15.11	5
2011-05-14 10:00:00	15.6	766.3	36000	1305367200	364027	15.11	5
2011-05-14 11:00:00	15.6	921.5	39600	1305370800	387906	18.11	5
2011-05-14 12:00:00	15.9	737.2	43200	1305374400	349162	15.11	5
2011-05-14 13:00:00	15.9	776.0	46800	1305378000	373412	15.11	5
2011-05-14 14:00:00	16.4	834.2	50400	1305381600	366407	19.11	5
2011-05-14 15:00:00	16.4	834.2	54000	1305385200	366407	19.11	5
2011-05-14 16:00:00	16.4	931.2	57600	1305388800	403293	19.11	5
2011-05-14 17:00:00	16.5	921.5	61200	1305392400	400499	19.11	5
2011-05-14 18:00:00	16.8	824.5	64800	1305396000	367115	19.11	5
2011-05-14 19:00:00	16.8	737.2	68400	1305399600	358328	16.11	5
2011-05-14 20:00:00	16.8	620.8	72000	1305403200	292392	16.11	5
2011-05-14 21:00:00	16.8	727.5	75600	1305406800	352379	16.11	5
2011-05-14 22:00:00	16.6	688.7	79200	1305410400	327496	16.11	5
2011-05-14 23:00:00	16.3	669.3	82800	1305414000	302180	19.11	5
2011-05-15 00:00:00	16.8	669.3	0	1305417600	318425	16.11	5
2011-05-15 01:00:00	17.2	620.8	3600	1305421200	281653	20.11	5
2011-05-15 02:00:00	17.4	659.6	7200	1305424800	305534	20.11	5
2011-05-15 03:00:00	17.4	679.0	10800	1305428400	317183	20.11	5
2011-05-15 04:00:00	17.2	649.9	14400	1305432000	298072	20.11	5
2011-05-15 05:00:00	17.4	649.9	18000	1305435600	299838	20.11	5
2011-05-15 06:00:00	17.4	669.3	21600	1305439200	311316	20.11	5
2011-05-15 07:00:00	17.6	669.3	25200	1305442800	313561	20.11	5
2011-05-15 08:00:00	18.2	649.9	28800	1305446400	305838	21.11	5
2011-05-15 09:00:00	18.8	504.4	32400	1305450000	233972	21.11	5
2011-05-15 10:00:00	19.2	1115.5	36000	1305453600	524820	22.11	5
2011-05-15 11:00:00	19.1	1164.0	39600	1305457200	549129	22.11	5
2011-05-15 12:00:00	18.8	1241.6	43200	1305460800	589103	21.11	5
2011-05-15 13:00:00	19.5	1319.2	46800	1305464400	642681	22.11	5
2011-05-15 14:00:00	19.0	1377.4	50400	1305468000	671785	22.11	5
2011-05-15 15:00:00	19.7	1387.1	54000	1305471600	689717	22.11	5
2011-05-15 16:00:00	19.4	1309.5	57600	1305475200	635106	22.11	5
2011-05-15 17:00:00	18.8	1290.1	61200	1305478800	645451	18.11	5
2011-05-15 18:00:00	16.9	1193.1	64800	1305482400	562014	16.11	5
2011-05-15 19:00:00	17.1	921.5	68400	1305486000	410635	20.11	5
2011-05-15 20:00:00	16.5	533.5	72000	1305489600	232015	19.11	5
2011-05-15 21:00:00	16.8	552.9	75600	1305493200	244531	19.11	5
2011-05-15 22:00:00	16.3	562.6	79200	1305496800	244452	19.11	5
2011-05-15 23:00:00	16.3	562.6	82800	1305500400	244452	19.11	5
2011-05-16 00:00:00	15.5	562.6	0	1305504000	238642	18.11	5
2011-05-16 01:00:00	15.0	523.8	3600	1305507600	216731	18.11	5
2011-05-16 02:00:00	15.2	1299.8	7200	1305511200	563134	18.11	5
2011-05-16 03:00:00	15.0	1047.6	10800	1305514800	433457	18.11	5
2011-05-16 04:00:00	15.2	1018.5	14400	1305518400	422926	18.11	5
2011-05-16 05:00:00	15.7	989.4	18000	1305522000	418251	18.11	5
2011-05-16 06:00:00	16.5	1008.8	21600	1305525600	437398	19.11	5
2011-05-16 07:00:00	16.7	1037.9	25200	1305529200	454080	19.11	5
2011-05-16 08:00:00	18.1	1047.6	28800	1305532800	478161	21.11	5
2011-05-16 09:00:00	18.0	640.2	32400	1305536400	298984	21.11	5
2011-05-16 10:00:00	18.4	591.7	36000	1305540000	274563	21.11	5
2011-05-16 11:00:00	18.6	708.1	39600	1305543600	345639	21.11	5
2011-05-16 12:00:00	18.4	756.6	43200	1305547200	375832	21.11	5
2011-05-16 13:00:00	19.0	795.4	46800	1305550800	408558	22.11	5
2011-05-16 14:00:00	18.5	805.1	50400	1305554400	381355	21.11	5
2011-05-16 15:00:00	18.2	834.2	54000	1305558000	389893	20.11	5
2011-05-16 16:00:00	18.1	834.2	57600	1305561600	387752	20.11	5
2011-05-16 17:00:00	19.0	834.2	61200	1305565200	396954	21.11	5
2011-05-16 18:00:00	18.2	766.3	64800	1305568800	380487	21.11	5
2011-05-16 19:00:00	17.7	679.0	68400	1305572400	332256	17.11	5
2011-05-16 20:00:00	18.4	630.5	72000	1305576000	296097	21.11	5
2011-05-16 21:00:00	18.4	620.8	75600	1305579600	290579	21.11	5
2011-05-16 22:00:00	18.0	611.1	79200	1305583200	282719	21.11	5
2011-05-16 23:00:00	18.0	601.4	82800	1305586800	277477	21.11	5
2011-05-17 00:00:00	18.2	601.4	0	1305590400	278501	21.11	5
2011-05-17 01:00:00	17.6	620.8	3600	1305594000	285257	20.11	5
2011-05-17 02:00:00	17.1	640.2	7200	1305597600	291777	20.11	5
2011-05-17 03:00:00	16.7	698.4	10800	1305601200	334064	16.11	5
2011-05-17 04:00:00	17.1	669.3	14400	1305604800	308649	20.11	5
2011-05-17 05:00:00	16.7	669.3	18000	1305608400	317487	16.11	5
2011-05-17 06:00:00	16.7	649.9	21600	1305612000	306846	16.11	5
2011-05-17 07:00:00	17.3	649.9	25200	1305615600	298912	20.11	5
2011-05-17 08:00:00	16.9	873.0	28800	1305619200	387133	19.11	5
2011-05-17 09:00:00	17.8	562.6	32400	1305622800	256211	20.11	5
2011-05-17 10:00:00	17.3	1115.5	36000	1305626400	498793	20.11	5
2011-05-17 11:00:00	17.9	1144.6	39600	1305630000	555076	17.11	5
2011-05-17 12:00:00	18.3	1144.6	43200	1305633600	527443	21.11	5
2011-05-17 13:00:00	18.5	1173.7	46800	1305637200	545425	21.11	5
2011-05-17 14:00:00	18.5	1212.5	50400	1305640800	566528	21.11	5
2011-05-17 15:00:00	18.1	1280.4	54000	1305644400	599097	21.11	5
2011-05-17 16:00:00	18.2	1299.8	57600	1305648000	611670	21.11	5
2011-05-17 17:00:00	18.2	1251.3	61200	1305651600	583769	21.11	5
2011-05-17 18:00:00	17.7	1202.8	64800	1305655200	551263	20.11	5
2011-05-17 19:00:00	17.5	921.5	68400	1305658800	413749	20.11	5
2011-05-17 20:00:00	16.9	591.7	72000	1305662400	278618	16.11	5
2011-05-17 21:00:00	16.9	504.4	75600	1305666000	222528	19.11	5
2011-05-17 22:00:00	16.7	504.4	79200	1305669600	220382	19.11	5
2011-05-17 23:00:00	16.4	494.7	82800	1305673200	213784	19.11	5
2011-05-18 00:00:00	16.4	494.7	0	1305676800	213784	19.11	5
2011-05-18 01:00:00	16.4	572.3	3600	1305680400	250087	19.11	5
2011-05-18 02:00:00	16.2	1280.4	7200	1305684000	568985	19.11	5
2011-05-18 03:00:00	16.2	1125.2	10800	1305687600	487490	19.11	5
2011-05-18 04:00:00	16.5	1037.9	14400	1305691200	450511	19.11	5
2011-05-18 05:00:00	16.7	1028.2	18000	1305694800	449596	19.11	5
2011-05-18 06:00:00	16.9	1028.2	21600	1305698400	454037	19.11	5
2011-05-18 07:00:00	17.2	1037.9	25200	1305702000	460945	20.11	5
2011-05-18 08:00:00	17.5	1096.1	28800	1305705600	492047	20.11	5
2011-05-18 09:00:00	17.3	601.4	32400	1305709200	271859	20.11	5
2011-05-18 10:00:00	17.3	659.6	36000	1305712800	304583	20.11	5
2011-05-18 11:00:00	17.3	766.3	39600	1305716400	372588	20.11	5
2011-05-18 12:00:00	17.5	795.4	43200	1305720000	403190	17.11	5
2011-05-18 13:00:00	17.0	785.7	46800	1305723600	382883	20.11	5
2011-05-18 14:00:00	17.9	843.9	50400	1305727200	388051	20.11	5
2011-05-18 15:00:00	18.3	834.2	54000	1305730800	390731	21.11	5
2011-05-18 16:00:00	18.5	863.3	57600	1305734400	402898	21.11	5
2011-05-18 17:00:00	18.0	834.2	61200	1305738000	385922	20.11	5
2011-05-18 18:00:00	17.6	814.8	64800	1305741600	373915	20.11	5
2011-05-18 19:00:00	17.7	737.2	68400	1305745200	367250	17.11	5
2011-05-18 20:00:00	17.3	591.7	72000	1305748800	266712	20.11	5
2011-05-18 21:00:00	17.3	698.4	75600	1305752400	328128	20.11	5
2011-05-18 22:00:00	17.1	688.7	79200	1305756000	320330	20.11	5
2011-05-18 23:00:00	16.8	669.3	82800	1305759600	318425	16.11	5
2011-05-19 00:00:00	17.1	679.0	0	1305763200	314446	20.11	5
2011-05-19 01:00:00	16.8	601.4	3600	1305766800	282551	16.11	5
2011-05-19 02:00:00	16.3	630.5	7200	1305770400	279994	19.11	5
2011-05-19 03:00:00	16.5	649.9	10800	1305774000	293085	19.11	5
2011-05-19 04:00:00	16.3	630.5	14400	1305777600	279994	19.11	5
2011-05-19 05:00:00	16.3	630.5	18000	1305781200	279994	19.11	5
2011-05-19 06:00:00	16.8	640.2	21600	1305784800	302559	16.11	5
2011-05-19 07:00:00	17.1	582.0	25200	1305788400	260411	20.11	5
2011-05-19 08:00:00	17.5	863.3	28800	1305792000	390915	20.11	5
2011-05-19 09:00:00	17.1	494.7	32400	1305795600	219359	20.11	5
2011-05-19 10:00:00	17.0	1144.6	36000	1305799200	509996	20.11	5
2011-05-19 11:00:00	16.6	1154.3	39600	1305802800	508996	19.11	5
2011-05-19 12:00:00	17.0	1202.8	43200	1305806400	539886	20.11	5
2011-05-19 13:00:00	16.8	1222.2	46800	1305810000	574853	16.11	5
2011-05-19 14:00:00	15.5	1183.4	50400	1305813600	506709	18.11	5
2011-05-19 15:00:00	16.8	1202.8	54000	1305817200	565094	16.11	5
2011-05-19 16:00:00	16.7	1202.8	57600	1305820800	563340	16.11	5
2011-05-19 17:00:00	16.1	1134.9	61200	1305824400	490978	19.11	5
2011-05-19 18:00:00	15.2	1115.5	64800	1305828000	467210	18.11	5
2011-05-19 19:00:00	14.5	882.7	68400	1305831600	356696	17.11	5
2011-05-19 20:00:00	14.2	523.8	72000	1305835200	209952	17.11	5
2011-05-19 21:00:00	14.1	533.5	75600	1305838800	213551	17.11	5
2011-05-19 22:00:00	13.2	533.5	79200	1305842400	206049	16.11	5
2011-05-19 23:00:00	13.0	533.5	82800	1305846000	204430	16.11	5
2011-05-20 00:00:00	12.4	523.8	0	1305849600	195484	15.11	5
2011-05-20 01:00:00	11.9	523.8	3600	1305853200	190782	15.11	5
2011-05-20 02:00:00	10.5	1076.7	7200	1305856800	382415	15.11	5
2011-05-20 03:00:00	11.1	1067.0	10800	1305860400	381569	15.11	5
2011-05-20 04:00:00	11.3	1037.9	14400	1305864000	371104	15.11	5
2011-05-20 05:00:00	12.7	1028.2	18000	1305867600	388673	16.11	5
2011-05-20 06:00:00	13.7	1037.9	21600	1305871200	410041	17.11	5
2011-05-20 07:00:00	13.9	1067.0	25200	1305874800	424581	17.11	5
2011-05-20 08:00:00	14.6	1105.8	28800	1305878400	454736	17.11	5
2011-05-20 09:00:00	15.2	669.3	32400	1305882000	292624	18.11	5
2011-05-20 10:00:00	14.9	853.6	36000	1305885600	352991	17.11	5
2011-05-20 11:00:00	15.5	892.4	39600	1305889200	375049	18.11	5
2011-05-20 12:00:00	15.5	921.5	43200	1305892800	386432	18.11	5
2011-05-20 13:00:00	16.2	911.8	46800	1305896400	393813	19.11	5
2011-05-20 14:00:00	16.9	921.5	50400	1305900000	406809	19.11	5
2011-05-20 15:00:00	16.2	940.9	54000	1305903600	405332	19.11	5
2011-05-20 16:00:00	15.9	979.7	57600	1305907200	449946	15.11	5
2011-05-20 17:00:00	15.9	999.1	61200	1305910800	457736	15.11	5
2011-05-20 18:00:00	15.5	950.6	64800	1305914400	398222	18.11	5
2011-05-20 19:00:00	14.9	679.0	68400	1305918000	295410	18.11	5
2011-05-20 20:00:00	14.6	659.6	72000	1305921600	282245	18.11	5
2011-05-20 21:00:00	14.4	630.5	75600	1305925200	264624	17.11	5
2011-05-20 22:00:00	14.2	620.8	79200	1305928800	257132	17.11	5
2011-05-20 23:00:00	13.9	601.4	82800	1305932400	244445	17.11	5
2011-05-21 00:00:00	13.4	601.4	0	1305936000	240829	16.11	5
2011-05-21 01:00:00	13.2	659.6	3600	1305939600	269288	16.11	5
2011-05-21 02:00:00	13.6	679.0	7200	1305943200	283666	17.11	5
2011-05-21 03:00:00	11.3	766.3	10800	1305946800	272149	15.11	5
2011-05-21 04:00:00	11.6	737.2	14400	1305950400	300793	16.11	5
2011-05-21 05:00:00	13.2	746.9	18000	1305954000	320690	16.11	5
2011-05-21 06:00:00	14.9	756.6	21600	1305957600	342998	18.11	5
2011-05-21 07:00:00	16.1	785.7	25200	1305961200	374271	19.11	5
2011-05-21 08:00:00	16.7	814.8	28800	1305964800	362353	19.11	5
2011-05-21 09:00:00	17.7	504.4	32400	1305968400	226987	20.11	5
2011-05-21 10:00:00	18.3	58.2	36000	1305972000	45583	20.11	5
2011-05-21 12:00:00	18.9	523.8	43200	1305979200	244132	21.11	5
2011-05-21 13:00:00	19.1	504.4	46800	1305982800	236434	22.11	5
2011-05-21 14:00:00	18.9	795.4	50400	1305986400	417629	18.11	5
2011-05-21 15:00:00	18.2	58.2	54000	1305990000	45457	20.11	5
2011-05-21 16:00:00	18.7	523.8	57600	1305993600	242315	21.11	5
2011-05-21 17:00:00	18.0	708.1	61200	1305997200	340070	21.11	5
2011-05-21 18:00:00	18.7	58.2	64800	1306000800	46429	20.11	5
2011-05-21 19:00:00	18.4	58.2	68400	1306004400	45770	20.11	5
2011-05-21 20:00:00	17.1	514.1	72000	1306008000	227863	20.11	5
2011-05-21 21:00:00	17.3	543.2	75600	1306011600	242317	20.11	5
2011-05-21 22:00:00	17.1	378.3	79200	1306015200	173879	19.11	5
2011-05-21 23:00:00	16.2	58.2	82800	1306018800	42391	18.11	5
2011-05-22 00:00:00	16.2	504.4	0	1306022400	216874	19.11	5
2011-05-22 01:00:00	15.4	504.4	3600	1306026000	210705	18.11	5
2011-05-22 02:00:00	15.3	533.5	7200	1306029600	222982	18.11	5
2011-05-22 03:00:00	15.1	504.4	10800	1306033200	208823	18.11	5
2011-05-22 04:00:00	14.9	504.4	14400	1306036800	207905	18.11	5
2011-05-22 05:00:00	16.7	494.7	18000	1306040400	216052	19.11	5
2011-05-22 06:00:00	18.6	494.7	21600	1306044000	228132	21.11	5
2011-05-22 07:00:00	19.5	737.2	25200	1306047600	371810	22.11	5
2011-05-22 08:00:00	19.6	397.7	28800	1306051200	194474	22.11	5
2011-05-22 09:00:00	19.6	58.2	32400	1306054800	47585	21.11	5
2011-05-22 10:00:00	20.1	58.2	36000	1306058400	48165	22.11	5
2011-05-22 11:00:00	20.3	58.2	39600	1306062000	48296	22.11	5
2011-05-22 12:00:00	19.9	58.2	43200	1306065600	48091	22.11	5
2011-05-22 13:00:00	19.4	475.3	46800	1306069200	224494	22.11	5
2011-05-22 14:00:00	19.4	475.3	50400	1306072800	224494	22.11	5
2011-05-22 15:00:00	19.4	611.1	54000	1306076400	292016	22.11	5
2011-05-22 16:00:00	19.9	620.8	57600	1306080000	301916	23.11	5
2011-05-22 17:00:00	18.6	611.1	61200	1306083600	286869	21.11	5
2011-05-22 18:00:00	17.9	601.4	64800	1306087200	291961	17.11	5
2011-05-22 19:00:00	17.7	58.2	68400	1306090800	44971	19.11	5
2011-05-22 20:00:00	17.7	58.2	72000	1306094400	44971	19.11	5
2011-05-22 21:00:00	17.7	58.2	75600	1306098000	44971	19.11	5
2011-05-22 22:00:00	17.5	58.2	79200	1306101600	44586	19.11	5
2011-05-22 23:00:00	17.3	58.2	82800	1306105200	44126	19.11	5
2011-05-23 00:00:00	16.9	58.2	0	1306108800	43684	19.11	5
2011-05-23 01:00:00	16.9	58.2	3600	1306112400	43684	19.11	5
2011-05-23 02:00:00	16.9	58.2	7200	1306116000	43684	19.11	5
2011-05-23 03:00:00	17.6	58.2	10800	1306119600	44771	19.11	5
2011-05-23 04:00:00	18.2	58.2	14400	1306123200	45457	20.11	5
2011-05-23 05:00:00	18.7	58.2	18000	1306126800	46429	20.11	5
2011-05-23 06:00:00	19.2	58.2	21600	1306130400	46886	21.11	5
2011-05-23 07:00:00	19.7	58.2	25200	1306134000	47785	21.11	5
2011-05-23 08:00:00	20.4	58.2	28800	1306137600	48405	22.11	5
2011-05-23 09:00:00	21.0	601.4	32400	1306141200	297515	24.11	5
2011-05-23 10:00:00	21.5	58.2	36000	1306144800	49733	23.11	5
2011-05-23 11:00:00	22.2	58.2	39600	1306148400	50571	24.11	5
2011-05-23 12:00:00	22.2	58.2	43200	1306152000	50571	24.11	5
2011-05-23 13:00:00	22.4	611.1	46800	1306155600	310354	25.11	5
2011-05-23 14:00:00	22.2	58.2	50400	1306159200	50571	24.11	5
2011-05-23 15:00:00	22.2	58.2	54000	1306162800	50571	24.11	5
2011-05-23 16:00:00	22.0	58.2	57600	1306166400	50496	24.11	5
2011-05-23 17:00:00	22.0	620.8	61200	1306170000	314821	25.11	5
2011-05-23 18:00:00	22.0	58.2	64800	1306173600	50496	24.11	5
2011-05-23 19:00:00	21.6	58.2	68400	1306177200	49924	23.11	5
2011-05-23 20:00:00	21.5	591.7	72000	1306180800	293946	24.11	5
2011-05-23 21:00:00	21.6	368.6	75600	1306184400	192534	24.11	5
2011-05-23 22:00:00	21.5	58.2	79200	1306188000	49733	23.11	5
2011-05-23 23:00:00	21.3	523.8	82800	1306191600	257073	24.11	5
2011-05-24 00:00:00	21.5	58.2	0	1306195200	49733	23.11	5
2011-05-24 01:00:00	21.3	58.2	3600	1306198800	49514	23.11	5
2011-05-24 02:00:00	20.7	58.2	7200	1306202400	49038	22.11	5
2011-05-24 03:00:00	19.4	494.7	10800	1306206000	233039	22.11	5
2011-05-24 04:00:00	19.0	620.8	14400	1306209600	295359	22.11	5
2011-05-24 05:00:00	19.8	58.2	18000	1306213200	48001	21.11	5
2011-05-24 06:00:00	20.4	58.2	21600	1306216800	48405	22.11	5
2011-05-24 07:00:00	20.9	533.5	25200	1306220400	259941	23.11	5
2011-05-24 08:00:00	20.6	582.0	28800	1306224000	283397	23.11	5
2011-05-24 09:00:00	20.6	58.2	32400	1306227600	48800	22.11	5
2011-05-24 10:00:00	21.0	58.2	36000	1306231200	49366	23.11	5
2011-05-24 11:00:00	21.4	58.2	39600	1306234800	49604	23.11	5
2011-05-24 12:00:00	21.3	58.2	43200	1306238400	49514	23.11	5
2011-05-24 13:00:00	21.3	58.2	46800	1306242000	49514	23.11	5
2011-05-24 14:00:00	21.4	58.2	50400	1306245600	49604	23.11	5
2011-05-24 15:00:00	21.7	58.2	54000	1306249200	50190	23.11	5
2011-05-24 16:00:00	21.5	58.2	57600	1306252800	49733	23.11	5
2011-05-24 17:00:00	21.2	58.2	61200	1306256400	49450	23.11	5
2011-05-24 18:00:00	20.8	58.2	64800	1306260000	49256	22.11	5
2011-05-24 19:00:00	20.1	58.2	68400	1306263600	48165	22.11	5
2011-05-24 20:00:00	19.8	58.2	72000	1306267200	48001	21.11	5
2011-05-24 21:00:00	19.8	58.2	75600	1306270800	48001	21.11	5
2011-05-24 22:00:00	19.4	58.2	79200	1306274400	47120	21.11	5
2011-05-24 23:00:00	19.2	58.2	82800	1306278000	46886	21.11	5
2011-05-25 00:00:00	18.7	58.2	0	1306281600	46429	20.11	5
2011-05-25 01:00:00	18.5	58.2	3600	1306285200	46034	20.11	5
2011-05-25 02:00:00	18.2	58.2	7200	1306288800	45457	20.11	5
2011-05-25 03:00:00	17.8	58.2	10800	1306292400	45191	19.11	5
2011-05-25 04:00:00	17.5	58.2	14400	1306296000	44586	19.11	5
2011-05-25 05:00:00	17.9	58.2	18000	1306299600	45262	20.11	5
2011-05-25 06:00:00	19.0	58.2	21600	1306303200	46769	21.11	5
2011-05-25 07:00:00	20.1	58.2	25200	1306306800	48165	22.11	5
2011-05-25 08:00:00	20.2	58.2	28800	1306310400	48220	22.11	5
2011-05-25 09:00:00	20.9	58.2	32400	1306314000	49337	23.11	5
2011-05-25 10:00:00	20.6	649.9	36000	1306317600	323030	23.11	5
2011-05-25 11:00:00	20.6	87.3	39600	1306321200	73394	22.11	5
2011-05-25 12:00:00	20.9	533.5	43200	1306324800	259941	23.11	5
2011-05-25 13:00:00	21.7	58.2	46800	1306328400	50190	23.11	5
2011-05-25 14:00:00	20.9	397.7	50400	1306332000	200067	23.11	5
2011-05-25 15:00:00	21.4	58.2	54000	1306335600	49604	23.11	5
2011-05-25 16:00:00	21.4	58.2	57600	1306339200	49604	23.11	5
2011-05-25 17:00:00	21.2	58.2	61200	1306342800	49450	23.11	5
2011-05-25 18:00:00	20.1	533.5	64800	1306346400	255980	23.11	5
2011-05-25 19:00:00	20.3	58.2	68400	1306350000	48296	22.11	5
2011-05-25 20:00:00	19.6	630.5	72000	1306353600	304755	22.11	5
2011-05-25 21:00:00	19.4	58.2	75600	1306357200	47120	21.11	5
2011-05-25 22:00:00	19.2	58.2	79200	1306360800	46886	21.11	5
2011-05-25 23:00:00	18.9	523.8	82800	1306364400	244132	21.11	5
2011-05-26 00:00:00	18.3	388.0	0	1306368000	185066	20.11	5
2011-05-26 01:00:00	18.4	58.2	3600	1306371600	45770	20.11	5
2011-05-26 02:00:00	18.0	562.6	7200	1306375200	257401	21.11	5
2011-05-26 03:00:00	18.0	543.2	10800	1306378800	247897	21.11	5
2011-05-26 04:00:00	19.4	514.1	14400	1306382400	241949	22.11	5
2011-05-26 05:00:00	20.9	494.7	18000	1306386000	240915	23.11	5
2011-05-26 06:00:00	22.3	58.2	21600	1306389600	50628	24.11	5
2011-05-26 07:00:00	22.5	58.2	25200	1306393200	50815	24.11	5
2011-05-26 08:00:00	23.0	300.7	28800	1306396800	174581	25.11	5
2011-05-26 09:00:00	23.7	58.2	32400	1306400400	52156	25.11	5
2011-05-26 10:00:00	24.0	58.2	36000	1306404000	52412	26.11	5
2011-05-26 11:00:00	23.8	58.2	39600	1306407600	52368	26.11	5
2011-05-26 12:00:00	24.3	58.2	43200	1306411200	52528	26.11	5
2011-05-26 13:00:00	24.3	58.2	46800	1306414800	52528	26.11	5
2011-05-26 14:00:00	23.3	1120.35	50400	1306418400	571203	26.11	5
2011-05-26 15:00:00	23.6	858.45	54000	1306422000	443781	26.11	5
2011-05-26 16:00:00	23.2	1018.5	57600	1306425600	516611	26.11	5
2011-05-26 17:00:00	23.3	974.85	61200	1306429200	495431	26.11	5
2011-05-26 18:00:00	22.5	960.3	64800	1306432800	482133	25.11	5
2011-05-26 19:00:00	22.3	931.2	68400	1306436400	467890	25.11	5
2011-05-26 20:00:00	21.4	58.2	72000	1306440000	49604	23.11	5
2011-05-26 21:00:00	18.3	887.55	75600	1306443600	410971	21.11	5
2011-05-26 22:00:00	18.5	887.55	79200	1306447200	412353	21.11	5
2011-05-26 23:00:00	18.3	858.45	82800	1306450800	399765	21.11	5
2011-05-27 00:00:00	19.8	873.0	0	1306454400	420067	22.11	5
2011-05-27 01:00:00	19.8	58.2	3600	1306458000	48001	21.11	5
2011-05-27 02:00:00	18.5	58.2	7200	1306461600	46034	20.11	5
2011-05-27 03:00:00	18.0	58.2	10800	1306465200	45307	20.11	5
2011-05-27 04:00:00	18.0	58.2	14400	1306468800	45307	20.11	5
2011-05-27 05:00:00	18.4	58.2	18000	1306472400	45770	20.11	5
2011-05-27 06:00:00	19.0	58.2	21600	1306476000	46769	21.11	5
2011-05-27 07:00:00	20.3	58.2	25200	1306479600	48296	22.11	5
2011-05-27 08:00:00	21.2	58.2	28800	1306483200	49450	23.11	5
2011-05-27 09:00:00	21.4	640.2	32400	1306486800	322071	24.11	5
2011-05-27 10:00:00	20.9	1542.3	36000	1306490400	840230	20.11	5
2011-05-27 11:00:00	21.6	1455.0	39600	1306494000	762481	24.11	5
2011-05-27 12:00:00	21.1	1484.1	43200	1306497600	775789	24.11	5
2011-05-27 13:00:00	21.4	1532.6	46800	1306501200	815120	24.11	5
2011-05-27 14:00:00	22.4	1581.1	50400	1306504800	868431	25.11	5
2011-05-27 15:00:00	22.7	1610.2	54000	1306508400	809597	25.11	5
2011-05-27 16:00:00	22.2	1600.5	57600	1306512000	799474	25.11	5
2011-05-27 17:00:00	21.8	1455.0	61200	1306515600	766676	24.11	5
2011-05-27 18:00:00	21.5	1416.2	64800	1306519200	733739	24.11	5
2011-05-27 19:00:00	19.4	746.9	68400	1306522800	377480	22.11	5
2011-05-27 20:00:00	19.1	688.7	72000	1306526400	336485	22.11	5
2011-05-27 21:00:00	18.9	649.9	75600	1306530000	326282	18.11	5
2011-05-27 22:00:00	18.7	620.8	79200	1306533600	293394	21.11	5
2011-05-27 23:00:00	18.2	620.8	82800	1306537200	289165	21.11	5
2011-05-28 00:00:00	17.6	620.8	0	1306540800	285257	20.11	5
2011-05-28 01:00:00	17.6	688.7	3600	1306544400	336951	17.11	5
2011-05-28 02:00:00	17.6	1658.7	7200	1306548000	747764	20.11	5
2011-05-28 03:00:00	17.3	1513.2	10800	1306551600	731963	20.11	5
2011-05-28 04:00:00	17.3	1425.9	14400	1306555200	674609	20.11	5
2011-05-28 05:00:00	17.6	1891.5	18000	1306558800	872231	20.11	5
2011-05-28 06:00:00	18.4	1445.3	21600	1306562400	705835	21.11	5
2011-05-28 07:00:00	19.4	1493.8	25200	1306566000	754951	22.11	5
2011-05-28 08:00:00	20.0	1474.4	28800	1306569600	751757	23.11	5
2011-05-28 09:00:00	20.8	58.2	32400	1306573200	49256	22.11	5
2011-05-28 11:00:00	20.5	58.2	39600	1306580400	48564	22.11	5
2011-05-28 12:00:00	21.7	58.2	43200	1306584000	50190	23.11	5
2011-05-28 13:00:00	22.4	805.1	46800	1306587600	415600	25.11	5
2011-05-28 14:00:00	22.2	533.5	50400	1306591200	266493	25.11	5
2011-05-28 15:00:00	22.0	814.8	54000	1306594800	416103	24.11	5
2011-05-28 16:00:00	21.9	523.8	57600	1306598400	259837	24.11	5
2011-05-28 17:00:00	20.7	504.4	61200	1306602000	244265	23.11	5
2011-05-28 18:00:00	21.0	591.7	64800	1306605600	292042	24.11	5
2011-05-28 19:00:00	20.6	562.6	68400	1306609200	272922	23.11	5
2011-05-28 20:00:00	21.1	58.2	72000	1306612800	49402	23.11	5
2011-05-28 21:00:00	20.9	58.2	75600	1306616400	49337	23.11	5
2011-05-28 22:00:00	20.7	58.2	79200	1306620000	49038	22.11	5
2011-05-28 23:00:00	20.5	58.2	82800	1306623600	48564	22.11	5
2011-05-29 00:00:00	20.0	58.2	0	1306627200	48123	22.11	5
2011-05-29 01:00:00	19.8	58.2	3600	1306630800	48001	21.11	5
2011-05-29 02:00:00	19.6	58.2	7200	1306634400	47585	21.11	5
2011-05-29 03:00:00	19.8	58.2	10800	1306638000	48001	21.11	5
2011-05-29 04:00:00	19.8	58.2	14400	1306641600	48001	21.11	5
2011-05-29 05:00:00	19.8	58.2	18000	1306645200	48001	21.11	5
2011-05-29 06:00:00	21.3	58.2	21600	1306648800	49514	23.11	5
2011-05-29 07:00:00	21.8	58.2	25200	1306652400	50410	23.11	5
2011-05-29 08:00:00	22.0	58.2	28800	1306656000	50496	24.11	5
2011-05-29 09:00:00	22.9	378.3	32400	1306659600	199797	25.11	5
2011-05-29 10:00:00	22.9	58.2	36000	1306663200	51486	25.11	5
2011-05-29 11:00:00	23.2	58.2	39600	1306666800	51582	25.11	5
2011-05-29 12:00:00	23.4	58.2	43200	1306670400	51703	25.11	5
2011-05-29 13:00:00	23.5	58.2	46800	1306674000	51801	25.11	5
2011-05-29 14:00:00	23.4	58.2	50400	1306677600	51703	25.11	5
2011-05-29 15:00:00	23.7	58.2	54000	1306681200	52156	25.11	5
2011-05-29 16:00:00	23.4	58.2	57600	1306684800	51703	25.11	5
2011-05-29 17:00:00	23.0	58.2	61200	1306688400	51511	25.11	5
2011-05-29 18:00:00	23.0	58.2	64800	1306692000	51511	25.11	5
2011-05-29 19:00:00	22.5	58.2	68400	1306695600	50815	24.11	5
2011-05-29 20:00:00	22.4	58.2	72000	1306699200	50706	24.11	5
2011-05-29 21:00:00	22.2	58.2	75600	1306702800	50571	24.11	5
2011-05-29 22:00:00	21.8	58.2	79200	1306706400	50410	23.11	5
2011-05-29 23:00:00	21.8	58.2	82800	1306710000	50410	23.11	5
2011-05-30 00:00:00	21.6	58.2	0	1306713600	49924	23.11	5
2011-05-30 01:00:00	21.6	58.2	3600	1306717200	49924	23.11	5
2011-05-30 02:00:00	21.4	58.2	7200	1306720800	49604	23.11	5
2011-05-30 03:00:00	21.4	58.2	10800	1306724400	49604	23.11	5
2011-05-30 04:00:00	20.7	58.2	14400	1306728000	49038	22.11	5
2011-05-30 05:00:00	21.6	58.2	18000	1306731600	49924	23.11	5
2011-05-30 06:00:00	23.1	58.2	21600	1306735200	51542	25.11	5
2011-05-30 07:00:00	23.9	58.2	25200	1306738800	52388	26.11	5
2011-05-30 08:00:00	24.0	58.2	28800	1306742400	52412	26.11	5
2011-05-30 09:00:00	24.5	58.2	32400	1306746000	52684	26.11	5
2011-05-30 10:00:00	24.9	58.2	36000	1306749600	53533	26.11	5
2011-05-30 11:00:00	24.3	58.2	39600	1306753200	52528	26.11	5
2011-05-30 12:00:00	24.4	58.2	43200	1306756800	52593	26.11	5
2011-05-30 13:00:00	24.6	446.2	46800	1306760400	235571	26.11	5
2011-05-30 14:00:00	24.5	494.7	50400	1306764000	258217	26.11	5
2011-05-30 15:00:00	23.5	1008.8	54000	1306767600	513084	26.11	5
2011-05-30 16:00:00	24.4	911.8	57600	1306771200	475468	26.11	5
2011-05-30 17:00:00	24.4	649.9	61200	1306774800	349776	26.11	5
2011-05-30 18:00:00	24.3	659.6	64800	1306778400	354745	26.11	5
2011-05-30 19:00:00	24.0	630.5	68400	1306782000	331602	26.11	5
2011-05-30 20:00:00	23.6	58.2	72000	1306785600	51943	25.11	5
2011-05-30 21:00:00	23.1	601.4	75600	1306789200	308958	26.11	5
2011-05-30 22:00:00	23.1	582.0	79200	1306792800	297529	26.11	5
2011-05-30 23:00:00	22.9	591.7	82800	1306796400	301805	25.11	5
2011-05-31 00:00:00	22.2	572.3	0	1306800000	287287	25.11	5
2011-05-31 01:00:00	21.8	58.2	3600	1306803600	50410	23.11	5
2011-05-31 02:00:00	21.5	58.2	7200	1306807200	49733	23.11	5
2011-05-31 03:00:00	20.9	58.2	10800	1306810800	49337	23.11	5
2011-05-31 04:00:00	20.9	58.2	14400	1306814400	49337	23.11	5
2011-05-31 05:00:00	21.8	58.2	18000	1306818000	50410	23.11	5
2011-05-31 06:00:00	22.9	58.2	21600	1306821600	51486	25.11	5
2011-05-31 07:00:00	23.7	58.2	25200	1306825200	52156	25.11	5
2011-05-31 08:00:00	24.0	58.2	28800	1306828800	52412	26.11	5
2011-05-31 09:00:00	23.5	58.2	32400	1306832400	51801	25.11	5
2011-05-31 10:00:00	23.4	58.2	36000	1306836000	51703	25.11	5
2011-05-31 11:00:00	23.7	1212.5	39600	1306839600	628227	26.11	5
2011-05-31 12:00:00	24.0	776.0	43200	1306843200	436818	26.11	5
2011-05-31 13:00:00	24.1	58.2	46800	1306846800	52442	26.11	5
2011-05-31 14:00:00	24.6	834.2	50400	1306850400	444565	26.11	5
2011-05-31 15:00:00	24.4	58.2	54000	1306854000	52593	26.11	5
2011-05-31 16:00:00	24.8	58.2	57600	1306857600	53278	26.11	5
2011-05-31 17:00:00	24.1	58.2	61200	1306861200	52442	26.11	5
2011-05-31 18:00:00	24.2	58.2	64800	1306864800	52479	26.11	5
2011-05-31 19:00:00	23.7	58.2	68400	1306868400	52156	25.11	5
2011-05-31 20:00:00	23.6	58.2	72000	1306872000	51943	25.11	5
2011-05-31 21:00:00	23.4	58.2	75600	1306875600	51703	25.11	5
2011-05-31 22:00:00	22.9	58.2	79200	1306879200	51486	25.11	5
2011-05-31 23:00:00	22.4	58.2	82800	1306882800	50706	24.11	5
