	Twet	Load	Hour(s)	TimeStamp(s)	Power	Tset	month
2011-06-01 00:00:00	22.9	601.4	0	1306886400	307575	25.11	6
2011-06-01 01:00:00	22.7	58.2	3600	1306890000	51218	24.11	6
2011-06-01 02:00:00	22.9	58.2	7200	1306893600	51486	25.11	6
2011-06-01 03:00:00	22.2	58.2	10800	1306897200	50571	24.11	6
2011-06-01 04:00:00	22.2	58.2	14400	1306900800	50571	24.11	6
2011-06-01 05:00:00	22.9	58.2	18000	1306904400	51486	25.11	6
2011-06-01 06:00:00	23.9	58.2	21600	1306908000	52388	26.11	6
2011-06-01 07:00:00	24.9	58.2	25200	1306911600	53533	26.11	6
2011-06-01 08:00:00	25.2	58.2	28800	1306915200	54555	26.11	6
2011-06-01 09:00:00	25.6	858.45	32400	1306918800	512998	25.11	6
2011-06-01 10:00:00	25.4	1294.95	36000	1306922400	743576	25.11	6
2011-06-01 11:00:00	25.3	620.8	39600	1306926000	354386	25.11	6
2011-06-01 12:00:00	24.8	737.2	43200	1306929600	422628	26.11	6
2011-06-01 13:00:00	25.2	805.1	46800	1306933200	460902	26.11	6
2011-06-01 14:00:00	24.7	1086.4	50400	1306936800	577060	26.11	6
2011-06-01 15:00:00	24.7	1125.2	54000	1306940400	599943	26.11	6
2011-06-01 16:00:00	24.2	1144.6	57600	1306944000	595226	26.11	6
2011-06-01 17:00:00	24.4	1096.1	61200	1306947600	571948	26.11	6
2011-06-01 18:00:00	23.8	1057.3	64800	1306951200	540324	26.11	6
2011-06-01 19:00:00	23.7	1018.5	68400	1306954800	519257	26.11	6
2011-06-01 20:00:00	23.2	887.55	72000	1306958400	454890	26.11	6
2011-06-01 21:00:00	21.5	708.1	75600	1306962000	366872	24.11	6
2011-06-01 22:00:00	19.4	688.7	79200	1306965600	338693	22.11	6
2011-06-01 23:00:00	17.4	679.0	82800	1306969200	317183	20.11	6
2011-06-02 00:00:00	16.2	669.3	0	1306972800	301189	19.11	6
2011-06-02 01:00:00	15.9	858.45	3600	1306976400	368475	18.11	6
2011-06-02 02:00:00	15.7	873.0	7200	1306980000	370456	18.11	6
2011-06-02 03:00:00	14.7	931.2	10800	1306983600	379255	17.11	6
2011-06-02 04:00:00	14.6	873.0	14400	1306987200	354569	17.11	6
2011-06-02 05:00:00	15.9	887.55	18000	1306990800	379875	18.11	6
2011-06-02 06:00:00	15.9	902.1	21600	1306994400	385725	18.11	6
2011-06-02 07:00:00	14.7	931.2	25200	1306998000	379255	17.11	6
2011-06-02 08:00:00	15.3	974.85	28800	1307001600	405576	18.11	6
2011-06-02 09:00:00	15.8	620.8	32400	1307005200	283306	15.11	6
2011-06-02 10:00:00	16.0	1474.4	36000	1307008800	682038	19.11	6
2011-06-02 11:00:00	16.6	1532.6	39600	1307012400	749175	16.11	6
2011-06-02 12:00:00	16.3	1561.7	43200	1307016000	761639	16.11	6
2011-06-02 13:00:00	15.8	1532.6	46800	1307019600	732312	15.11	6
2011-06-02 14:00:00	15.6	1532.6	50400	1307023200	728040	15.11	6
2011-06-02 15:00:00	15.8	1464.7	54000	1307026800	690379	15.11	6
2011-06-02 16:00:00	15.5	1377.4	57600	1307030400	633453	15.11	6
2011-06-02 17:00:00	14.5	1367.7	61200	1307034000	590699	18.11	6
2011-06-02 18:00:00	14.3	999.1	64800	1307037600	400375	17.11	6
2011-06-02 19:00:00	13.6	679.0	68400	1307041200	283666	17.11	6
2011-06-02 20:00:00	13.4	669.3	72000	1307044800	276915	17.11	6
2011-06-02 21:00:00	12.4	572.3	75600	1307048400	217893	15.11	6
2011-06-02 22:00:00	12.4	572.3	79200	1307052000	217893	15.11	6
2011-06-02 23:00:00	12.4	543.2	82800	1307055600	204213	15.11	6
2011-06-03 00:00:00	12.0	543.2	0	1307059200	200022	15.11	6
2011-06-03 01:00:00	10.7	669.3	3600	1307062800	252620	15.11	6
2011-06-03 02:00:00	10.5	1571.4	7200	1307066400	515280	15.11	6
2011-06-03 03:00:00	9.4	1377.4	10800	1307070000	517848	15.11	6
2011-06-03 04:00:00	9.4	58.2	14400	1307073600	35675	15.11	6
2011-06-03 05:00:00	11.0	1358.0	18000	1307077200	518601	15.11	6
2011-06-03 06:00:00	12.0	1930.3	21600	1307080800	746568	15.11	6
2011-06-03 07:00:00	11.8	1455.0	25200	1307084400	587129	15.11	6
2011-06-03 08:00:00	12.7	1542.3	28800	1307088000	577147	15.11	6
2011-06-03 09:00:00	12.8	669.3	32400	1307091600	270276	16.11	6
2011-06-03 10:00:00	13.2	805.1	36000	1307095200	310466	16.11	6
2011-06-03 11:00:00	13.3	892.4	39600	1307098800	342086	16.11	6
2011-06-03 12:00:00	13.7	950.6	43200	1307102400	372390	16.11	6
2011-06-03 13:00:00	14.7	999.1	46800	1307106000	408015	17.11	6
2011-06-03 14:00:00	14.4	1411.35	50400	1307109600	614989	18.11	6
2011-06-03 15:00:00	14.4	1484.1	54000	1307113200	659254	18.11	6
2011-06-03 16:00:00	14.3	58.2	57600	1307116800	39237	16.11	6
2011-06-03 17:00:00	13.9	58.2	61200	1307120400	38441	16.11	6
2011-06-03 18:00:00	13.4	1484.1	64800	1307124000	638662	17.11	6
2011-06-03 19:00:00	12.7	1265.85	68400	1307127600	499803	16.11	6
2011-06-03 20:00:00	12.2	649.9	72000	1307131200	254805	15.11	6
2011-06-03 21:00:00	12.2	1164.0	75600	1307134800	440154	15.11	6
2011-06-03 22:00:00	11.2	1134.9	79200	1307138400	411433	15.11	6
2011-06-03 23:00:00	12.0	1120.35	82800	1307142000	415396	15.11	6
2011-06-04 00:00:00	11.2	1076.7	0	1307145600	386319	15.11	6
2011-06-04 01:00:00	10.7	640.2	3600	1307149200	237824	15.11	6
2011-06-04 02:00:00	10.7	659.6	7200	1307152800	247608	15.11	6
2011-06-04 03:00:00	9.9	669.3	10800	1307156400	249983	15.11	6
2011-06-04 04:00:00	10.2	649.9	14400	1307160000	240991	15.11	6
2011-06-04 05:00:00	11.2	649.9	18000	1307163600	245266	15.11	6
2011-06-04 06:00:00	13.5	698.4	21600	1307167200	294028	17.11	6
2011-06-04 07:00:00	13.1	659.6	25200	1307170800	268080	16.11	6
2011-06-04 08:00:00	13.6	1076.7	28800	1307174400	425319	16.11	6
2011-06-04 09:00:00	14.3	523.8	32400	1307178000	210746	17.11	6
2011-06-04 10:00:00	14.7	970.0	36000	1307181600	395434	17.11	6
2011-06-04 11:00:00	15.6	58.2	39600	1307185200	41545	17.11	6
2011-06-04 12:00:00	15.6	1474.4	43200	1307188800	692097	15.11	6
2011-06-04 13:00:00	16.2	785.7	46800	1307192400	382918	16.11	6
2011-06-04 14:00:00	15.5	1416.2	50400	1307196000	655592	15.11	6
2011-06-04 15:00:00	15.8	58.2	54000	1307199600	41948	18.11	6
2011-06-04 16:00:00	16.3	1367.7	57600	1307203200	621683	19.11	6
2011-06-04 17:00:00	16.4	58.2	61200	1307206800	42848	18.11	6
2011-06-04 18:00:00	15.9	1202.8	64800	1307210400	549065	15.11	6
2011-06-04 19:00:00	15.9	620.8	68400	1307214000	284229	15.11	6
2011-06-04 20:00:00	15.7	552.9	72000	1307217600	236159	18.11	6
2011-06-04 21:00:00	16.3	572.3	75600	1307221200	249269	19.11	6
2011-06-04 22:00:00	16.6	543.2	79200	1307224800	237550	19.11	6
2011-06-04 23:00:00	16.9	533.5	82800	1307228400	251482	16.11	6
2011-06-05 00:00:00	16.2	543.2	0	1307232000	234434	19.11	6
2011-06-05 01:00:00	17.1	523.8	3600	1307235600	232247	20.11	6
2011-06-05 02:00:00	16.4	882.7	7200	1307239200	384296	19.11	6
2011-06-05 03:00:00	16.4	766.3	10800	1307242800	372503	16.11	6
2011-06-05 04:00:00	16.4	727.5	14400	1307246400	348376	16.11	6
2011-06-05 05:00:00	16.4	708.1	18000	1307250000	326873	19.11	6
2011-06-05 06:00:00	17.0	688.7	21600	1307253600	319556	20.11	6
2011-06-05 07:00:00	16.2	776.0	25200	1307257200	368788	19.11	6
2011-06-05 08:00:00	16.7	853.6	28800	1307260800	376567	19.11	6
2011-06-05 09:00:00	17.2	1047.6	32400	1307264400	465373	20.11	6
2011-06-05 10:00:00	17.6	989.4	36000	1307268000	443737	20.11	6
2011-06-05 11:00:00	17.8	1149.45	39600	1307271600	525021	20.11	6
2011-06-05 12:00:00	18.8	1338.6	43200	1307275200	672945	18.11	6
2011-06-05 13:00:00	18.7	1338.6	46800	1307278800	644513	21.11	6
2011-06-05 14:00:00	19.5	1411.35	50400	1307282400	701236	22.11	6
2011-06-05 15:00:00	20.2	1455.0	54000	1307286000	740929	23.11	6
2011-06-05 16:00:00	20.0	1455.0	57600	1307289600	738471	23.11	6
2011-06-05 17:00:00	20.2	1425.9	61200	1307293200	721227	23.11	6
2011-06-05 18:00:00	19.6	1324.05	64800	1307296800	647540	22.11	6
2011-06-05 19:00:00	19.0	1236.75	68400	1307300400	587981	22.11	6
2011-06-05 20:00:00	18.8	1018.5	72000	1307304000	472467	21.11	6
2011-06-05 21:00:00	18.4	1120.35	75600	1307307600	516262	21.11	6
2011-06-05 22:00:00	18.8	1076.7	79200	1307311200	500594	21.11	6
2011-06-05 23:00:00	18.7	1033.05	82800	1307314800	477699	21.11	6
2011-06-06 00:00:00	18.5	1003.95	0	1307318400	461677	21.11	6
2011-06-06 01:00:00	17.9	989.4	3600	1307322000	448892	20.11	6
2011-06-06 02:00:00	17.4	989.4	7200	1307325600	441321	20.11	6
2011-06-06 03:00:00	16.8	931.2	10800	1307329200	408919	19.11	6
2011-06-06 04:00:00	16.8	945.75	14400	1307332800	415049	19.11	6
2011-06-06 05:00:00	17.4	974.85	18000	1307336400	435026	20.11	6
2011-06-06 06:00:00	18.8	829.35	21600	1307340000	392646	21.11	6
2011-06-06 07:00:00	19.6	974.85	25200	1307343600	461304	22.11	6
2011-06-06 08:00:00	19.1	1280.4	28800	1307347200	613938	22.11	6
2011-06-06 09:00:00	18.8	543.2	32400	1307350800	252722	21.11	6
2011-06-06 10:00:00	19.3	572.3	36000	1307354400	270355	22.11	6
2011-06-06 11:00:00	18.9	582.0	39600	1307358000	273853	22.11	6
2011-06-06 12:00:00	18.8	591.7	43200	1307361600	278200	21.11	6
2011-06-06 13:00:00	18.1	630.5	46800	1307365200	294018	21.11	6
2011-06-06 14:00:00	18.5	562.6	50400	1307368800	260033	21.11	6
2011-06-06 15:00:00	19.2	552.9	54000	1307372400	259964	22.11	6
2011-06-06 16:00:00	19.1	514.1	57600	1307376000	240885	22.11	6
2011-06-06 17:00:00	19.4	485.0	61200	1307379600	228721	22.11	6
2011-06-06 18:00:00	19.2	475.3	64800	1307383200	223874	22.11	6
2011-06-06 19:00:00	18.5	446.2	68400	1307386800	207140	21.11	6
2011-06-06 20:00:00	17.8	543.2	72000	1307390400	246412	20.11	6
2011-06-06 21:00:00	17.3	446.2	75600	1307394000	200256	20.11	6
2011-06-06 22:00:00	17.1	446.2	79200	1307397600	199630	20.11	6
2011-06-06 23:00:00	16.8	446.2	82800	1307401200	196536	19.11	6
2011-06-07 00:00:00	16.3	436.5	0	1307404800	189900	19.11	6
2011-06-07 01:00:00	16.1	533.5	3600	1307408400	229368	19.11	6
2011-06-07 02:00:00	15.6	552.9	7200	1307412000	234975	18.11	6
2011-06-07 03:00:00	14.9	591.7	10800	1307415600	248194	18.11	6
2011-06-07 04:00:00	15.1	552.9	14400	1307419200	230598	18.11	6
2011-06-07 05:00:00	16.4	543.2	18000	1307422800	235809	19.11	6
2011-06-07 06:00:00	19.0	533.5	21600	1307426400	249755	22.11	6
2011-06-07 07:00:00	19.7	543.2	25200	1307430000	257828	22.11	6
2011-06-07 08:00:00	20.4	552.9	28800	1307433600	266808	23.11	6
2011-06-07 09:00:00	20.4	1018.5	32400	1307437200	490466	23.11	6
2011-06-07 10:00:00	19.9	945.75	36000	1307440800	451975	22.11	6
2011-06-07 11:00:00	20.1	1222.2	39600	1307444400	594171	23.11	6
2011-06-07 12:00:00	20.3	1309.5	43200	1307448000	647712	23.11	6
2011-06-07 13:00:00	20.7	1425.9	46800	1307451600	729925	23.11	6
2011-06-07 14:00:00	21.4	1484.1	50400	1307455200	779765	24.11	6
2011-06-07 15:00:00	20.9	1469.55	54000	1307458800	790658	20.11	6
2011-06-07 16:00:00	21.3	1484.1	57600	1307462400	778286	24.11	6
2011-06-07 17:00:00	21.3	1440.45	61200	1307466000	747559	24.11	6
2011-06-07 18:00:00	21.3	1353.15	64800	1307469600	688980	24.11	6
2011-06-07 19:00:00	20.7	1193.1	68400	1307473200	584515	23.11	6
2011-06-07 20:00:00	20.5	989.4	72000	1307476800	477638	23.11	6
2011-06-07 21:00:00	20.1	1062.15	75600	1307480400	509575	23.11	6
2011-06-07 22:00:00	20.0	1047.6	79200	1307484000	501572	22.11	6
2011-06-07 23:00:00	19.4	1033.05	82800	1307487600	486173	22.11	6
2011-06-08 00:00:00	19.5	1033.05	0	1307491200	487100	22.11	6
2011-06-08 01:00:00	19.3	974.85	3600	1307494800	458879	22.11	6
2011-06-08 02:00:00	19.1	989.4	7200	1307498400	464140	22.11	6
2011-06-08 03:00:00	19.1	1033.05	10800	1307502000	484020	22.11	6
2011-06-08 04:00:00	19.1	1003.95	14400	1307505600	470666	22.11	6
2011-06-08 05:00:00	19.5	974.85	18000	1307509200	460383	22.11	6
2011-06-08 06:00:00	20.7	1003.95	21600	1307512800	486234	23.11	6
2011-06-08 07:00:00	21.1	1003.95	25200	1307516400	492025	24.11	6
2011-06-08 08:00:00	21.5	1367.7	28800	1307520000	701092	24.11	6
2011-06-08 09:00:00	22.4	446.2	32400	1307523600	225623	25.11	6
2011-06-08 10:00:00	23.0	417.1	36000	1307527200	215216	25.11	6
2011-06-08 11:00:00	23.9	407.4	39600	1307530800	213594	26.11	6
2011-06-08 12:00:00	24.7	436.5	43200	1307534400	232587	26.11	6
2011-06-08 13:00:00	25.0	436.5	46800	1307538000	239505	26.11	6
2011-06-08 14:00:00	25.1	417.1	50400	1307541600	233471	26.11	6
2011-06-08 15:00:00	25.3	426.8	54000	1307545200	246345	26.11	6
2011-06-08 16:00:00	25.1	426.8	57600	1307548800	238076	26.11	6
2011-06-08 17:00:00	24.7	407.4	61200	1307552400	219441	26.11	6
2011-06-08 18:00:00	25.2	417.1	64800	1307556000	237247	26.11	6
2011-06-08 19:00:00	25.1	446.2	68400	1307559600	247566	26.11	6
2011-06-08 20:00:00	24.9	426.8	72000	1307563200	232163	26.11	6
2011-06-08 21:00:00	24.3	417.1	75600	1307566800	219464	26.11	6
2011-06-08 22:00:00	24.1	407.4	79200	1307570400	214327	26.11	6
2011-06-08 23:00:00	23.9	417.1	82800	1307574000	217588	26.11	6
2011-06-09 00:00:00	23.4	407.4	0	1307577600	212484	26.11	6
2011-06-09 01:00:00	23.4	426.8	3600	1307581200	220472	26.11	6
2011-06-09 02:00:00	23.2	417.1	7200	1307584800	216129	26.11	6
2011-06-09 03:00:00	23.2	426.8	10800	1307588400	220160	26.11	6
2011-06-09 04:00:00	23.1	426.8	14400	1307592000	219728	25.11	6
2011-06-09 05:00:00	23.4	426.8	18000	1307595600	220472	26.11	6
2011-06-09 06:00:00	24.0	407.4	21600	1307599200	213929	26.11	6
2011-06-09 07:00:00	24.6	417.1	25200	1307602800	222281	26.11	6
2011-06-09 08:00:00	24.9	426.8	28800	1307606400	232163	26.11	6
2011-06-09 09:00:00	25.4	1003.95	32400	1307610000	578052	25.11	6
2011-06-09 10:00:00	25.3	989.4	36000	1307613600	562706	26.11	6
2011-06-09 11:00:00	24.7	1062.15	39600	1307617200	563149	26.11	6
2011-06-09 12:00:00	24.1	1062.15	43200	1307620800	546571	26.11	6
2011-06-09 13:00:00	23.9	1076.7	46800	1307624400	551815	26.11	6
2011-06-09 14:00:00	24.1	1091.25	50400	1307628000	562613	26.11	6
2011-06-09 15:00:00	23.4	1105.8	54000	1307631600	563677	26.11	6
2011-06-09 16:00:00	23.8	1120.35	57600	1307635200	574975	26.11	6
2011-06-09 17:00:00	23.6	1105.8	61200	1307638800	565011	26.11	6
2011-06-09 18:00:00	23.8	1076.7	64800	1307642400	550761	26.11	6
2011-06-09 19:00:00	21.1	1091.25	68400	1307646000	535106	24.11	6
2011-06-09 20:00:00	21.6	1018.5	72000	1307649600	501958	24.11	6
2011-06-09 21:00:00	22.0	1003.95	75600	1307653200	499345	24.11	6
2011-06-09 22:00:00	21.5	1018.5	79200	1307656800	501186	24.11	6
2011-06-09 23:00:00	21.8	989.4	82800	1307660400	489824	24.11	6
2011-06-10 00:00:00	21.3	989.4	0	1307664000	486128	24.11	6
2011-06-10 01:00:00	21.1	1003.95	3600	1307667600	492025	24.11	6
2011-06-10 02:00:00	21.5	974.85	7200	1307671200	480526	24.11	6
2011-06-10 03:00:00	20.7	974.85	10800	1307674800	472715	23.11	6
2011-06-10 04:00:00	20.7	945.75	14400	1307678400	459621	23.11	6
2011-06-10 05:00:00	21.3	1294.95	18000	1307682000	652063	24.11	6
2011-06-10 06:00:00	21.5	1251.3	21600	1307685600	627588	24.11	6
2011-06-10 07:00:00	22.0	727.5	25200	1307689200	384868	25.11	6
2011-06-10 08:00:00	22.7	873.0	28800	1307692800	444449	25.11	6
2011-06-10 09:00:00	23.0	407.4	32400	1307696400	211295	25.11	6
2011-06-10 10:00:00	23.3	417.1	36000	1307700000	216272	26.11	6
2011-06-10 11:00:00	23.8	446.2	39600	1307703600	229820	26.11	6
2011-06-10 12:00:00	24.0	455.9	43200	1307707200	234982	26.11	6
2011-06-10 13:00:00	24.1	455.9	46800	1307710800	235488	26.11	6
2011-06-10 14:00:00	24.0	465.6	50400	1307714400	239492	26.11	6
2011-06-10 15:00:00	23.7	882.7	54000	1307718000	454760	26.11	6
2011-06-10 16:00:00	23.3	465.6	57600	1307721600	237415	26.11	6
2011-06-10 17:00:00	22.7	455.9	61200	1307725200	230640	25.11	6
2011-06-10 18:00:00	23.6	475.3	64800	1307728800	242609	26.11	6
2011-06-10 19:00:00	23.1	455.9	68400	1307732400	232453	25.11	6
2011-06-10 20:00:00	23.4	436.5	72000	1307736000	224610	26.11	6
2011-06-10 21:00:00	23.1	407.4	75600	1307739600	211741	25.11	6
2011-06-10 22:00:00	23.4	407.4	79200	1307743200	212484	26.11	6
2011-06-10 23:00:00	22.9	397.7	82800	1307746800	207115	25.11	6
2011-06-11 00:00:00	22.7	407.4	0	1307750400	210323	25.11	6
2011-06-11 01:00:00	22.0	407.4	3600	1307754000	208052	24.11	6
2011-06-11 02:00:00	22.0	436.5	7200	1307757600	219872	24.11	6
2011-06-11 03:00:00	22.0	455.9	10800	1307761200	228238	24.11	6
2011-06-11 04:00:00	21.4	436.5	14400	1307764800	217774	24.11	6
2011-06-11 05:00:00	22.4	426.8	18000	1307768400	217466	25.11	6
2011-06-11 06:00:00	23.4	58.2	21600	1307772000	51703	25.11	6
2011-06-11 07:00:00	22.5	58.2	25200	1307775600	50815	24.11	6
2011-06-11 08:00:00	22.7	58.2	28800	1307779200	51218	24.11	6
2011-06-11 09:00:00	22.9	960.3	32400	1307782800	485109	25.11	6
2011-06-11 10:00:00	23.4	1033.05	36000	1307786400	524895	26.11	6
2011-06-11 11:00:00	23.5	1105.8	39600	1307790000	564298	26.11	6
2011-06-11 12:00:00	23.4	1149.45	43200	1307793600	588268	26.11	6
2011-06-11 13:00:00	24.4	1164.0	46800	1307797200	612078	26.11	6
2011-06-11 14:00:00	24.4	1178.55	50400	1307800800	620992	26.11	6
2011-06-11 15:00:00	24.5	1222.2	54000	1307804400	651896	26.11	6
2011-06-11 16:00:00	24.4	1222.2	57600	1307808000	648398	26.11	6
2011-06-11 17:00:00	23.7	1265.85	61200	1307811600	661685	26.11	6
2011-06-11 18:00:00	22.7	1222.2	64800	1307815200	623860	25.11	6
2011-06-11 19:00:00	21.8	1164.0	68400	1307818800	580711	24.11	6
2011-06-11 20:00:00	21.1	960.3	72000	1307822400	471455	23.11	6
2011-06-11 21:00:00	20.9	1134.9	75600	1307826000	555689	23.11	6
2011-06-11 22:00:00	20.4	1120.35	79200	1307829600	541170	23.11	6
2011-06-11 23:00:00	20.6	1105.8	82800	1307833200	535651	23.11	6
2011-06-12 00:00:00	20.4	1105.8	0	1307836800	533613	23.11	6
2011-06-12 01:00:00	20.2	960.3	3600	1307840400	462678	23.11	6
2011-06-12 02:00:00	19.4	945.75	7200	1307844000	446901	22.11	6
2011-06-12 03:00:00	19.8	931.2	10800	1307847600	444310	22.11	6
2011-06-12 04:00:00	19.8	916.65	14400	1307851200	438090	22.11	6
2011-06-12 05:00:00	20.5	931.2	18000	1307854800	451692	23.11	6
2011-06-12 06:00:00	21.3	916.65	21600	1307858400	453469	24.11	6
2011-06-12 07:00:00	22.2	945.75	25200	1307862000	474083	25.11	6
2011-06-12 08:00:00	22.5	1003.95	28800	1307865600	502943	25.11	6
2011-06-12 09:00:00	23.0	407.4	32400	1307869200	211295	25.11	6
2011-06-12 10:00:00	23.3	504.4	36000	1307872800	256067	26.11	6
2011-06-12 11:00:00	23.5	591.7	39600	1307876400	304406	26.11	6
2011-06-12 12:00:00	22.8	533.5	43200	1307880000	268672	25.11	6
2011-06-12 13:00:00	23.3	601.4	46800	1307883600	309507	26.11	6
2011-06-12 14:00:00	22.0	601.4	50400	1307887200	303323	25.11	6
2011-06-12 15:00:00	23.0	640.2	54000	1307890800	332665	25.11	6
2011-06-12 16:00:00	22.2	688.7	57600	1307894400	358845	25.11	6
2011-06-12 17:00:00	20.9	640.2	61200	1307898000	320021	24.11	6
2011-06-12 18:00:00	21.6	620.8	64800	1307901600	311516	24.11	6
2011-06-12 19:00:00	21.4	514.1	68400	1307905200	252611	24.11	6
2011-06-12 20:00:00	20.9	397.7	72000	1307908800	200067	23.11	6
2011-06-12 21:00:00	20.3	465.6	75600	1307912400	225261	23.11	6
2011-06-12 22:00:00	20.0	465.6	79200	1307916000	223559	22.11	6
2011-06-12 23:00:00	20.2	475.3	82800	1307919600	229211	23.11	6
2011-06-13 00:00:00	19.1	465.6	0	1307923200	219340	21.11	6
2011-06-13 01:00:00	17.5	407.4	3600	1307926800	186561	20.11	6
2011-06-13 02:00:00	16.4	417.1	7200	1307930400	183205	19.11	6
2011-06-13 03:00:00	15.4	455.9	10800	1307934000	190674	18.11	6
2011-06-13 04:00:00	14.4	436.5	14400	1307937600	175875	17.11	6
2011-06-13 05:00:00	14.1	436.5	18000	1307941200	174359	17.11	6
2011-06-13 06:00:00	14.0	446.2	21600	1307944800	177476	17.11	6
2011-06-13 07:00:00	14.7	446.2	25200	1307948400	181886	17.11	6
2011-06-13 08:00:00	15.1	475.3	28800	1307952000	196807	18.11	6
2011-06-13 09:00:00	15.3	58.2	32400	1307955600	41014	17.11	6
2011-06-13 10:00:00	16.0	649.9	36000	1307959200	288335	19.11	6
2011-06-13 11:00:00	15.9	523.8	39600	1307962800	238952	15.11	6
2011-06-13 12:00:00	16.4	1105.8	43200	1307966400	480957	19.11	6
2011-06-13 13:00:00	16.3	679.0	46800	1307970000	307936	19.11	6
2011-06-13 14:00:00	16.6	717.8	50400	1307973600	344538	16.11	6
2011-06-13 15:00:00	16.4	785.7	54000	1307977200	385063	16.11	6
2011-06-13 16:00:00	16.7	746.9	57600	1307980800	363343	16.11	6
2011-06-13 17:00:00	16.8	785.7	61200	1307984400	389320	16.11	6
2011-06-13 18:00:00	15.7	746.9	64800	1307988000	353013	15.11	6
2011-06-13 19:00:00	14.9	688.7	68400	1307991600	301074	18.11	6
2011-06-13 20:00:00	14.3	58.2	72000	1307995200	39237	16.11	6
2011-06-13 21:00:00	14.0	640.2	75600	1307998800	265542	17.11	6
2011-06-13 22:00:00	14.3	630.5	79200	1308002400	263416	17.11	6
2011-06-13 23:00:00	13.8	58.2	82800	1308006000	38299	16.11	6
2011-06-14 00:00:00	13.8	58.2	0	1308009600	38299	16.11	6
2011-06-14 01:00:00	13.3	58.2	3600	1308013200	37354	15.11	6
2011-06-14 02:00:00	13.0	58.2	7200	1308016800	36903	15.11	6
2011-06-14 03:00:00	11.7	58.2	10800	1308020400	35675	15.11	6
2011-06-14 04:00:00	11.7	58.2	14400	1308024000	35675	15.11	6
2011-06-14 05:00:00	12.2	58.2	18000	1308027600	35950	15.11	6
2011-06-14 06:00:00	13.5	58.2	21600	1308031200	37713	15.11	6
2011-06-14 07:00:00	14.7	58.2	25200	1308034800	40002	16.11	6
2011-06-14 08:00:00	15.6	58.2	28800	1308038400	41545	17.11	6
2011-06-14 09:00:00	16.2	58.2	32400	1308042000	42391	18.11	6
2011-06-14 10:00:00	15.3	446.2	36000	1308045600	186420	18.11	6
2011-06-14 11:00:00	15.7	446.2	39600	1308049200	188989	18.11	6
2011-06-14 12:00:00	15.7	455.9	43200	1308052800	192838	18.11	6
2011-06-14 13:00:00	16.1	455.9	46800	1308056400	196549	19.11	6
2011-06-14 14:00:00	16.5	465.6	50400	1308060000	202211	19.11	6
2011-06-14 15:00:00	17.2	475.3	54000	1308063600	211549	20.11	6
2011-06-14 16:00:00	16.7	494.7	57600	1308067200	216052	19.11	6
2011-06-14 17:00:00	16.4	494.7	61200	1308070800	213784	19.11	6
2011-06-14 18:00:00	15.8	475.3	64800	1308074400	201824	18.11	6
2011-06-14 19:00:00	15.2	669.3	68400	1308078000	292624	18.11	6
2011-06-14 20:00:00	14.8	552.9	72000	1308081600	228930	18.11	6
2011-06-14 21:00:00	15.3	58.2	75600	1308085200	41014	17.11	6
2011-06-14 22:00:00	14.5	58.2	79200	1308088800	39583	16.11	6
2011-06-14 23:00:00	13.5	58.2	82800	1308092400	37713	15.11	6
2011-06-15 00:00:00	12.8	58.2	0	1308096000	36420	15.11	6
2011-06-15 01:00:00	12.2	58.2	3600	1308099600	35950	15.11	6
2011-06-15 02:00:00	11.7	58.2	7200	1308103200	35675	15.11	6
2011-06-15 03:00:00	11.0	378.3	10800	1308106800	136581	15.11	6
2011-06-15 04:00:00	10.5	611.1	14400	1308110400	223114	15.11	6
2011-06-15 05:00:00	12.0	58.2	18000	1308114000	35915	15.11	6
2011-06-15 06:00:00	13.3	552.9	21600	1308117600	215898	16.11	6
2011-06-15 07:00:00	14.4	58.2	25200	1308121200	39404	16.11	6
2011-06-15 08:00:00	14.8	446.2	28800	1308124800	182908	17.11	6
2011-06-15 09:00:00	15.2	572.3	32400	1308128400	240673	18.11	6
2011-06-15 10:00:00	16.0	882.7	36000	1308132000	380227	18.11	6
2011-06-15 11:00:00	16.4	649.9	39600	1308135600	291953	19.11	6
2011-06-15 12:00:00	16.4	679.0	43200	1308139200	309042	19.11	6
2011-06-15 13:00:00	16.4	659.6	46800	1308142800	297567	19.11	6
2011-06-15 14:00:00	16.8	649.9	50400	1308146400	307766	16.11	6
2011-06-15 15:00:00	16.6	649.9	54000	1308150000	305923	16.11	6
2011-06-15 16:00:00	16.4	630.5	57600	1308153600	280978	19.11	6
2011-06-15 17:00:00	16.0	611.1	61200	1308157200	267125	19.11	6
2011-06-15 18:00:00	17.3	611.1	64800	1308160800	277094	20.11	6
2011-06-15 19:00:00	15.6	552.9	68400	1308164400	234975	18.11	6
2011-06-15 20:00:00	15.0	591.7	72000	1308168000	248853	18.11	6
2011-06-15 21:00:00	15.0	552.9	75600	1308171600	229976	18.11	6
2011-06-15 22:00:00	14.8	58.2	79200	1308175200	40160	17.11	6
2011-06-15 23:00:00	14.6	58.2	82800	1308178800	39781	16.11	6
2011-06-16 00:00:00	14.6	58.2	0	1308182400	39781	16.11	6
2011-06-16 01:00:00	14.6	533.5	3600	1308186000	218178	17.11	6
2011-06-16 02:00:00	13.6	562.6	7200	1308189600	223919	17.11	6
2011-06-16 03:00:00	13.9	630.5	10800	1308193200	259480	17.11	6
2011-06-16 04:00:00	13.4	611.1	14400	1308196800	245831	16.11	6
2011-06-16 05:00:00	14.2	611.1	18000	1308200400	252043	17.11	6
2011-06-16 06:00:00	15.4	649.9	21600	1308204000	283767	18.11	6
2011-06-16 07:00:00	16.0	669.3	25200	1308207600	299455	19.11	6
2011-06-16 08:00:00	16.5	1018.5	28800	1308211200	441724	19.11	6
2011-06-16 09:00:00	17.6	58.2	32400	1308214800	44771	19.11	6
2011-06-16 10:00:00	18.4	58.2	36000	1308218400	45770	20.11	6
2011-06-16 11:00:00	18.6	611.1	39600	1308222000	286869	21.11	6
2011-06-16 12:00:00	19.8	58.2	43200	1308225600	48001	21.11	6
2011-06-16 13:00:00	19.8	58.2	46800	1308229200	48001	21.11	6
2011-06-16 14:00:00	19.7	58.2	50400	1308232800	47785	21.11	6
2011-06-16 15:00:00	20.3	805.1	54000	1308236400	400318	23.11	6
2011-06-16 16:00:00	19.6	58.2	57600	1308240000	47585	21.11	6
2011-06-16 17:00:00	20.0	58.2	61200	1308243600	48123	22.11	6
2011-06-16 18:00:00	19.8	669.3	64800	1308247200	330535	23.11	6
2011-06-16 19:00:00	20.0	58.2	68400	1308250800	48123	22.11	6
2011-06-16 20:00:00	19.8	426.8	72000	1308254400	206182	22.11	6
2011-06-16 21:00:00	19.8	679.0	75600	1308258000	336593	23.11	6
2011-06-16 22:00:00	17.5	58.2	79200	1308261600	44586	19.11	6
2011-06-16 23:00:00	18.4	679.0	82800	1308265200	325019	21.11	6
2011-06-17 00:00:00	19.0	58.2	0	1308268800	46769	21.11	6
2011-06-17 01:00:00	18.7	58.2	3600	1308272400	46429	20.11	6
2011-06-17 02:00:00	18.5	58.2	7200	1308276000	46034	20.11	6
2011-06-17 03:00:00	17.9	58.2	10800	1308279600	45262	20.11	6
2011-06-17 04:00:00	17.4	58.2	14400	1308283200	44383	19.11	6
2011-06-17 05:00:00	17.9	58.2	18000	1308286800	45262	20.11	6
2011-06-17 06:00:00	18.4	58.2	21600	1308290400	45770	20.11	6
2011-06-17 07:00:00	18.8	58.2	25200	1308294000	46646	20.11	6
2011-06-17 08:00:00	19.6	58.2	28800	1308297600	47585	21.11	6
2011-06-17 09:00:00	20.1	58.2	32400	1308301200	48165	22.11	6
2011-06-17 10:00:00	20.1	58.2	36000	1308304800	48165	22.11	6
2011-06-17 11:00:00	20.3	58.2	39600	1308308400	48296	22.11	6
2011-06-17 12:00:00	20.2	58.2	43200	1308312000	48220	22.11	6
2011-06-17 13:00:00	19.7	58.2	46800	1308315600	47785	21.11	6
2011-06-17 14:00:00	20.2	58.2	50400	1308319200	48220	22.11	6
2011-06-17 15:00:00	20.3	58.2	54000	1308322800	48296	22.11	6
2011-06-17 16:00:00	20.6	58.2	57600	1308326400	48800	22.11	6
2011-06-17 17:00:00	20.7	58.2	61200	1308330000	49038	22.11	6
2011-06-17 18:00:00	21.2	58.2	64800	1308333600	49450	23.11	6
2011-06-17 19:00:00	20.9	58.2	68400	1308337200	49337	23.11	6
2011-06-17 20:00:00	19.8	58.2	72000	1308340800	48001	21.11	6
2011-06-17 21:00:00	19.4	58.2	75600	1308344400	47120	21.11	6
2011-06-17 22:00:00	19.6	58.2	79200	1308348000	47585	21.11	6
2011-06-17 23:00:00	19.4	58.2	82800	1308351600	47120	21.11	6
2011-06-18 00:00:00	18.9	58.2	0	1308355200	46732	21.11	6
2011-06-18 01:00:00	19.2	58.2	3600	1308358800	46886	21.11	6
2011-06-18 02:00:00	19.4	58.2	7200	1308362400	47120	21.11	6
2011-06-18 03:00:00	19.4	58.2	10800	1308366000	47120	21.11	6
2011-06-18 04:00:00	19.8	58.2	14400	1308369600	48001	21.11	6
2011-06-18 05:00:00	20.1	58.2	18000	1308373200	48165	22.11	6
2011-06-18 06:00:00	21.1	58.2	21600	1308376800	49402	23.11	6
2011-06-18 07:00:00	21.6	58.2	25200	1308380400	49924	23.11	6
2011-06-18 08:00:00	20.8	58.2	28800	1308384000	49256	22.11	6
2011-06-18 09:00:00	21.0	58.2	32400	1308387600	49366	23.11	6
2011-06-18 10:00:00	21.2	58.2	36000	1308391200	49450	23.11	6
2011-06-18 11:00:00	21.4	58.2	39600	1308394800	49604	23.11	6
2011-06-18 12:00:00	21.3	58.2	43200	1308398400	49514	23.11	6
2011-06-18 13:00:00	21.6	58.2	46800	1308402000	49924	23.11	6
2011-06-18 14:00:00	21.6	533.5	50400	1308405600	263065	24.11	6
2011-06-18 15:00:00	21.3	853.6	54000	1308409200	427274	24.11	6
2011-06-18 17:00:00	21.5	58.2	61200	1308416400	49733	23.11	6
2011-06-18 18:00:00	21.4	533.5	64800	1308420000	262258	24.11	6
2011-06-18 19:00:00	21.3	533.5	68400	1308423600	261929	24.11	6
2011-06-18 20:00:00	21.3	58.2	72000	1308427200	49514	23.11	6
2011-06-18 21:00:00	21.2	58.2	75600	1308430800	49450	23.11	6
2011-06-18 22:00:00	20.9	543.2	79200	1308434400	264938	23.11	6
2011-06-18 23:00:00	21.1	58.2	82800	1308438000	49402	23.11	6
2011-06-19 00:00:00	21.3	58.2	0	1308441600	49514	23.11	6
2011-06-19 01:00:00	20.9	58.2	3600	1308445200	49337	23.11	6
2011-06-19 02:00:00	20.9	58.2	7200	1308448800	49337	23.11	6
2011-06-19 03:00:00	20.7	58.2	10800	1308452400	49038	22.11	6
2011-06-19 04:00:00	20.5	58.2	14400	1308456000	48564	22.11	6
2011-06-19 05:00:00	20.1	378.3	18000	1308459600	189724	22.11	6
2011-06-19 06:00:00	20.1	58.2	21600	1308463200	48165	22.11	6
2011-06-19 07:00:00	20.3	58.2	25200	1308466800	48296	22.11	6
2011-06-19 08:00:00	20.7	58.2	28800	1308470400	49038	22.11	6
2011-06-19 09:00:00	20.6	58.2	32400	1308474000	48800	22.11	6
2011-06-19 10:00:00	21.0	58.2	36000	1308477600	49366	23.11	6
2011-06-19 11:00:00	20.9	58.2	39600	1308481200	49337	23.11	6
2011-06-19 12:00:00	21.0	795.4	43200	1308484800	426626	24.11	6
2011-06-19 13:00:00	20.7	543.2	46800	1308488400	263427	23.11	6
2011-06-19 14:00:00	20.5	407.4	50400	1308492000	202393	23.11	6
2011-06-19 15:00:00	21.2	436.5	54000	1308495600	217300	23.11	6
2011-06-19 16:00:00	21.4	514.1	57600	1308499200	252611	24.11	6
2011-06-19 17:00:00	21.0	552.9	61200	1308502800	271005	23.11	6
2011-06-19 18:00:00	21.0	543.2	64800	1308506400	265879	23.11	6
2011-06-19 19:00:00	21.3	523.8	68400	1308510000	257073	24.11	6
2011-06-19 20:00:00	21.1	58.2	72000	1308513600	49402	23.11	6
2011-06-19 21:00:00	20.4	523.8	75600	1308517200	252217	23.11	6
2011-06-19 22:00:00	19.6	523.8	79200	1308520800	247572	22.11	6
2011-06-19 23:00:00	19.4	514.1	82800	1308524400	241949	22.11	6
2011-06-20 00:00:00	19.7	514.1	0	1308528000	243540	22.11	6
2011-06-20 01:00:00	19.4	58.2	3600	1308531600	47120	21.11	6
2011-06-20 02:00:00	19.5	58.2	7200	1308535200	47326	21.11	6
2011-06-20 03:00:00	19.4	58.2	10800	1308538800	47120	21.11	6
2011-06-20 04:00:00	18.9	58.2	14400	1308542400	46732	21.11	6
2011-06-20 05:00:00	19.1	58.2	18000	1308546000	46819	21.11	6
2011-06-20 06:00:00	18.8	58.2	21600	1308549600	46646	20.11	6
2011-06-20 07:00:00	18.8	58.2	25200	1308553200	46646	20.11	6
2011-06-20 08:00:00	17.3	58.2	28800	1308556800	44126	19.11	6
2011-06-20 09:00:00	17.5	58.2	32400	1308560400	44586	19.11	6
2011-06-20 10:00:00	17.6	873.0	36000	1308564000	395550	20.11	6
2011-06-20 11:00:00	18.1	950.6	39600	1308567600	435357	21.11	6
2011-06-20 12:00:00	17.8	1047.6	43200	1308571200	473930	20.11	6
2011-06-20 13:00:00	18.1	1047.6	46800	1308574800	478161	21.11	6
2011-06-20 14:00:00	19.0	708.1	50400	1308578400	348298	22.11	6
2011-06-20 15:00:00	19.7	766.3	54000	1308582000	405515	19.11	6
2011-06-20 16:00:00	19.7	1057.3	57600	1308585600	501153	22.11	6
2011-06-20 17:00:00	20.1	1008.8	61200	1308589200	484144	23.11	6
2011-06-20 18:00:00	19.2	1008.8	64800	1308592800	473457	22.11	6
2011-06-20 19:00:00	18.6	582.0	68400	1308596400	270956	21.11	6
2011-06-20 20:00:00	18.4	494.7	72000	1308600000	227096	21.11	6
2011-06-20 21:00:00	17.9	494.7	75600	1308603600	224447	20.11	6
2011-06-20 22:00:00	17.9	494.7	79200	1308607200	224447	20.11	6
2011-06-20 23:00:00	18.6	494.7	82800	1308610800	228132	21.11	6
2011-06-21 00:00:00	18.6	504.4	0	1308614400	232521	21.11	6
2011-06-21 01:00:00	18.4	58.2	3600	1308618000	45770	20.11	6
2011-06-21 02:00:00	18.6	882.7	7200	1308621600	411274	21.11	6
2011-06-21 03:00:00	18.6	543.2	10800	1308625200	251003	21.11	6
2011-06-21 04:00:00	18.9	834.2	14400	1308628800	395612	21.11	6
2011-06-21 05:00:00	18.9	523.8	18000	1308632400	244132	21.11	6
2011-06-21 06:00:00	19.5	776.0	21600	1308636000	399163	22.11	6
2011-06-21 07:00:00	20.0	504.4	25200	1308639600	241333	22.11	6
2011-06-21 08:00:00	20.5	979.7	28800	1308643200	473198	23.11	6
2011-06-21 09:00:00	20.9	514.1	32400	1308646800	250235	23.11	6
2011-06-21 10:00:00	21.6	882.7	36000	1308650400	440593	24.11	6
2011-06-21 11:00:00	22.3	485.0	39600	1308654000	242843	25.11	6
2011-06-21 12:00:00	23.2	504.4	43200	1308657600	255870	26.11	6
2011-06-21 13:00:00	22.7	543.2	46800	1308661200	273297	25.11	6
2011-06-21 14:00:00	23.4	552.9	50400	1308664800	281840	26.11	6
2011-06-21 15:00:00	23.9	552.9	54000	1308668400	283957	26.11	6
2011-06-21 16:00:00	23.5	552.9	57600	1308672000	282150	26.11	6
2011-06-21 17:00:00	22.3	552.9	61200	1308675600	276974	25.11	6
2011-06-21 18:00:00	21.7	543.2	64800	1308679200	268586	24.11	6
2011-06-21 19:00:00	21.5	543.2	68400	1308682800	267614	24.11	6
2011-06-21 20:00:00	21.5	504.4	72000	1308686400	248257	24.11	6
2011-06-21 21:00:00	21.5	543.2	75600	1308690000	267614	24.11	6
2011-06-21 22:00:00	21.1	543.2	79200	1308693600	266309	24.11	6
2011-06-21 23:00:00	21.6	543.2	82800	1308697200	268065	24.11	6
2011-06-22 00:00:00	20.9	543.2	0	1308700800	264938	23.11	6
2011-06-22 01:00:00	21.1	514.1	3600	1308704400	251809	24.11	6
2011-06-22 02:00:00	20.9	504.4	7200	1308708000	245527	23.11	6
2011-06-22 03:00:00	21.1	494.7	10800	1308711600	242577	23.11	6
2011-06-22 04:00:00	20.3	58.2	14400	1308715200	48296	22.11	6
2011-06-22 05:00:00	21.4	58.2	18000	1308718800	49604	23.11	6
2011-06-22 06:00:00	22.0	58.2	21600	1308722400	50496	24.11	6
2011-06-22 07:00:00	23.2	58.2	25200	1308726000	51582	25.11	6
2011-06-22 08:00:00	23.7	58.2	28800	1308729600	52156	25.11	6
2011-06-22 09:00:00	24.2	514.1	32400	1308733200	265013	26.11	6
2011-06-22 10:00:00	24.2	485.0	36000	1308736800	250094	26.11	6
2011-06-22 11:00:00	23.8	533.5	39600	1308740400	272760	26.11	6
2011-06-22 12:00:00	23.5	58.2	43200	1308744000	51801	25.11	6
2011-06-22 13:00:00	24.1	455.9	46800	1308747600	235488	26.11	6
2011-06-22 14:00:00	24.1	485.0	50400	1308751200	249396	26.11	6
2011-06-22 15:00:00	23.5	494.7	54000	1308754800	251716	26.11	6
2011-06-22 16:00:00	23.5	485.0	57600	1308758400	246986	26.11	6
2011-06-22 17:00:00	24.7	475.3	61200	1308762000	251540	26.11	6
2011-06-22 18:00:00	24.4	543.2	64800	1308765600	283206	26.11	6
2011-06-22 19:00:00	24.1	58.2	68400	1308769200	52442	26.11	6
2011-06-22 20:00:00	23.5	504.4	72000	1308772800	256543	26.11	6
2011-06-22 21:00:00	23.2	485.0	75600	1308776400	246364	26.11	6
2011-06-22 22:00:00	23.4	58.2	79200	1308780000	51703	25.11	6
2011-06-22 23:00:00	23.8	58.2	82800	1308783600	52368	26.11	6
2011-06-23 00:00:00	23.8	58.2	0	1308787200	52368	26.11	6
2011-06-23 01:00:00	23.2	58.2	3600	1308790800	51582	25.11	6
2011-06-23 02:00:00	23.1	455.9	7200	1308794400	232453	25.11	6
2011-06-23 03:00:00	23.1	494.7	10800	1308798000	250816	25.11	6
2011-06-23 04:00:00	22.5	58.2	14400	1308801600	50815	24.11	6
2011-06-23 05:00:00	23.1	58.2	18000	1308805200	51542	25.11	6
2011-06-23 06:00:00	23.2	494.7	21600	1308808800	251068	26.11	6
2011-06-23 07:00:00	23.6	58.2	25200	1308812400	51943	25.11	6
2011-06-23 08:00:00	23.7	58.2	28800	1308816000	52156	25.11	6
2011-06-23 09:00:00	24.2	523.8	32400	1308819600	270191	26.11	6
2011-06-23 10:00:00	23.3	766.3	36000	1308823200	422867	26.11	6
2011-06-23 11:00:00	23.5	863.3	39600	1308826800	445430	26.11	6
2011-06-23 12:00:00	23.7	940.9	43200	1308830400	481219	26.11	6
2011-06-23 13:00:00	23.7	989.4	46800	1308834000	504623	26.11	6
2011-06-23 14:00:00	22.2	979.7	50400	1308837600	489831	25.11	6
2011-06-23 15:00:00	22.2	999.1	54000	1308841200	499089	25.11	6
2011-06-23 16:00:00	22.0	989.4	57600	1308844800	492282	24.11	6
2011-06-23 17:00:00	22.5	940.9	61200	1308848400	473195	25.11	6
2011-06-23 18:00:00	22.3	882.7	64800	1308852000	446712	25.11	6
2011-06-23 19:00:00	22.2	688.7	68400	1308855600	358845	25.11	6
2011-06-23 20:00:00	21.8	523.8	72000	1308859200	259190	24.11	6
2011-06-23 21:00:00	21.8	659.6	75600	1308862800	337309	24.11	6
2011-06-23 22:00:00	22.2	649.9	79200	1308866400	333458	25.11	6
2011-06-23 23:00:00	21.8	659.6	82800	1308870000	337309	24.11	6
2011-06-24 00:00:00	21.5	649.9	0	1308873600	328692	24.11	6
2011-06-24 01:00:00	21.5	543.2	3600	1308877200	267614	24.11	6
2011-06-24 02:00:00	21.3	562.6	7200	1308880800	277060	24.11	6
2011-06-24 03:00:00	20.5	572.3	10800	1308884400	277518	23.11	6
2011-06-24 04:00:00	21.1	591.7	14400	1308888000	292334	24.11	6
2011-06-24 05:00:00	21.4	611.1	18000	1308891600	304620	24.11	6
2011-06-24 06:00:00	22.0	688.7	21600	1308895200	358060	25.11	6
2011-06-24 07:00:00	22.3	785.7	25200	1308898800	429706	25.11	6
2011-06-24 08:00:00	22.9	679.0	28800	1308902400	357251	25.11	6
2011-06-24 09:00:00	22.2	58.2	32400	1308906000	50571	24.11	6
2011-06-24 10:00:00	21.6	58.2	36000	1308909600	49924	23.11	6
2011-06-24 11:00:00	20.6	698.4	39600	1308913200	354127	23.11	6
2011-06-24 12:00:00	19.8	58.2	43200	1308916800	48001	21.11	6
2011-06-24 13:00:00	20.8	58.2	46800	1308920400	49256	22.11	6
2011-06-24 14:00:00	21.0	58.2	50400	1308924000	49366	23.11	6
2011-06-24 15:00:00	20.8	58.2	54000	1308927600	49256	22.11	6
2011-06-24 16:00:00	20.4	58.2	57600	1308931200	48405	22.11	6
2011-06-24 17:00:00	19.1	58.2	61200	1308934800	46819	21.11	6
2011-06-24 18:00:00	18.6	58.2	64800	1308938400	46230	20.11	6
2011-06-24 19:00:00	18.5	58.2	68400	1308942000	46034	20.11	6
2011-06-24 20:00:00	18.1	58.2	72000	1308945600	45369	20.11	6
2011-06-24 21:00:00	17.7	58.2	75600	1308949200	44971	19.11	6
2011-06-24 22:00:00	18.0	58.2	79200	1308952800	45307	20.11	6
2011-06-24 23:00:00	17.9	58.2	82800	1308956400	45262	20.11	6
2011-06-25 00:00:00	17.9	58.2	0	1308960000	45262	20.11	6
2011-06-25 01:00:00	17.7	58.2	3600	1308963600	44971	19.11	6
2011-06-25 02:00:00	17.4	58.2	7200	1308967200	44383	19.11	6
2011-06-25 03:00:00	17.1	58.2	10800	1308970800	43827	19.11	6
2011-06-25 04:00:00	16.6	58.2	14400	1308974400	43209	18.11	6
2011-06-25 05:00:00	17.9	58.2	18000	1308978000	45262	20.11	6
2011-06-25 06:00:00	17.9	58.2	21600	1308981600	45262	20.11	6
2011-06-25 07:00:00	18.7	58.2	25200	1308985200	46429	20.11	6
2011-06-25 08:00:00	19.8	58.2	28800	1308988800	48001	21.11	6
2011-06-25 09:00:00	19.6	640.2	32400	1308992400	310505	22.11	6
2011-06-25 10:00:00	20.2	911.8	36000	1308996000	441835	23.11	6
2011-06-25 11:00:00	19.8	931.2	39600	1308999600	444310	22.11	6
2011-06-25 12:00:00	19.8	892.4	43200	1309003200	427960	22.11	6
2011-06-25 13:00:00	19.6	853.6	46800	1309006800	410694	22.11	6
2011-06-25 14:00:00	20.3	834.2	50400	1309010400	411223	23.11	6
2011-06-25 15:00:00	20.0	805.1	54000	1309014000	395898	22.11	6
2011-06-25 16:00:00	19.2	805.1	57600	1309017600	389179	21.11	6
2011-06-25 17:00:00	18.9	795.4	61200	1309021200	417629	18.11	6
2011-06-25 18:00:00	18.7	766.3	64800	1309024800	395846	18.11	6
2011-06-25 19:00:00	18.3	679.0	68400	1309028400	324124	21.11	6
2011-06-25 20:00:00	17.4	640.2	72000	1309032000	294228	20.11	6
2011-06-25 21:00:00	18.0	649.9	75600	1309035600	304585	21.11	6
2011-06-25 22:00:00	17.6	630.5	79200	1309039200	290747	20.11	6
2011-06-25 23:00:00	16.9	620.8	82800	1309042800	293282	16.11	6
2011-06-26 00:00:00	16.2	630.5	0	1309046400	279101	19.11	6
2011-06-26 01:00:00	16.0	640.2	3600	1309050000	282904	19.11	6
2011-06-26 02:00:00	14.6	766.3	7200	1309053600	346555	18.11	6
2011-06-26 03:00:00	14.8	785.7	10800	1309057200	361256	15.11	6
2011-06-26 04:00:00	15.2	776.0	14400	1309060800	365834	15.11	6
2011-06-26 05:00:00	16.3	814.8	18000	1309064400	358857	19.11	6
2011-06-26 06:00:00	17.7	805.1	21600	1309068000	371359	20.11	6
2011-06-26 07:00:00	18.0	863.3	25200	1309071600	397242	20.11	6
2011-06-26 08:00:00	18.4	843.9	28800	1309075200	394885	21.11	6
2011-06-26 09:00:00	18.5	58.2	32400	1309078800	46034	20.11	6
2011-06-26 10:00:00	19.4	58.2	36000	1309082400	47120	21.11	6
2011-06-26 11:00:00	18.6	58.2	39600	1309086000	46230	20.11	6
2011-06-26 12:00:00	19.5	58.2	43200	1309089600	47326	21.11	6
2011-06-26 13:00:00	19.4	58.2	46800	1309093200	47120	21.11	6
2011-06-26 14:00:00	19.0	58.2	50400	1309096800	46769	21.11	6
2011-06-26 15:00:00	18.9	58.2	54000	1309100400	46732	21.11	6
2011-06-26 16:00:00	18.4	58.2	57600	1309104000	45770	20.11	6
2011-06-26 17:00:00	18.2	58.2	61200	1309107600	45457	20.11	6
2011-06-26 18:00:00	18.8	58.2	64800	1309111200	46646	20.11	6
2011-06-26 19:00:00	18.7	58.2	68400	1309114800	46429	20.11	6
2011-06-26 20:00:00	18.9	58.2	72000	1309118400	46732	21.11	6
2011-06-26 21:00:00	18.9	58.2	75600	1309122000	46732	21.11	6
2011-06-26 22:00:00	18.6	58.2	79200	1309125600	46230	20.11	6
2011-06-26 23:00:00	19.1	58.2	82800	1309129200	46819	21.11	6
2011-06-27 00:00:00	18.9	58.2	0	1309132800	46732	21.11	6
2011-06-27 01:00:00	18.6	58.2	3600	1309136400	46230	20.11	6
2011-06-27 02:00:00	18.4	58.2	7200	1309140000	45770	20.11	6
2011-06-27 03:00:00	18.4	58.2	10800	1309143600	45770	20.11	6
2011-06-27 04:00:00	18.5	58.2	14400	1309147200	46034	20.11	6
2011-06-27 05:00:00	18.8	58.2	18000	1309150800	46646	20.11	6
2011-06-27 06:00:00	19.5	58.2	21600	1309154400	47326	21.11	6
2011-06-27 07:00:00	20.1	58.2	25200	1309158000	48165	22.11	6
2011-06-27 08:00:00	21.0	58.2	28800	1309161600	49366	23.11	6
2011-06-27 09:00:00	19.8	640.2	32400	1309165200	312593	22.11	6
2011-06-27 10:00:00	20.1	824.5	36000	1309168800	404596	22.11	6
2011-06-27 11:00:00	21.0	805.1	39600	1309172400	404705	23.11	6
2011-06-27 12:00:00	20.2	824.5	43200	1309176000	406200	22.11	6
2011-06-27 13:00:00	20.7	843.9	46800	1309179600	417119	23.11	6
2011-06-27 14:00:00	21.0	853.6	50400	1309183200	423714	23.11	6
2011-06-27 15:00:00	21.1	853.6	54000	1309186800	424988	23.11	6
2011-06-27 16:00:00	21.2	873.0	57600	1309190400	434600	23.11	6
2011-06-27 17:00:00	21.0	834.2	61200	1309194000	415967	23.11	6
2011-06-27 18:00:00	20.7	785.7	64800	1309197600	428492	20.11	6
2011-06-27 19:00:00	20.6	659.6	68400	1309201200	329065	23.11	6
2011-06-27 20:00:00	20.6	640.2	72000	1309204800	317088	23.11	6
2011-06-27 21:00:00	19.7	611.1	75600	1309208400	294432	22.11	6
2011-06-27 22:00:00	19.8	582.0	79200	1309212000	279122	22.11	6
2011-06-27 23:00:00	19.1	582.0	82800	1309215600	274567	22.11	6
2011-06-28 00:00:00	19.7	582.0	0	1309219200	278192	22.11	6
2011-06-28 01:00:00	19.2	649.9	3600	1309222800	313261	22.11	6
2011-06-28 02:00:00	19.5	776.0	7200	1309226400	399163	22.11	6
2011-06-28 03:00:00	19.8	785.7	10800	1309230000	419821	19.11	6
2011-06-28 04:00:00	20.5	776.0	14400	1309233600	407519	23.11	6
2011-06-28 05:00:00	21.6	785.7	18000	1309237200	424052	24.11	6
2011-06-28 06:00:00	22.7	795.4	21600	1309240800	440826	25.11	6
2011-06-28 07:00:00	23.4	795.4	25200	1309244400	446487	26.11	6
2011-06-28 08:00:00	23.6	814.8	28800	1309248000	425689	26.11	6
2011-06-28 09:00:00	23.4	58.2	32400	1309251600	51703	25.11	6
2011-06-28 10:00:00	23.3	58.2	36000	1309255200	51633	25.11	6
2011-06-28 11:00:00	23.7	58.2	39600	1309258800	52156	25.11	6
2011-06-28 12:00:00	24.0	58.2	43200	1309262400	52412	26.11	6
2011-06-28 13:00:00	24.0	659.6	46800	1309266000	350877	26.11	6
2011-06-28 14:00:00	24.8	514.1	50400	1309269600	274363	26.11	6
2011-06-28 15:00:00	24.7	688.7	54000	1309273200	383539	26.11	6
2011-06-28 16:00:00	24.7	485.0	57600	1309276800	256529	26.11	6
2011-06-28 17:00:00	24.0	601.4	61200	1309280400	313226	26.11	6
2011-06-28 18:00:00	22.4	58.2	64800	1309284000	50706	24.11	6
2011-06-28 19:00:00	22.5	58.2	68400	1309287600	50815	24.11	6
2011-06-28 20:00:00	23.1	58.2	72000	1309291200	51542	25.11	6
2011-06-28 21:00:00	22.2	58.2	75600	1309294800	50571	24.11	6
2011-06-28 22:00:00	21.8	58.2	79200	1309298400	50410	23.11	6
2011-06-28 23:00:00	21.5	58.2	82800	1309302000	49733	23.11	6
2011-06-29 00:00:00	21.6	58.2	0	1309305600	49924	23.11	6
2011-06-29 01:00:00	21.6	58.2	3600	1309309200	49924	23.11	6
2011-06-29 02:00:00	21.4	58.2	7200	1309312800	49604	23.11	6
2011-06-29 03:00:00	20.9	58.2	10800	1309316400	49337	23.11	6
2011-06-29 04:00:00	20.5	58.2	14400	1309320000	48564	22.11	6
2011-06-29 05:00:00	20.4	58.2	18000	1309323600	48405	22.11	6
2011-06-29 06:00:00	20.6	58.2	21600	1309327200	48800	22.11	6
2011-06-29 07:00:00	19.3	58.2	25200	1309330800	46981	21.11	6
2011-06-29 08:00:00	18.9	989.4	28800	1309334400	460748	21.11	6
2011-06-29 09:00:00	18.5	582.0	32400	1309338000	270133	21.11	6
2011-06-29 10:00:00	18.6	58.2	36000	1309341600	46230	20.11	6
2011-06-29 11:00:00	18.5	58.2	39600	1309345200	46034	20.11	6
2011-06-29 12:00:00	18.9	58.2	43200	1309348800	46732	21.11	6
2011-06-29 13:00:00	18.9	58.2	46800	1309352400	46732	21.11	6
2011-06-29 14:00:00	18.8	58.2	50400	1309356000	46646	20.11	6
2011-06-29 15:00:00	19.3	58.2	54000	1309359600	46981	21.11	6
2011-06-29 16:00:00	18.8	58.2	57600	1309363200	46646	20.11	6
2011-06-29 17:00:00	18.9	58.2	61200	1309366800	46732	21.11	6
2011-06-29 18:00:00	18.6	58.2	64800	1309370400	46230	20.11	6
2011-06-29 19:00:00	18.3	58.2	68400	1309374000	45583	20.11	6
2011-06-29 20:00:00	17.7	582.0	72000	1309377600	265200	20.11	6
2011-06-29 21:00:00	17.1	58.2	75600	1309381200	43827	19.11	6
2011-06-29 22:00:00	16.7	58.2	79200	1309384800	43412	18.11	6
2011-06-29 23:00:00	16.8	58.2	82800	1309388400	43638	18.11	6
2011-06-30 00:00:00	16.1	58.2	0	1309392000	42211	18.11	6
2011-06-30 01:00:00	15.7	572.3	3600	1309395600	258825	15.11	6
2011-06-30 02:00:00	15.0	630.5	7200	1309399200	269097	18.11	6
2011-06-30 03:00:00	15.0	620.8	10800	1309402800	263909	18.11	6
2011-06-30 04:00:00	15.2	601.4	14400	1309406400	255381	18.11	6
2011-06-30 05:00:00	15.7	601.4	18000	1309410000	272719	15.11	6
2011-06-30 06:00:00	17.1	58.2	21600	1309413600	43827	19.11	6
2011-06-30 07:00:00	17.4	58.2	25200	1309417200	44383	19.11	6
2011-06-30 08:00:00	17.7	58.2	28800	1309420800	44971	19.11	6
2011-06-30 09:00:00	17.4	58.2	32400	1309424400	44383	19.11	6
2011-06-30 10:00:00	17.8	58.2	36000	1309428000	45191	19.11	6
2011-06-30 11:00:00	18.2	58.2	39600	1309431600	45457	20.11	6
2011-06-30 12:00:00	18.5	58.2	43200	1309435200	46034	20.11	6
2011-06-30 13:00:00	18.5	58.2	46800	1309438800	46034	20.11	6
2011-06-30 14:00:00	18.4	58.2	50400	1309442400	45770	20.11	6
2011-06-30 15:00:00	18.2	58.2	54000	1309446000	45457	20.11	6
2011-06-30 16:00:00	17.9	58.2	57600	1309449600	45262	20.11	6
2011-06-30 17:00:00	16.6	58.2	61200	1309453200	43209	18.11	6
2011-06-30 18:00:00	17.1	58.2	64800	1309456800	43827	19.11	6
2011-06-30 19:00:00	16.6	58.2	68400	1309460400	43209	18.11	6
2011-06-30 20:00:00	16.1	58.2	72000	1309464000	42211	18.11	6
2011-06-30 21:00:00	15.5	58.2	75600	1309467600	41354	17.11	6
2011-06-30 22:00:00	15.8	58.2	79200	1309471200	41948	18.11	6
2011-06-30 23:00:00	15.4	58.2	82800	1309474800	41179	17.11	6
