	Twet	Load	Hour(s)	TimeStamp(s)	Power	Tset	month
2012-06-01 00:00:00	14.6	611.1	0	1338508800	256353	18.11	6
2012-06-01 01:00:00	14.9	582.0	3600	1338512400	243371	18.11	6
2012-06-01 02:00:00	14.7	611.1	7200	1338516000	256874	18.11	6
2012-06-01 03:00:00	15.5	1358.0	10800	1338519600	622625	15.11	6
2012-06-01 04:00:00	17.8	1319.2	14400	1338523200	644307	17.11	6
2012-06-01 05:00:00	18.5	1231.9	18000	1338526800	577350	21.11	6
2012-06-01 06:00:00	18.8	1270.7	21600	1338530400	605734	22.11	6
2012-06-01 07:00:00	18.3	1319.2	25200	1338534000	624669	21.11	6
2012-06-01 08:00:00	18.5	1367.7	28800	1338537600	658056	21.11	6
2012-06-01 09:00:00	19.8	1445.3	32400	1338541200	755407	19.11	6
2012-06-01 10:00:00	20.1	446.2	36000	1338544800	216057	22.11	6
2012-06-01 11:00:00	21.0	873.0	39600	1338548400	431654	23.11	6
2012-06-01 12:00:00	21.0	931.2	43200	1338552000	456632	23.11	6
2012-06-01 13:00:00	21.8	989.4	46800	1338555600	489824	24.11	6
2012-06-01 14:00:00	21.8	931.2	50400	1338559200	463003	24.11	6
2012-06-01 15:00:00	20.8	931.2	54000	1338562800	454192	23.11	6
2012-06-01 16:00:00	21.4	785.7	57600	1338566400	422126	24.11	6
2012-06-01 17:00:00	20.7	1367.7	61200	1338570000	691095	23.11	6
2012-06-01 18:00:00	20.5	950.6	64800	1338573600	460155	23.11	6
2012-06-01 19:00:00	20.3	795.4	68400	1338577200	420024	23.11	6
2012-06-01 20:00:00	20.3	805.1	72000	1338580800	400318	23.11	6
2012-06-01 21:00:00	15.4	465.6	75600	1338584400	194501	18.11	6
2012-06-01 22:00:00	15.6	698.4	79200	1338588000	323229	15.11	6
2012-06-01 23:00:00	16.0	669.3	82800	1338591600	299455	19.11	6
2012-06-02 00:00:00	16.0	649.9	0	1338595200	288335	19.11	6
2012-06-02 01:00:00	15.7	611.1	3600	1338598800	277509	15.11	6
2012-06-02 02:00:00	14.8	446.2	7200	1338602400	182908	17.11	6
2012-06-02 03:00:00	13.5	1028.2	10800	1338606000	400893	16.11	6
2012-06-02 04:00:00	13.2	611.1	14400	1338609600	243381	16.11	6
2012-06-02 05:00:00	13.4	620.8	18000	1338613200	250909	16.11	6
2012-06-02 06:00:00	13.6	640.2	21600	1338616800	262420	17.11	6
2012-06-02 07:00:00	14.2	601.4	25200	1338620400	247034	17.11	6
2012-06-02 08:00:00	14.2	679.0	28800	1338624000	289353	17.11	6
2012-06-02 09:00:00	14.3	766.3	32400	1338627600	344347	17.11	6
2012-06-02 10:00:00	13.6	572.3	36000	1338631200	228437	17.11	6
2012-06-02 11:00:00	13.8	1270.7	39600	1338634800	522508	17.11	6
2012-06-02 12:00:00	14.5	1319.2	43200	1338638400	563329	18.11	6
2012-06-02 13:00:00	14.5	1367.7	46800	1338642000	590699	18.11	6
2012-06-02 14:00:00	14.5	1319.2	50400	1338645600	563329	18.11	6
2012-06-02 15:00:00	14.7	1425.9	54000	1338649200	627791	18.11	6
2012-06-02 16:00:00	14.9	1319.2	57600	1338652800	568655	18.11	6
2012-06-02 17:00:00	14.0	1328.9	61200	1338656400	557787	17.11	6
2012-06-02 18:00:00	13.8	1309.5	64800	1338660000	543444	17.11	6
2012-06-02 19:00:00	13.7	1290.1	68400	1338663600	531383	17.11	6
2012-06-02 20:00:00	13.3	649.9	72000	1338667200	265228	16.11	6
2012-06-02 21:00:00	12.8	591.7	75600	1338670800	229942	16.11	6
2012-06-02 22:00:00	12.3	572.3	79200	1338674400	216609	15.11	6
2012-06-02 23:00:00	12.3	582.0	82800	1338678000	221293	15.11	6
2012-06-03 01:00:00	11.8	562.6	3600	1338685200	207118	15.11	6
2012-06-03 02:00:00	11.3	591.7	7200	1338688800	217270	15.11	6
2012-06-03 03:00:00	11.0	1251.3	10800	1338692400	463928	15.11	6
2012-06-03 04:00:00	10.7	1222.2	14400	1338696000	447481	15.11	6
2012-06-03 05:00:00	12.0	1164.0	18000	1338699600	435861	15.11	6
2012-06-03 06:00:00	13.5	1251.3	21600	1338703200	508401	17.11	6
2012-06-03 07:00:00	14.1	1222.2	25200	1338706800	502137	17.11	6
2012-06-03 08:00:00	15.0	1377.4	28800	1338710400	603934	18.11	6
2012-06-03 09:00:00	15.5	1319.2	32400	1338714000	601452	15.11	6
2012-06-03 10:00:00	15.4	601.4	36000	1338717600	257315	18.11	6
2012-06-03 11:00:00	15.9	640.2	39600	1338721200	294243	15.11	6
2012-06-03 12:00:00	16.1	708.1	43200	1338724800	323623	19.11	6
2012-06-03 13:00:00	16.3	727.5	46800	1338728400	337954	19.11	6
2012-06-03 14:00:00	15.6	746.9	50400	1338732000	351964	15.11	6
2012-06-03 15:00:00	16.3	766.3	54000	1338735600	371453	16.11	6
2012-06-03 16:00:00	16.3	766.3	57600	1338739200	371453	16.11	6
2012-06-03 17:00:00	16.1	785.7	61200	1338742800	374271	19.11	6
2012-06-03 18:00:00	15.4	824.5	64800	1338746400	349101	18.11	6
2012-06-03 19:00:00	14.5	776.0	68400	1338750000	358560	15.11	6
2012-06-03 20:00:00	14.2	766.3	72000	1338753600	342947	17.11	6
2012-06-03 21:00:00	14.2	582.0	75600	1338757200	237263	17.11	6
2012-06-03 22:00:00	14.5	746.9	79200	1338760800	333369	18.11	6
2012-06-03 23:00:00	14.2	717.8	82800	1338764400	312406	17.11	6
2012-06-04 00:00:00	14.3	708.1	0	1338768000	307822	17.11	6
2012-06-04 01:00:00	15.0	698.4	3600	1338771600	307739	18.11	6
2012-06-04 02:00:00	14.6	562.6	7200	1338775200	232089	17.11	6
2012-06-04 03:00:00	14.3	572.3	10800	1338778800	233449	17.11	6
2012-06-04 04:00:00	14.0	582.0	14400	1338782400	235568	17.11	6
2012-06-04 05:00:00	13.9	552.9	18000	1338786000	221055	17.11	6
2012-06-04 06:00:00	14.9	552.9	21600	1338789600	229423	18.11	6
2012-06-04 07:00:00	15.7	533.5	25200	1338793200	226808	18.11	6
2012-06-04 08:00:00	14.8	582.0	28800	1338796800	242804	18.11	6
2012-06-04 09:00:00	14.5	620.8	32400	1338800400	260687	17.11	6
2012-06-04 10:00:00	14.5	465.6	36000	1338804000	187774	17.11	6
2012-06-04 11:00:00	14.5	1144.6	39600	1338807600	471265	17.11	6
2012-06-04 12:00:00	14.3	58.2	43200	1338811200	39237	16.11	6
2012-06-04 13:00:00	14.3	1348.3	46800	1338814800	575553	17.11	6
2012-06-04 14:00:00	14.7	1348.3	50400	1338818400	582170	18.11	6
2012-06-04 15:00:00	14.0	1406.5	54000	1338822000	602604	17.11	6
2012-06-04 16:00:00	14.8	1416.2	57600	1338825600	623546	18.11	6
2012-06-04 17:00:00	14.3	1435.6	61200	1338829200	627433	17.11	6
2012-06-04 18:00:00	14.3	1377.4	64800	1338832800	592500	17.11	6
2012-06-04 19:00:00	14.1	1367.7	68400	1338836400	582017	17.11	6
2012-06-04 20:00:00	14.0	737.2	72000	1338840000	321947	17.11	6
2012-06-04 21:00:00	14.2	455.9	75600	1338843600	181999	17.11	6
2012-06-04 22:00:00	14.2	601.4	79200	1338847200	247034	17.11	6
2012-06-04 23:00:00	13.4	601.4	82800	1338850800	240829	16.11	6
2012-06-05 00:00:00	13.2	611.1	0	1338854400	243381	16.11	6
2012-06-05 01:00:00	12.9	611.1	3600	1338858000	240384	16.11	6
2012-06-05 02:00:00	12.6	455.9	7200	1338861600	169533	15.11	6
2012-06-05 03:00:00	12.3	669.3	10800	1338865200	266350	16.11	6
2012-06-05 04:00:00	12.0	659.6	14400	1338868800	257510	15.11	6
2012-06-05 05:00:00	11.8	679.0	18000	1338872400	265853	15.11	6
2012-06-05 06:00:00	11.5	688.7	21600	1338876000	268270	15.11	6
2012-06-05 07:00:00	11.7	727.5	25200	1338879600	292428	15.11	6
2012-06-05 08:00:00	11.9	795.4	28800	1338883200	268866	15.11	6
2012-06-05 09:00:00	11.9	960.3	32400	1338886800	346141	15.11	6
2012-06-05 10:00:00	12.4	727.5	36000	1338890400	300072	16.11	6
2012-06-05 11:00:00	12.7	1935.15	39600	1338894000	768783	16.11	6
2012-06-05 12:00:00	13.4	1920.6	43200	1338897600	783679	17.11	6
2012-06-05 13:00:00	12.9	2007.9	46800	1338901200	813766	16.11	6
2012-06-05 14:00:00	12.9	1935.15	50400	1338904800	774133	16.11	6
2012-06-05 15:00:00	13.4	1964.25	54000	1338908400	806923	17.11	6
2012-06-05 16:00:00	13.1	2007.9	57600	1338912000	820389	16.11	6
2012-06-05 17:00:00	12.9	1964.25	61200	1338915600	789810	16.11	6
2012-06-05 18:00:00	12.7	1964.25	64800	1338919200	784318	16.11	6
2012-06-05 19:00:00	12.0	931.2	68400	1338922800	336248	15.11	6
2012-06-05 20:00:00	11.8	800.25	72000	1338926400	289429	15.11	6
2012-06-05 21:00:00	12.3	800.25	75600	1338930000	293842	15.11	6
2012-06-05 22:00:00	11.5	683.85	79200	1338933600	265596	15.11	6
2012-06-05 23:00:00	11.0	640.2	82800	1338937200	239186	15.11	6
2012-06-06 00:00:00	11.3	654.75	0	1338940800	248443	15.11	6
2012-06-06 01:00:00	10.7	654.75	3600	1338944400	245132	15.11	6
2012-06-06 02:00:00	10.5	771.15	7200	1338948000	263440	15.11	6
2012-06-06 03:00:00	9.7	2037.0	10800	1338951600	763472	15.11	6
2012-06-06 04:00:00	9.7	1906.05	14400	1338955200	698368	15.11	6
2012-06-06 05:00:00	11.5	1731.45	18000	1338958800	635060	15.11	6
2012-06-06 06:00:00	13.3	1702.35	21600	1338962400	668368	16.11	6
2012-06-06 07:00:00	13.9	1775.1	25200	1338966000	718781	17.11	6
2012-06-06 08:00:00	14.1	2095.2	28800	1338969600	898597	17.11	6
2012-06-06 09:00:00	14.5	1891.5	32400	1338973200	797793	17.11	6
2012-06-06 10:00:00	13.6	552.9	36000	1338976800	219487	17.11	6
2012-06-06 11:00:00	14.3	1251.3	39600	1338980400	521608	17.11	6
2012-06-06 12:00:00	14.3	1251.3	43200	1338984000	521608	17.11	6
2012-06-06 13:00:00	15.0	1280.4	46800	1338987600	548730	18.11	6
2012-06-06 14:00:00	14.7	1319.2	50400	1338991200	565747	18.11	6
2012-06-06 15:00:00	15.4	1319.2	54000	1338994800	578596	18.11	6
2012-06-06 16:00:00	15.3	1358.0	57600	1338998400	598784	18.11	6
2012-06-06 17:00:00	15.3	1261.0	61200	1339002000	543686	18.11	6
2012-06-06 18:00:00	15.2	1280.4	64800	1339005600	552326	18.11	6
2012-06-06 19:00:00	14.5	1173.7	68400	1339009200	485875	17.11	6
2012-06-06 20:00:00	14.1	1173.7	72000	1339012800	477539	17.11	6
2012-06-06 21:00:00	13.8	552.9	75600	1339016400	220472	17.11	6
2012-06-06 22:00:00	13.6	863.3	79200	1339020000	335992	16.11	6
2012-06-06 23:00:00	13.1	1086.4	82800	1339023600	419093	16.11	6
2012-06-07 00:00:00	12.9	814.8	0	1339027200	309952	15.11	6
2012-06-07 01:00:00	12.6	1222.2	3600	1339030800	476128	16.11	6
2012-06-07 02:00:00	12.4	572.3	7200	1339034400	217893	15.11	6
2012-06-07 03:00:00	12.9	1144.6	10800	1339038000	442798	16.11	6
2012-06-07 04:00:00	12.4	1125.2	14400	1339041600	426507	15.11	6
2012-06-07 05:00:00	13.9	1057.3	18000	1339045200	420308	17.11	6
2012-06-07 06:00:00	14.6	1076.7	21600	1339048800	440887	17.11	6
2012-06-07 07:00:00	16.0	1086.4	25200	1339052400	466714	19.11	6
2012-06-07 08:00:00	16.3	863.3	28800	1339056000	376197	19.11	6
2012-06-07 09:00:00	16.7	1183.4	32400	1339059600	526541	19.11	6
2012-06-07 10:00:00	17.3	649.9	36000	1339063200	298912	20.11	6
2012-06-07 11:00:00	17.0	688.7	39600	1339066800	319556	20.11	6
2012-06-07 12:00:00	16.6	708.1	43200	1339070400	338775	16.11	6
2012-06-07 13:00:00	16.9	717.8	46800	1339074000	347496	16.11	6
2012-06-07 14:00:00	17.6	737.2	50400	1339077600	366271	17.11	6
2012-06-07 15:00:00	16.8	785.7	54000	1339081200	389320	16.11	6
2012-06-07 16:00:00	17.2	776.0	57600	1339084800	378157	20.11	6
2012-06-07 17:00:00	16.8	805.1	61200	1339088400	360119	19.11	6
2012-06-07 18:00:00	15.4	814.8	64800	1339092000	345739	18.11	6
2012-06-07 19:00:00	15.1	853.6	68400	1339095600	357012	18.11	6
2012-06-07 20:00:00	14.6	882.7	72000	1339099200	358244	17.11	6
2012-06-07 21:00:00	14.2	630.5	75600	1339102800	262303	17.11	6
2012-06-07 22:00:00	14.0	853.6	79200	1339106400	341088	17.11	6
2012-06-07 23:00:00	12.9	834.2	82800	1339110000	317053	15.11	6
2012-06-08 00:00:00	12.9	814.8	0	1339113600	309952	15.11	6
2012-06-08 01:00:00	12.4	824.5	3600	1339117200	303286	15.11	6
2012-06-08 02:00:00	12.1	630.5	7200	1339120800	243256	15.11	6
2012-06-08 03:00:00	11.8	620.8	10800	1339124400	235081	15.11	6
2012-06-08 04:00:00	11.3	630.5	14400	1339128000	236055	15.11	6
2012-06-08 05:00:00	13.4	620.8	18000	1339131600	250909	16.11	6
2012-06-08 06:00:00	15.1	601.4	21600	1339135200	254544	18.11	6
2012-06-08 07:00:00	16.4	611.1	25200	1339138800	270339	19.11	6
2012-06-08 08:00:00	17.2	591.7	28800	1339142400	266026	20.11	6
2012-06-08 09:00:00	17.6	640.2	32400	1339146000	296323	20.11	6
2012-06-08 10:00:00	17.7	679.0	36000	1339149600	332256	17.11	6
2012-06-08 11:00:00	18.2	1125.2	39600	1339153200	516514	21.11	6
2012-06-08 12:00:00	18.0	1028.2	43200	1339156800	468606	21.11	6
2012-06-08 13:00:00	17.8	940.9	46800	1339160400	425694	20.11	6
2012-06-08 14:00:00	17.5	1173.7	50400	1339164000	531544	20.11	6
2012-06-08 15:00:00	17.5	950.6	54000	1339167600	425775	20.11	6
2012-06-08 16:00:00	17.0	679.0	57600	1339171200	313694	20.11	6
2012-06-08 17:00:00	17.1	1231.9	61200	1339174800	556633	20.11	6
2012-06-08 18:00:00	16.4	1047.6	64800	1339178400	453457	19.11	6
2012-06-08 19:00:00	16.7	1261.0	68400	1339182000	593057	16.11	6
2012-06-08 20:00:00	15.6	902.1	72000	1339185600	380196	18.11	6
2012-06-08 21:00:00	15.5	814.8	75600	1339189200	346676	18.11	6
2012-06-08 22:00:00	15.5	1212.5	79200	1339192800	521985	18.11	6
2012-06-08 23:00:00	15.5	911.8	82800	1339196400	382592	18.11	6
2012-06-09 00:00:00	14.9	1154.3	0	1339200000	481977	18.11	6
2012-06-09 01:00:00	14.1	1173.7	3600	1339203600	477539	17.11	6
2012-06-09 02:00:00	14.6	805.1	7200	1339207200	330105	17.11	6
2012-06-09 03:00:00	14.4	805.1	10800	1339210800	327810	17.11	6
2012-06-09 04:00:00	14.4	795.4	14400	1339214400	339329	15.11	6
2012-06-09 05:00:00	15.1	785.7	18000	1339218000	372704	15.11	6
2012-06-09 06:00:00	16.7	785.7	21600	1339221600	388260	16.11	6
2012-06-09 07:00:00	17.7	795.4	25200	1339225200	405285	17.11	6
2012-06-09 08:00:00	18.2	834.2	28800	1339228800	389893	20.11	6
2012-06-09 09:00:00	18.8	873.0	32400	1339232400	409488	21.11	6
2012-06-09 10:00:00	18.8	834.2	36000	1339236000	394471	21.11	6
2012-06-09 11:00:00	18.8	1261.0	39600	1339239600	600179	22.11	6
2012-06-09 12:00:00	18.9	1319.2	43200	1339243200	663531	18.11	6
2012-06-09 13:00:00	19.1	1309.5	46800	1339246800	631165	22.11	6
2012-06-09 14:00:00	18.8	1328.9	50400	1339250400	667360	18.11	6
2012-06-09 15:00:00	19.1	1416.2	54000	1339254000	697847	22.11	6
2012-06-09 16:00:00	18.2	1309.5	57600	1339257600	617385	21.11	6
2012-06-09 17:00:00	18.3	1338.6	61200	1339261200	636367	21.11	6
2012-06-09 18:00:00	18.3	1290.1	64800	1339264800	607455	21.11	6
2012-06-09 19:00:00	17.6	1251.3	68400	1339268400	575977	20.11	6
2012-06-09 20:00:00	17.6	1164.0	72000	1339272000	528316	20.11	6
2012-06-09 21:00:00	17.3	834.2	75600	1339275600	378729	20.11	6
2012-06-09 22:00:00	17.3	834.2	79200	1339279200	378729	20.11	6
2012-06-09 23:00:00	17.3	795.4	82800	1339282800	392892	20.11	6
2012-06-10 00:00:00	17.1	795.4	0	1339286400	390671	20.11	6
2012-06-10 01:00:00	16.4	814.8	3600	1339290000	359559	19.11	6
2012-06-10 02:00:00	16.2	814.8	7200	1339293600	358239	19.11	6
2012-06-10 03:00:00	16.4	1231.9	10800	1339297200	545928	19.11	6
2012-06-10 04:00:00	16.4	1173.7	14400	1339300800	515036	19.11	6
2012-06-10 05:00:00	17.5	1154.3	18000	1339304400	521404	20.11	6
2012-06-10 06:00:00	18.6	1144.6	21600	1339308000	531659	21.11	6
2012-06-10 07:00:00	19.6	1144.6	25200	1339311600	544340	22.11	6
2012-06-10 08:00:00	20.6	1193.1	28800	1339315200	582999	23.11	6
2012-06-10 09:00:00	20.1	1231.9	32400	1339318800	599700	23.11	6
2012-06-10 10:00:00	20.1	902.1	36000	1339322400	436240	22.11	6
2012-06-10 11:00:00	20.2	1231.9	39600	1339326000	600548	23.11	6
2012-06-10 12:00:00	20.2	1241.6	43200	1339329600	606141	23.11	6
2012-06-10 13:00:00	20.9	1261.0	46800	1339333200	628284	23.11	6
2012-06-10 14:00:00	20.4	1202.8	50400	1339336800	585978	23.11	6
2012-06-10 15:00:00	21.1	1367.7	54000	1339340400	696445	24.11	6
2012-06-10 16:00:00	21.6	1134.9	57600	1339344000	561967	24.11	6
2012-06-10 17:00:00	21.5	1164.0	61200	1339347600	576976	24.11	6
2012-06-10 18:00:00	20.3	1193.1	64800	1339351200	579526	23.11	6
2012-06-10 19:00:00	20.0	1193.1	68400	1339354800	577168	23.11	6
2012-06-10 20:00:00	19.7	1144.6	72000	1339358400	545920	22.11	6
2012-06-10 21:00:00	19.4	1164.0	75600	1339362000	552048	22.11	6
2012-06-10 22:00:00	19.2	1144.6	79200	1339365600	539781	22.11	6
2012-06-10 23:00:00	18.7	1144.6	82800	1339369200	533455	21.11	6
2012-06-11 00:00:00	18.3	1154.3	0	1339372800	532460	21.11	6
2012-06-11 01:00:00	18.1	1154.3	3600	1339376400	530382	21.11	6
2012-06-11 02:00:00	17.7	1164.0	7200	1339380000	530396	20.11	6
2012-06-11 03:00:00	17.5	1125.2	10800	1339383600	506525	20.11	6
2012-06-11 04:00:00	17.7	882.7	14400	1339387200	400433	20.11	6
2012-06-11 05:00:00	19.2	1144.6	18000	1339390800	539781	22.11	6
2012-06-11 06:00:00	20.7	1125.2	21600	1339394400	547154	23.11	6
2012-06-11 07:00:00	21.2	1173.7	25200	1339398000	579895	24.11	6
2012-06-11 08:00:00	21.2	1144.6	28800	1339401600	563892	24.11	6
2012-06-11 09:00:00	21.0	950.6	32400	1339405200	465345	23.11	6
2012-06-11 10:00:00	21.5	795.4	36000	1339408800	430480	24.11	6
2012-06-11 11:00:00	21.0	1261.0	39600	1339412400	628980	24.11	6
2012-06-11 12:00:00	21.5	1290.1	43200	1339416000	651325	24.11	6
2012-06-11 13:00:00	21.3	1290.1	46800	1339419600	649064	24.11	6
2012-06-11 14:00:00	21.2	1299.8	50400	1339423200	654128	24.11	6
2012-06-11 15:00:00	20.9	1319.2	54000	1339426800	663931	24.11	6
2012-06-11 16:00:00	20.7	1425.9	57600	1339430400	729925	23.11	6
2012-06-11 17:00:00	20.5	1425.9	61200	1339434000	725882	23.11	6
2012-06-11 18:00:00	20.1	1358.0	64800	1339437600	675781	23.11	6
2012-06-11 19:00:00	19.7	1358.0	68400	1339441200	670983	22.11	6
2012-06-11 20:00:00	18.9	1173.7	72000	1339444800	552821	22.11	6
2012-06-11 21:00:00	18.8	776.0	75600	1339448400	403336	18.11	6
2012-06-11 22:00:00	19.7	1328.9	79200	1339452000	652647	22.11	6
2012-06-11 23:00:00	20.5	1115.5	82800	1339455600	539609	23.11	6
2012-06-12 00:00:00	20.3	1115.5	0	1339459200	537791	23.11	6
2012-06-12 01:00:00	20.6	814.8	3600	1339462800	405314	23.11	6
2012-06-12 02:00:00	20.6	756.6	7200	1339466400	394450	23.11	6
2012-06-12 03:00:00	19.4	1261.0	10800	1339470000	606271	22.11	6
2012-06-12 04:00:00	19.2	1154.3	14400	1339473600	544859	22.11	6
2012-06-12 05:00:00	19.5	1144.6	18000	1339477200	542961	22.11	6
2012-06-12 06:00:00	20.3	1231.9	21600	1339480800	601508	23.11	6
2012-06-12 07:00:00	20.7	853.6	25200	1339484400	420945	23.11	6
2012-06-12 08:00:00	20.9	1212.5	28800	1339488000	599435	23.11	6
2012-06-12 09:00:00	21.6	1261.0	32400	1339491600	634756	24.11	6
2012-06-12 10:00:00	22.2	1144.6	36000	1339495200	574571	25.11	6
2012-06-12 11:00:00	21.6	1493.8	39600	1339498800	790279	24.11	6
2012-06-12 12:00:00	21.4	1590.8	43200	1339502400	859082	24.11	6
2012-06-12 13:00:00	22.0	1668.4	46800	1339506000	833087	24.11	6
2012-06-12 14:00:00	21.6	1697.5	50400	1339509600	840310	24.11	6
2012-06-12 15:00:00	21.8	1736.3	54000	1339513200	865596	24.11	6
2012-06-12 16:00:00	22.0	1707.2	57600	1339516800	854509	24.11	6
2012-06-12 17:00:00	22.2	1678.1	61200	1339520400	840553	25.11	6
2012-06-12 18:00:00	22.5	1600.5	64800	1339524000	802074	25.11	6
2012-06-12 19:00:00	22.4	1542.3	68400	1339527600	838465	25.11	6
2012-06-12 20:00:00	22.5	1484.1	72000	1339531200	796411	25.11	6
2012-06-12 21:00:00	22.5	1134.9	75600	1339534800	571211	25.11	6
2012-06-12 22:00:00	22.0	1396.8	79200	1339538400	729230	25.11	6
2012-06-12 23:00:00	21.4	1328.9	82800	1339542000	674529	24.11	6
2012-06-13 00:00:00	20.5	1319.2	0	1339545600	656469	23.11	6
2012-06-13 01:00:00	20.0	1319.2	3600	1339549200	650641	23.11	6
2012-06-13 02:00:00	19.2	1125.2	7200	1339552800	529761	22.11	6
2012-06-13 03:00:00	19.2	1319.2	10800	1339556400	638183	22.11	6
2012-06-13 04:00:00	18.9	1270.7	14400	1339560000	636414	18.11	6
2012-06-13 05:00:00	18.4	1270.7	18000	1339563600	597773	21.11	6
2012-06-13 06:00:00	17.7	1299.8	21600	1339567200	631774	17.11	6
2012-06-13 07:00:00	17.3	1309.5	25200	1339570800	603467	20.11	6
2012-06-13 08:00:00	16.1	1377.4	28800	1339574400	623562	19.11	6
2012-06-13 09:00:00	16.2	1416.2	32400	1339578000	649229	19.11	6
2012-06-13 10:00:00	16.2	814.8	36000	1339581600	358239	19.11	6
2012-06-13 11:00:00	16.9	1425.9	39600	1339585200	689169	16.11	6
2012-06-13 12:00:00	16.7	999.1	43200	1339588800	436408	19.11	6
2012-06-13 13:00:00	16.5	1891.5	46800	1339592400	846163	19.11	6
2012-06-13 14:00:00	16.7	1697.5	50400	1339596000	749507	19.11	6
2012-06-13 15:00:00	16.7	1707.2	54000	1339599600	754446	19.11	6
2012-06-13 16:00:00	16.8	1726.6	57600	1339603200	809792	16.11	6
2012-06-13 17:00:00	17.0	1629.6	61200	1339606800	722541	20.11	6
2012-06-13 18:00:00	15.9	1522.9	64800	1339610400	728316	15.11	6
2012-06-13 19:00:00	15.5	1542.3	68400	1339614000	732019	15.11	6
2012-06-13 20:00:00	15.3	1338.6	72000	1339617600	587440	18.11	6
2012-06-13 21:00:00	15.6	834.2	75600	1339621200	354645	18.11	6
2012-06-13 22:00:00	15.6	58.2	79200	1339624800	41545	17.11	6
2012-06-13 23:00:00	15.4	1008.8	82800	1339628400	421406	18.11	6
2012-06-14 00:00:00	14.9	58.2	0	1339632000	40247	17.11	6
2012-06-14 01:00:00	15.4	1328.9	3600	1339635600	604736	15.11	6
2012-06-14 02:00:00	15.2	843.9	7200	1339639200	354278	18.11	6
2012-06-14 03:00:00	15.0	1212.5	10800	1339642800	512565	18.11	6
2012-06-14 04:00:00	14.5	1193.1	14400	1339646400	495817	17.11	6
2012-06-14 05:00:00	15.0	1173.7	18000	1339650000	492830	18.11	6
2012-06-14 06:00:00	15.8	1164.0	21600	1339653600	528536	15.11	6
2012-06-14 07:00:00	17.0	1222.2	25200	1339657200	550205	20.11	6
2012-06-14 08:00:00	18.2	1309.5	28800	1339660800	617385	21.11	6
2012-06-14 09:00:00	18.3	1358.0	32400	1339664400	648242	21.11	6
2012-06-14 10:00:00	18.8	1309.5	36000	1339668000	656320	18.11	6
2012-06-14 11:00:00	19.1	1474.4	39600	1339671600	736526	22.11	6
2012-06-14 12:00:00	19.7	1571.4	43200	1339675200	837677	19.11	6
2012-06-14 13:00:00	18.9	1619.9	46800	1339678800	756388	21.11	6
2012-06-14 14:00:00	19.1	1610.2	50400	1339682400	754856	22.11	6
2012-06-14 15:00:00	18.5	1687.8	54000	1339686000	780092	21.11	6
2012-06-14 16:00:00	19.2	1668.4	57600	1339689600	784771	22.11	6
2012-06-14 17:00:00	19.1	1639.3	61200	1339693200	769109	22.11	6
2012-06-14 18:00:00	19.1	1522.9	64800	1339696800	769991	22.11	6
2012-06-14 19:00:00	18.4	1503.5	68400	1339700400	744981	21.11	6
2012-06-14 20:00:00	18.0	1115.5	72000	1339704000	509978	21.11	6
2012-06-14 21:00:00	17.8	1290.1	75600	1339707600	628228	17.11	6
2012-06-14 22:00:00	17.4	543.2	79200	1339711200	242943	20.11	6
2012-06-14 23:00:00	16.6	659.6	82800	1339714800	311193	16.11	6
2012-06-15 00:00:00	16.6	649.9	0	1339718400	305923	16.11	6
2012-06-15 01:00:00	15.9	640.2	3600	1339722000	294243	15.11	6
2012-06-15 02:00:00	15.6	1270.7	7200	1339725600	577777	15.11	6
2012-06-15 03:00:00	14.6	1425.9	10800	1339729200	626297	18.11	6
2012-06-15 04:00:00	14.3	1377.4	14400	1339732800	592500	17.11	6
2012-06-15 05:00:00	16.1	1338.6	18000	1339736400	600557	19.11	6
2012-06-15 06:00:00	17.0	1367.7	21600	1339740000	633221	20.11	6
2012-06-15 07:00:00	16.5	1396.8	25200	1339743600	664233	16.11	6
2012-06-15 08:00:00	16.4	1464.7	28800	1339747200	702628	16.11	6
2012-06-15 09:00:00	16.7	1484.1	32400	1339750800	720632	16.11	6
2012-06-15 10:00:00	17.6	58.2	36000	1339754400	44771	19.11	6
2012-06-15 11:00:00	17.3	1484.1	39600	1339758000	712468	20.11	6
2012-06-15 12:00:00	17.8	1522.9	43200	1339761600	767450	17.11	6
2012-06-15 13:00:00	17.6	1561.7	46800	1339765200	788910	17.11	6
2012-06-15 14:00:00	18.3	1561.7	50400	1339768800	783437	21.11	6
2012-06-15 15:00:00	17.8	1658.7	54000	1339772400	753796	20.11	6
2012-06-15 16:00:00	17.5	1610.2	57600	1339776000	721597	20.11	6
2012-06-15 17:00:00	16.9	1610.2	61200	1339779600	758728	16.11	6
2012-06-15 18:00:00	16.7	1571.4	64800	1339783200	776506	16.11	6
2012-06-15 19:00:00	16.1	1484.1	68400	1339786800	690264	19.11	6
2012-06-15 20:00:00	15.6	1881.8	72000	1339790400	854190	15.11	6
2012-06-15 21:00:00	13.9	58.2	75600	1339794000	38441	16.11	6
2012-06-15 22:00:00	13.7	58.2	79200	1339797600	38160	15.11	6
2012-06-15 23:00:00	13.3	1416.2	82800	1339801200	596622	17.11	6
2012-06-16 00:00:00	13.0	58.2	0	1339804800	36903	15.11	6
2012-06-16 01:00:00	13.1	1358.0	3600	1339808400	557861	16.11	6
2012-06-16 02:00:00	12.6	698.4	7200	1339812000	284817	16.11	6
2012-06-16 03:00:00	12.6	1813.9	10800	1339815600	704578	16.11	6
2012-06-16 04:00:00	12.6	1396.8	14400	1339819200	569624	16.11	6
2012-06-16 05:00:00	14.0	1377.4	18000	1339822800	585500	17.11	6
2012-06-16 06:00:00	16.7	1358.0	21600	1339826400	645851	16.11	6
2012-06-16 07:00:00	15.6	1367.7	25200	1339830000	629997	15.11	6
2012-06-16 08:00:00	15.5	1328.9	28800	1339833600	606685	15.11	6
2012-06-16 09:00:00	16.2	58.2	32400	1339837200	42391	18.11	6
2012-06-16 10:00:00	15.9	640.2	36000	1339840800	294243	15.11	6
2012-06-16 11:00:00	16.6	1571.4	39600	1339844400	774380	16.11	6
2012-06-16 12:00:00	17.0	1610.2	43200	1339848000	713430	20.11	6
2012-06-16 13:00:00	17.0	1658.7	46800	1339851600	736426	20.11	6
2012-06-16 14:00:00	17.4	1629.6	50400	1339855200	728821	20.11	6
2012-06-16 15:00:00	17.0	1610.2	54000	1339858800	713430	20.11	6
2012-06-16 16:00:00	16.8	1678.1	57600	1339862400	787016	16.11	6
2012-06-16 17:00:00	16.8	1610.2	61200	1339866000	709727	19.11	6
2012-06-16 18:00:00	16.4	1474.4	64800	1339869600	708556	16.11	6
2012-06-16 19:00:00	15.8	1464.7	68400	1339873200	690379	15.11	6
2012-06-16 20:00:00	14.9	1008.8	72000	1339876800	415805	18.11	6
2012-06-16 21:00:00	14.4	611.1	75600	1339880400	254259	17.11	6
2012-06-16 22:00:00	13.8	649.9	79200	1339884000	269079	17.11	6
2012-06-16 23:00:00	13.5	649.9	82800	1339887600	266965	17.11	6
2012-06-17 00:00:00	12.8	630.5	0	1339891200	249469	16.11	6
2012-06-17 02:00:00	12.1	601.4	7200	1339898400	228449	15.11	6
2012-06-17 03:00:00	12.3	1367.7	10800	1339902000	548620	16.11	6
2012-06-17 04:00:00	12.3	1348.3	14400	1339905600	537959	16.11	6
2012-06-17 05:00:00	14.3	1261.0	18000	1339909200	526825	17.11	6
2012-06-17 06:00:00	15.2	1270.7	21600	1339912800	546984	18.11	6
2012-06-17 07:00:00	15.4	1319.2	25200	1339916400	578596	18.11	6
2012-06-17 08:00:00	15.9	1338.6	28800	1339920000	619727	15.11	6
2012-06-17 09:00:00	15.6	1474.4	32400	1339923600	692097	15.11	6
2012-06-17 10:00:00	16.3	58.2	36000	1339927200	42648	18.11	6
2012-06-17 11:00:00	16.5	1581.1	39600	1339930800	778644	16.11	6
2012-06-17 12:00:00	16.9	1765.4	43200	1339934400	831086	16.11	6
2012-06-17 13:00:00	16.9	1649.0	46800	1339938000	776170	16.11	6
2012-06-17 14:00:00	16.6	1649.0	50400	1339941600	722084	19.11	6
2012-06-17 15:00:00	17.0	1687.8	54000	1339945200	750576	20.11	6
2012-06-17 16:00:00	16.6	1697.5	57600	1339948800	746190	19.11	6
2012-06-17 17:00:00	16.9	1707.2	61200	1339952400	803142	16.11	6
2012-06-17 18:00:00	16.5	1619.9	64800	1339956000	705236	19.11	6
2012-06-17 19:00:00	15.6	1484.1	68400	1339959600	697986	15.11	6
2012-06-17 20:00:00	15.4	1425.9	72000	1339963200	659187	15.11	6
2012-06-17 21:00:00	15.7	1910.9	75600	1339966800	872005	15.11	6
2012-06-17 22:00:00	15.5	1309.5	79200	1339970400	596259	15.11	6
2012-06-17 23:00:00	15.0	1736.3	82800	1339974000	727209	18.11	6
2012-06-18 00:00:00	14.2	58.2	0	1339977600	39080	16.11	6
2012-06-18 01:00:00	13.7	1299.8	3600	1339981200	536614	17.11	6
2012-06-18 02:00:00	13.7	58.2	7200	1339984800	38160	15.11	6
2012-06-18 03:00:00	13.7	1571.4	10800	1339988400	636771	15.11	6
2012-06-18 04:00:00	14.2	1406.5	14400	1339992000	607223	17.11	6
2012-06-18 05:00:00	14.4	1367.7	18000	1339995600	589488	17.11	6
2012-06-18 06:00:00	14.7	1377.4	21600	1339999200	598968	18.11	6
2012-06-18 07:00:00	15.3	1396.8	25200	1340002800	621954	18.11	6
2012-06-18 08:00:00	15.9	1416.2	28800	1340006400	663657	15.11	6
2012-06-18 09:00:00	16.4	1464.7	32400	1340010000	702628	16.11	6
2012-06-18 10:00:00	16.6	611.1	36000	1340013600	272497	19.11	6
2012-06-18 11:00:00	17.2	1193.1	39600	1340017200	537144	20.11	6
2012-06-18 12:00:00	17.3	1222.2	43200	1340020800	554183	20.11	6
2012-06-18 13:00:00	16.7	1265.85	46800	1340024400	595600	16.11	6
2012-06-18 14:00:00	16.9	1338.6	50400	1340028000	638710	16.11	6
2012-06-18 15:00:00	17.4	1367.7	54000	1340031600	640291	20.11	6
2012-06-18 16:00:00	17.4	1367.7	57600	1340035200	640291	20.11	6
2012-06-18 17:00:00	17.7	1862.4	61200	1340038800	859227	20.11	6
2012-06-18 18:00:00	17.5	1794.5	64800	1340042400	815394	20.11	6
2012-06-18 19:00:00	17.0	1619.9	68400	1340046000	717971	20.11	6
2012-06-18 20:00:00	17.2	1057.3	72000	1340049600	469844	20.11	6
2012-06-18 21:00:00	17.5	601.4	75600	1340053200	273545	20.11	6
2012-06-18 22:00:00	17.8	640.2	79200	1340056800	311480	17.11	6
2012-06-18 23:00:00	17.8	611.1	82800	1340060400	296088	17.11	6
2012-06-19 00:00:00	17.9	611.1	0	1340064000	296934	17.11	6
2012-06-19 01:00:00	18.4	620.8	3600	1340067600	290579	21.11	6
2012-06-19 02:00:00	18.6	620.8	7200	1340071200	292351	21.11	6
2012-06-19 03:00:00	18.6	1445.3	10800	1340074800	710393	21.11	6
2012-06-19 04:00:00	18.6	1367.7	14400	1340078400	660257	21.11	6
2012-06-19 05:00:00	18.6	1348.3	18000	1340082000	648153	21.11	6
2012-06-19 06:00:00	18.8	1425.9	21600	1340085600	725129	18.11	6
2012-06-19 07:00:00	19.0	1474.4	25200	1340089200	735148	22.11	6
2012-06-19 08:00:00	19.4	1571.4	28800	1340092800	810200	22.11	6
2012-06-19 09:00:00	20.1	1668.4	32400	1340096400	802082	23.11	6
2012-06-19 10:00:00	20.8	58.2	36000	1340100000	49256	22.11	6
2012-06-19 11:00:00	21.7	989.4	39600	1340103600	488858	24.11	6
2012-06-19 12:00:00	22.2	58.2	43200	1340107200	50571	24.11	6
2012-06-19 13:00:00	22.9	1406.5	46800	1340110800	748076	25.11	6
2012-06-19 14:00:00	23.2	1445.3	50400	1340114400	779257	26.11	6
2012-06-19 15:00:00	23.7	1484.1	54000	1340118000	814275	26.11	6
2012-06-19 16:00:00	23.9	1484.1	57600	1340121600	818235	26.11	6
2012-06-19 17:00:00	23.7	1464.7	61200	1340125200	799694	26.11	6
2012-06-19 18:00:00	23.2	1367.7	64800	1340128800	724458	26.11	6
2012-06-19 19:00:00	22.7	1290.1	68400	1340132400	666095	25.11	6
2012-06-19 20:00:00	22.5	1678.1	72000	1340136000	843459	25.11	6
2012-06-19 21:00:00	22.0	58.2	75600	1340139600	50496	24.11	6
2012-06-19 22:00:00	21.6	58.2	79200	1340143200	49924	23.11	6
2012-06-19 23:00:00	21.6	58.2	82800	1340146800	49924	23.11	6
2012-06-20 00:00:00	21.5	1270.7	0	1340150400	639361	24.11	6
2012-06-20 01:00:00	21.3	1746.0	3600	1340154000	862843	24.11	6
2012-06-20 02:00:00	21.3	58.2	7200	1340157600	49514	23.11	6
2012-06-20 03:00:00	20.5	58.2	10800	1340161200	48564	22.11	6
2012-06-20 04:00:00	20.9	1251.3	14400	1340164800	622423	23.11	6
2012-06-20 05:00:00	22.2	1222.2	18000	1340168400	619210	25.11	6
2012-06-20 06:00:00	22.9	58.2	21600	1340172000	51486	25.11	6
2012-06-20 07:00:00	23.4	58.2	25200	1340175600	51703	25.11	6
2012-06-20 08:00:00	24.3	1561.7	28800	1340179200	890891	26.11	6
2012-06-20 09:00:00	24.6	58.2	32400	1340182800	52815	26.11	6
2012-06-20 10:00:00	24.6	630.5	36000	1340186400	340665	26.11	6
2012-06-20 11:00:00	24.3	1571.4	39600	1340190000	898765	26.11	6
2012-06-20 12:00:00	23.5	1484.1	43200	1340193600	811189	26.11	6
2012-06-20 13:00:00	24.2	1571.4	46800	1340197200	895242	26.11	6
2012-06-20 14:00:00	23.6	1697.5	50400	1340200800	869304	26.11	6
2012-06-20 15:00:00	23.9	1687.8	54000	1340204400	868343	26.11	6
2012-06-20 16:00:00	23.8	1716.9	57600	1340208000	883295	26.11	6
2012-06-20 17:00:00	23.2	1629.6	61200	1340211600	828121	26.11	6
2012-06-20 18:00:00	24.0	1571.4	64800	1340215200	889215	26.11	6
2012-06-20 19:00:00	23.3	1367.7	68400	1340218800	725255	26.11	6
2012-06-20 20:00:00	23.0	1096.1	72000	1340222400	555605	25.11	6
2012-06-20 21:00:00	22.5	620.8	75600	1340226000	316674	25.11	6
2012-06-20 22:00:00	21.8	989.4	79200	1340229600	489824	24.11	6
2012-06-20 23:00:00	21.3	970.0	82800	1340233200	477164	24.11	6
2012-06-21 00:00:00	21.7	960.3	0	1340236800	475297	24.11	6
2012-06-21 01:00:00	22.0	950.6	3600	1340240400	473988	24.11	6
2012-06-21 02:00:00	21.5	620.8	7200	1340244000	310889	24.11	6
2012-06-21 03:00:00	21.5	1484.1	10800	1340247600	781418	24.11	6
2012-06-21 04:00:00	21.8	1348.3	14400	1340251200	693572	24.11	6
2012-06-21 05:00:00	22.5	1241.6	18000	1340254800	633345	25.11	6
2012-06-21 06:00:00	23.4	1222.2	21600	1340258400	631462	26.11	6
2012-06-21 07:00:00	23.7	1319.2	25200	1340262000	696653	26.11	6
2012-06-21 08:00:00	24.1	1416.2	28800	1340265600	772452	26.11	6
2012-06-21 09:00:00	23.5	1532.6	32400	1340269200	848294	26.11	6
2012-06-21 10:00:00	23.5	58.2	36000	1340272800	51801	25.11	6
2012-06-21 11:00:00	22.9	1290.1	39600	1340276400	669505	25.11	6
2012-06-21 12:00:00	23.1	58.2	43200	1340280000	51542	25.11	6
2012-06-21 13:00:00	23.8	1348.3	46800	1340283600	717898	26.11	6
2012-06-21 14:00:00	23.5	1348.3	50400	1340287200	713893	26.11	6
2012-06-21 15:00:00	23.2	1008.8	54000	1340290800	511737	26.11	6
2012-06-21 16:00:00	23.8	1309.5	57600	1340294400	691615	26.11	6
2012-06-21 17:00:00	23.9	931.2	61200	1340298000	478092	26.11	6
2012-06-21 18:00:00	24.1	960.3	64800	1340301600	494030	26.11	6
2012-06-21 19:00:00	23.8	970.0	68400	1340305200	495822	26.11	6
2012-06-21 20:00:00	23.7	989.4	72000	1340308800	504623	26.11	6
2012-06-21 21:00:00	23.9	58.2	75600	1340312400	52388	26.11	6
2012-06-21 22:00:00	23.5	989.4	79200	1340316000	503430	26.11	6
2012-06-21 23:00:00	23.2	989.4	82800	1340319600	502135	26.11	6
2012-06-22 00:00:00	23.4	873.0	0	1340323200	449220	26.11	6
2012-06-22 01:00:00	23.4	873.0	3600	1340326800	449220	26.11	6
2012-06-22 02:00:00	22.9	58.2	7200	1340330400	51486	25.11	6
2012-06-22 03:00:00	22.7	1008.8	10800	1340334000	506733	25.11	6
2012-06-22 04:00:00	22.3	58.2	14400	1340337600	50628	24.11	6
2012-06-22 05:00:00	22.2	58.2	18000	1340341200	50571	24.11	6
2012-06-22 06:00:00	23.0	58.2	21600	1340344800	51511	25.11	6
2012-06-22 07:00:00	23.8	1241.6	25200	1340348400	647550	26.11	6
2012-06-22 08:00:00	24.0	58.2	28800	1340352000	52412	26.11	6
2012-06-22 09:00:00	23.6	58.2	32400	1340355600	51943	25.11	6
2012-06-22 10:00:00	23.8	960.3	36000	1340359200	491126	26.11	6
2012-06-22 11:00:00	22.7	766.3	39600	1340362800	418175	25.11	6
2012-06-22 12:00:00	23.8	1173.7	43200	1340366400	605944	26.11	6
2012-06-22 13:00:00	23.2	1067.0	46800	1340370000	541704	26.11	6
2012-06-22 14:00:00	22.1	1067.0	50400	1340373600	532535	25.11	6
2012-06-22 15:00:00	21.4	1076.7	54000	1340377200	529453	24.11	6
2012-06-22 16:00:00	21.8	1086.4	57600	1340380800	538380	24.11	6
2012-06-22 17:00:00	21.5	1096.1	61200	1340384400	540279	24.11	6
2012-06-22 18:00:00	20.2	1202.8	64800	1340388000	584048	23.11	6
2012-06-22 19:00:00	20.9	1096.1	68400	1340391600	534942	23.11	6
2012-06-22 20:00:00	21.3	1037.9	72000	1340395200	509357	24.11	6
2012-06-22 21:00:00	20.7	950.6	75600	1340398800	461774	23.11	6
2012-06-22 22:00:00	20.7	1018.5	79200	1340402400	493153	23.11	6
2012-06-22 23:00:00	20.7	766.3	82800	1340406000	402666	23.11	6
2012-06-23 00:00:00	21.1	746.9	0	1340409600	391358	24.11	6
2012-06-23 01:00:00	21.4	727.5	3600	1340413200	379560	24.11	6
2012-06-23 02:00:00	21.4	950.6	7200	1340416800	468888	24.11	6
2012-06-23 03:00:00	20.9	1008.8	10800	1340420400	491052	23.11	6
2012-06-23 04:00:00	20.3	708.1	14400	1340424000	358061	23.11	6
2012-06-23 05:00:00	20.7	698.4	18000	1340427600	355155	23.11	6
2012-06-23 11:00:00	20.3	698.4	39600	1340449200	351634	23.11	6
2012-06-23 12:00:00	19.5	727.5	43200	1340452800	365191	22.11	6
2012-06-23 13:00:00	19.1	746.9	46800	1340456400	374894	22.11	6
2012-06-23 14:00:00	19.5	756.6	50400	1340460000	385312	22.11	6
2012-06-23 15:00:00	19.0	873.0	54000	1340463600	412259	21.11	6
2012-06-23 16:00:00	19.2	58.2	57600	1340467200	46886	21.11	6
2012-06-23 17:00:00	18.8	58.2	61200	1340470800	46646	20.11	6
2012-06-23 18:00:00	18.5	58.2	64800	1340474400	46034	20.11	6
2012-06-23 19:00:00	18.3	58.2	68400	1340478000	45583	20.11	6
2012-06-23 20:00:00	18.1	58.2	72000	1340481600	45369	20.11	6
2012-06-23 21:00:00	17.7	58.2	75600	1340485200	44971	19.11	6
2012-06-23 22:00:00	17.7	58.2	79200	1340488800	44971	19.11	6
2012-06-23 23:00:00	17.6	58.2	82800	1340492400	44771	19.11	6
2012-06-24 00:00:00	17.7	999.1	0	1340496000	449576	20.11	6
2012-06-24 01:00:00	17.3	999.1	3600	1340499600	444565	20.11	6
2012-06-24 02:00:00	16.6	853.6	7200	1340503200	375368	19.11	6
2012-06-24 03:00:00	16.6	58.2	10800	1340506800	43209	18.11	6
2012-06-24 04:00:00	16.6	999.1	14400	1340510400	434658	19.11	6
2012-06-24 05:00:00	17.6	999.1	18000	1340514000	448051	20.11	6
2012-06-24 06:00:00	18.5	999.1	21600	1340517600	459491	21.11	6
2012-06-24 07:00:00	18.8	834.2	25200	1340521200	394471	21.11	6
2012-06-24 08:00:00	19.4	989.4	28800	1340524800	466075	22.11	6
2012-06-24 09:00:00	19.4	989.4	32400	1340528400	466075	22.11	6
2012-06-24 10:00:00	19.7	970.0	36000	1340532000	460192	22.11	6
2012-06-24 11:00:00	20.1	950.6	39600	1340535600	457591	22.11	6
2012-06-24 12:00:00	20.5	911.8	43200	1340539200	443413	23.11	6
2012-06-24 13:00:00	19.8	911.8	46800	1340542800	436041	22.11	6
2012-06-24 14:00:00	20.0	989.4	50400	1340546400	473494	22.11	6
2012-06-24 15:00:00	20.8	970.0	54000	1340550000	471561	23.11	6
2012-06-24 16:00:00	21.2	1018.5	57600	1340553600	499406	24.11	6
2012-06-24 17:00:00	21.1	1047.6	61200	1340557200	513096	24.11	6
2012-06-24 18:00:00	20.3	1057.3	64800	1340560800	508436	23.11	6
2012-06-24 19:00:00	19.6	1086.4	68400	1340564400	514259	22.11	6
2012-06-24 20:00:00	19.3	1086.4	72000	1340568000	511077	22.11	6
2012-06-24 21:00:00	19.9	1096.1	75600	1340571600	524104	22.11	6
2012-06-24 22:00:00	19.8	1105.8	79200	1340575200	527230	22.11	6
2012-06-24 23:00:00	19.9	1105.8	82800	1340578800	529144	22.11	6
2012-06-25 00:00:00	20.1	1125.2	0	1340582400	541410	23.11	6
2012-06-25 01:00:00	20.4	1105.8	3600	1340586000	533613	23.11	6
2012-06-25 02:00:00	19.8	679.0	7200	1340589600	336593	23.11	6
2012-06-25 03:00:00	19.6	1096.1	10800	1340593200	519156	22.11	6
2012-06-25 04:00:00	19.1	1076.7	14400	1340596800	504810	22.11	6
2012-06-25 05:00:00	20.2	1076.7	18000	1340600400	517354	23.11	6
2012-06-25 06:00:00	21.5	1076.7	21600	1340604000	530221	24.11	6
2012-06-25 07:00:00	22.3	717.8	25200	1340607600	379419	25.11	6
2012-06-25 08:00:00	21.7	1067.0	28800	1340611200	527124	24.11	6
2012-06-25 09:00:00	20.9	640.2	32400	1340614800	320021	24.11	6
2012-06-25 10:00:00	20.3	727.5	36000	1340618400	371192	23.11	6
2012-06-25 11:00:00	21.1	960.3	39600	1340622000	471455	23.11	6
2012-06-25 12:00:00	20.6	960.3	43200	1340625600	465226	23.11	6
2012-06-25 13:00:00	18.9	979.7	46800	1340629200	456324	21.11	6
2012-06-25 14:00:00	18.2	979.7	50400	1340632800	448372	21.11	6
2012-06-25 15:00:00	18.1	1008.8	54000	1340636400	460508	21.11	6
2012-06-25 16:00:00	17.2	2444.4	57600	1340640000	1246625	17.11	6
2012-06-25 17:00:00	17.1	2706.3	61200	1340643600	1201127	19.11	6
2012-06-25 18:00:00	16.0	2822.7	64800	1340647200	1187098	16.11	6
2012-06-25 19:00:00	14.7	2779.05	68400	1340650800	1106977	16.11	6
2012-06-25 20:00:00	13.8	2749.95	72000	1340654400	1047019	17.11	6
2012-06-25 21:00:00	13.3	2749.95	75600	1340658000	1030726	17.11	6
2012-06-25 22:00:00	13.1	2735.4	79200	1340661600	1016763	17.11	6
2012-06-25 23:00:00	12.4	2589.9	82800	1340665200	903216	16.11	6
2012-06-26 00:00:00	11.5	1629.6	0	1340668800	589709	15.11	6
2012-06-26 01:00:00	10.7	1033.05	3600	1340672400	365744	15.11	6
2012-06-26 02:00:00	10.4	999.1	7200	1340676000	351601	15.11	6
2012-06-26 03:00:00	10.7	902.1	10800	1340679600	317750	15.11	6
2012-06-26 04:00:00	10.7	873.0	14400	1340683200	308022	15.11	6
2012-06-26 05:00:00	11.7	916.65	18000	1340686800	327873	15.11	6
2012-06-26 06:00:00	13.2	931.2	21600	1340690400	355458	16.11	6
2012-06-26 07:00:00	13.6	1008.8	25200	1340694000	394718	16.11	6
2012-06-26 08:00:00	14.0	58.2	28800	1340697600	38652	16.11	6
2012-06-26 09:00:00	14.3	58.2	32400	1340701200	39237	16.11	6
2012-06-26 10:00:00	14.9	58.2	36000	1340704800	40247	17.11	6
2012-06-26 11:00:00	15.1	58.2	39600	1340708400	40564	17.11	6
2012-06-26 12:00:00	15.3	1716.9	43200	1340712000	724521	18.11	6
2012-06-26 13:00:00	15.5	1619.9	46800	1340715600	683157	18.11	6
2012-06-26 14:00:00	16.0	1726.6	50400	1340719200	746691	19.11	6
2012-06-26 15:00:00	15.3	601.4	54000	1340722800	256302	18.11	6
2012-06-26 16:00:00	15.7	1348.3	57600	1340726400	621186	15.11	6
2012-06-26 17:00:00	15.5	1396.8	61200	1340730000	644442	15.11	6
2012-06-26 18:00:00	15.6	1455.0	64800	1340733600	680441	15.11	6
2012-06-26 19:00:00	14.7	1464.7	68400	1340737200	651590	18.11	6
2012-06-26 20:00:00	14.1	1484.1	72000	1340740800	652320	17.11	6
2012-06-26 21:00:00	13.9	1464.7	75600	1340744400	635682	17.11	6
2012-06-26 22:00:00	13.4	1464.7	79200	1340748000	626825	17.11	6
2012-06-26 23:00:00	12.9	1435.6	82800	1340751600	598266	16.11	6
2012-06-27 00:00:00	12.0	776.0	0	1340755200	274769	15.11	6
2012-06-27 01:00:00	12.7	591.7	3600	1340758800	229223	16.11	6
2012-06-27 02:00:00	12.2	611.1	7200	1340762400	234509	15.11	6
2012-06-27 03:00:00	12.5	601.4	10800	1340766000	232657	16.11	6
2012-06-27 04:00:00	12.5	601.4	14400	1340769600	232657	16.11	6
2012-06-27 05:00:00	13.7	591.7	18000	1340773200	238288	17.11	6
2012-06-27 06:00:00	15.1	572.3	21600	1340776800	239920	18.11	6
2012-06-27 07:00:00	16.4	611.1	25200	1340780400	270339	19.11	6
2012-06-27 08:00:00	17.0	1280.4	28800	1340784000	582225	20.11	6
2012-06-27 09:00:00	17.4	1241.6	32400	1340787600	566530	20.11	6
2012-06-27 10:00:00	17.5	1231.9	36000	1340791200	563019	20.11	6
2012-06-27 11:00:00	17.9	999.1	39600	1340794800	453316	20.11	6
2012-06-27 12:00:00	17.6	1367.7	43200	1340798400	668259	17.11	6
2012-06-27 13:00:00	17.6	1503.5	46800	1340802000	750943	17.11	6
2012-06-27 14:00:00	17.7	1280.4	50400	1340805600	621199	17.11	6
2012-06-27 15:00:00	17.8	683.85	54000	1340809200	335976	17.11	6
2012-06-27 16:00:00	17.7	1149.45	57600	1340812800	522750	20.11	6
2012-06-27 17:00:00	18.3	1862.4	61200	1340816400	869482	21.11	6
2012-06-27 18:00:00	18.0	1833.3	64800	1340820000	848145	21.11	6
2012-06-27 19:00:00	17.8	2022.45	68400	1340823600	991139	17.11	6
2012-06-27 20:00:00	17.7	2138.85	72000	1340827200	1056883	17.11	6
2012-06-27 21:00:00	17.4	2226.15	75600	1340830800	1072117	20.11	6
2012-06-27 22:00:00	16.9	1338.6	79200	1340834400	638710	16.11	6
2012-06-27 23:00:00	17.6	1469.55	82800	1340838000	729499	17.11	6
2012-06-28 00:00:00	17.3	1207.65	0	1340841600	546313	20.11	6
2012-06-28 01:00:00	16.9	887.55	3600	1340845200	392916	19.11	6
2012-06-28 02:00:00	16.4	712.95	7200	1340848800	339668	16.11	6
2012-06-28 03:00:00	16.4	829.35	10800	1340852400	364678	19.11	6
2012-06-28 04:00:00	15.7	800.25	14400	1340856000	343897	18.11	6
2012-06-28 05:00:00	16.9	785.7	18000	1340859600	390377	16.11	6
2012-06-28 06:00:00	17.9	800.25	21600	1340863200	371855	20.11	6
2012-06-28 07:00:00	18.6	698.4	25200	1340866800	339371	21.11	6
2012-06-28 08:00:00	19.2	1469.55	28800	1340870400	734755	22.11	6
2012-06-28 09:00:00	19.7	1047.6	32400	1340874000	496414	22.11	6
2012-06-28 10:00:00	19.5	1003.95	36000	1340877600	473534	22.11	6
2012-06-28 11:00:00	20.0	1003.95	39600	1340881200	480355	22.11	6
2012-06-28 12:00:00	19.8	1018.5	43200	1340884800	483855	22.11	6
2012-06-28 13:00:00	20.3	1047.6	46800	1340888400	503705	23.11	6
2012-06-28 14:00:00	20.2	1062.15	50400	1340892000	510159	23.11	6
2012-06-28 15:00:00	20.2	1067.0	54000	1340895600	512545	23.11	6
2012-06-28 16:00:00	20.1	1707.2	57600	1340899200	822267	23.11	6
2012-06-28 17:00:00	20.4	1736.3	61200	1340902800	841438	23.11	6
2012-06-28 18:00:00	20.4	1193.1	64800	1340906400	580532	23.11	6
2012-06-28 19:00:00	20.0	1736.3	68400	1340910000	836766	23.11	6
2012-06-28 20:00:00	19.3	1736.3	72000	1340913600	821269	22.11	6
2012-06-28 21:00:00	19.2	1736.3	75600	1340917200	819840	22.11	6
2012-06-28 22:00:00	19.0	1639.3	79200	1340920800	768145	22.11	6
2012-06-28 23:00:00	19.3	1649.0	82800	1340924400	776276	22.11	6
2012-06-29 00:00:00	19.1	1193.1	0	1340928000	564718	22.11	6
2012-06-29 01:00:00	19.3	1115.5	3600	1340931600	525685	22.11	6
2012-06-29 02:00:00	19.6	1067.0	7200	1340935200	504607	22.11	6
2012-06-29 03:00:00	20.4	1105.8	10800	1340938800	533613	23.11	6
2012-06-29 04:00:00	20.2	1096.1	14400	1340942400	527108	23.11	6
2012-06-29 05:00:00	20.5	1096.1	18000	1340946000	529560	23.11	6
2012-06-29 06:00:00	21.4	1096.1	21600	1340949600	539476	24.11	6
2012-06-29 07:00:00	23.2	1047.6	25200	1340953200	531522	26.11	6
2012-06-29 08:00:00	24.1	1571.4	28800	1340956800	892068	26.11	6
2012-06-29 09:00:00	25.0	1464.7	32400	1340960400	850331	26.11	6
2012-06-29 10:00:00	25.5	1493.8	36000	1340964000	883962	25.11	6
2012-06-29 11:00:00	25.4	1445.3	39600	1340967600	846572	25.11	6
2012-06-29 12:00:00	26.2	1474.4	43200	1340971200	880382	26.11	6
2012-06-29 13:00:00	26.3	1532.6	46800	1340974800	927075	26.11	6
2012-06-29 14:00:00	26.6	1668.4	50400	1340978400	967570	26.11	6
2012-06-29 15:00:00	26.2	931.2	54000	1340982000	548662	26.11	6
2012-06-29 16:00:00	25.4	1920.6	57600	1340985600	1101363	25.11	6
2012-06-29 17:00:00	25.5	2007.9	61200	1340989200	1160315	25.11	6
2012-06-29 18:00:00	25.6	2095.2	64800	1340992800	1222280	25.11	6
2012-06-29 19:00:00	25.8	2007.9	68400	1340996400	1166135	25.11	6
2012-06-29 20:00:00	26.2	2138.85	72000	1341000000	1266435	26.11	6
2012-06-29 21:00:00	26.2	2124.3	75600	1341003600	1255839	26.11	6
2012-06-29 22:00:00	20.5	2007.9	79200	1341007200	1003009	23.11	6
2012-06-29 23:00:00	21.3	2124.3	82800	1341010800	1096348	24.11	6
2012-06-30 00:00:00	20.9	1003.95	0	1341014400	488728	23.11	6
2012-06-30 01:00:00	21.3	873.0	3600	1341018000	435126	24.11	6
2012-06-30 02:00:00	21.3	974.85	7200	1341021600	479387	24.11	6
2012-06-30 03:00:00	20.7	873.0	10800	1341025200	428736	23.11	6
2012-06-30 04:00:00	20.3	873.0	14400	1341028800	426397	23.11	6
2012-06-30 05:00:00	21.1	887.55	18000	1341032400	439131	23.11	6
2012-06-30 06:00:00	21.6	887.55	21600	1341036000	442625	24.11	6
2012-06-30 07:00:00	22.5	931.2	25200	1341039600	468798	25.11	6
2012-06-30 08:00:00	22.5	2458.95	28800	1341043200	1412898	26.11	6
2012-06-30 09:00:00	22.2	1964.25	32400	1341046800	1009632	25.11	6
2012-06-30 10:00:00	22.7	1746.0	36000	1341050400	884354	25.11	6
2012-06-30 11:00:00	22.9	1746.0	39600	1341054000	888396	25.11	6
2012-06-30 12:00:00	22.3	1964.25	43200	1341057600	1010877	25.11	6
2012-06-30 13:00:00	22.6	1862.4	46800	1341061200	951643	25.11	6
2012-06-30 14:00:00	22.3	1862.4	50400	1341064800	947359	25.11	6
2012-06-30 15:00:00	21.8	1096.1	54000	1341068400	543501	24.11	6
2012-06-30 16:00:00	22.7	1396.8	57600	1341072000	737299	25.11	6
2012-06-30 17:00:00	23.5	1425.9	61200	1341075600	768299	26.11	6
2012-06-30 18:00:00	23.6	1881.8	64800	1341079200	980021	26.11	6
2012-06-30 19:00:00	23.3	1367.7	68400	1341082800	725255	26.11	6
2012-06-30 20:00:00	22.9	1843.0	72000	1341086400	946261	25.11	6
2012-06-30 21:00:00	23.0	1872.1	75600	1341090000	967203	25.11	6
2012-06-30 22:00:00	22.9	1843.0	79200	1341093600	946261	25.11	6
2012-06-30 23:00:00	22.7	1794.5	82800	1341097200	912602	25.11	6
