	Twet	Load	Hour(s)	TimeStamp(s)	Power	Tset	month
2012-08-01 00:00:00	21.1	649.9	0	1343779200	326649	24.11	8
2012-08-01 01:00:00	20.9	582.0	3600	1343782800	285873	23.11	8
2012-08-01 02:00:00	20.7	620.8	7200	1343786400	306309	23.11	8
2012-08-01 03:00:00	20.7	611.1	10800	1343790000	300619	23.11	8
2012-08-01 04:00:00	21.3	611.1	14400	1343793600	304160	24.11	8
2012-08-01 05:00:00	20.7	601.4	18000	1343797200	295022	23.11	8
2012-08-01 06:00:00	20.6	572.3	21600	1343800800	278112	23.11	8
2012-08-01 07:00:00	21.1	591.7	25200	1343804400	292334	24.11	8
2012-08-01 08:00:00	20.9	562.6	28800	1343808000	275217	23.11	8
2012-08-01 09:00:00	21.5	572.3	32400	1343811600	283128	24.11	8
2012-08-01 10:00:00	22.3	572.3	36000	1343815200	287585	25.11	8
2012-08-01 11:00:00	22.7	582.0	39600	1343818800	294787	25.11	8
2012-08-01 12:00:00	22.9	611.1	43200	1343822400	313444	25.11	8
2012-08-01 13:00:00	22.8	601.4	46800	1343826000	306791	25.11	8
2012-08-01 14:00:00	23.5	1018.5	50400	1343829600	517985	26.11	8
2012-08-01 15:00:00	23.3	1037.9	54000	1343833200	526922	26.11	8
2012-08-01 16:00:00	22.5	1067.0	57600	1343836800	534717	25.11	8
2012-08-01 17:00:00	22.4	1086.4	61200	1343840400	544220	25.11	8
2012-08-01 18:00:00	23.2	1105.8	64800	1343844000	562653	26.11	8
2012-08-01 19:00:00	22.5	1144.6	68400	1343847600	576617	25.11	8
2012-08-01 20:00:00	22.3	1173.7	72000	1343851200	591585	25.11	8
2012-08-01 21:00:00	22.0	1164.0	75600	1343854800	584297	24.11	8
2012-08-01 22:00:00	21.8	1105.8	79200	1343858400	548672	24.11	8
2012-08-01 23:00:00	21.3	1037.9	82800	1343862000	509357	24.11	8
2012-08-02 00:00:00	20.7	1008.8	0	1343865600	488529	23.11	8
2012-08-02 01:00:00	21.1	989.4	3600	1343869200	485154	23.11	8
2012-08-02 02:00:00	20.5	999.1	7200	1343872800	482125	23.11	8
2012-08-02 03:00:00	20.3	999.1	10800	1343876400	480741	23.11	8
2012-08-02 04:00:00	20.3	1018.5	14400	1343880000	489789	23.11	8
2012-08-02 05:00:00	20.9	989.4	18000	1343883600	481829	23.11	8
2012-08-02 06:00:00	22.7	1008.8	21600	1343887200	506733	25.11	8
2012-08-02 07:00:00	23.9	1076.7	25200	1343890800	551815	26.11	8
2012-08-02 08:00:00	24.4	1076.7	28800	1343894400	560930	26.11	8
2012-08-02 09:00:00	24.0	1067.0	32400	1343898000	547767	26.11	8
2012-08-02 10:00:00	23.5	1028.2	36000	1343901600	522935	26.11	8
2012-08-02 11:00:00	24.1	1028.2	39600	1343905200	528435	26.11	8
2012-08-02 12:00:00	24.5	1057.3	43200	1343908800	553000	26.11	8
2012-08-02 13:00:00	24.2	1037.9	46800	1343912400	535180	26.11	8
2012-08-02 14:00:00	24.3	601.4	50400	1343916000	316560	26.11	8
2012-08-02 15:00:00	23.6	1949.7	54000	1343919600	1023824	26.11	8
2012-08-02 16:00:00	22.9	2007.9	57600	1343923200	1052101	25.11	8
2012-08-02 17:00:00	24.4	2007.9	61200	1343926800	1089433	26.11	8
2012-08-02 18:00:00	24.4	1993.35	64800	1343930400	1079299	26.11	8
2012-08-02 19:00:00	24.3	1949.7	68400	1343934000	1044409	26.11	8
2012-08-02 20:00:00	24.1	2037.0	72000	1343937600	1096183	26.11	8
2012-08-02 21:00:00	24.0	2080.65	75600	1343941200	1123463	26.11	8
2012-08-02 22:00:00	23.8	1964.25	79200	1343944800	1037421	26.11	8
2012-08-02 23:00:00	23.1	1993.35	82800	1343948400	1046369	26.11	8
2012-08-03 00:00:00	22.7	1513.2	0	1343952000	821622	25.11	8
2012-08-03 01:00:00	22.2	630.5	3600	1343955600	321341	25.11	8
2012-08-03 02:00:00	21.6	974.85	7200	1343959200	481222	24.11	8
2012-08-03 03:00:00	21.6	945.75	10800	1343962800	467931	24.11	8
2012-08-03 04:00:00	21.1	931.2	14400	1343966400	458195	23.11	8
2012-08-03 05:00:00	21.4	945.75	18000	1343970000	466717	24.11	8
2012-08-03 06:00:00	22.0	630.5	21600	1343973600	320712	25.11	8
2012-08-03 07:00:00	22.9	1290.1	25200	1343977200	669505	25.11	8
2012-08-03 08:00:00	23.9	1231.9	28800	1343980800	642903	26.11	8
2012-08-03 09:00:00	24.4	1193.1	32400	1343984400	630017	26.11	8
2012-08-03 10:00:00	24.8	1164.0	36000	1343988000	628630	26.11	8
2012-08-03 11:00:00	25.1	1212.5	39600	1343991600	679041	26.11	8
2012-08-03 12:00:00	25.6	1241.6	43200	1343995200	712157	25.11	8
2012-08-03 13:00:00	25.0	1891.5	46800	1343998800	1055748	26.11	8
2012-08-03 14:00:00	25.1	989.4	50400	1344002400	545775	26.11	8
2012-08-03 15:00:00	25.3	989.4	54000	1344006000	562706	26.11	8
2012-08-03 16:00:00	25.1	1008.8	57600	1344009600	556441	26.11	8
2012-08-03 17:00:00	24.3	1028.2	61200	1344013200	531951	26.11	8
2012-08-03 18:00:00	24.4	1018.5	64800	1344016800	529084	26.11	8
2012-08-03 19:00:00	23.7	1047.6	68400	1344020400	534337	26.11	8
2012-08-03 20:00:00	23.6	1076.7	72000	1344024000	549088	26.11	8
2012-08-03 21:00:00	23.6	1018.5	75600	1344027600	518576	26.11	8
2012-08-03 22:00:00	23.9	1018.5	79200	1344031200	520975	26.11	8
2012-08-03 23:00:00	24.5	1057.3	82800	1344034800	553000	26.11	8
2012-08-04 00:00:00	24.5	1076.7	0	1344038400	563897	26.11	8
2012-08-04 01:00:00	24.3	1018.5	3600	1344042000	526810	26.11	8
2012-08-04 02:00:00	24.3	1067.0	7200	1344045600	553023	26.11	8
2012-08-04 03:00:00	24.2	1047.6	10800	1344049200	540384	26.11	8
2012-08-04 04:00:00	24.2	1057.3	14400	1344052800	545638	26.11	8
2012-08-04 05:00:00	24.2	1037.9	18000	1344056400	535180	26.11	8
2012-08-04 06:00:00	24.5	1008.8	21600	1344060000	526632	26.11	8
2012-08-04 07:00:00	24.6	1008.8	25200	1344063600	529826	26.11	8
2012-08-04 08:00:00	25.5	1008.8	28800	1344067200	581222	25.11	8
2012-08-04 09:00:00	25.6	1057.3	32400	1344070800	606758	25.11	8
2012-08-04 10:00:00	25.5	1047.6	36000	1344074400	600886	25.11	8
2012-08-04 11:00:00	25.5	1057.3	39600	1344078000	605924	25.11	8
2012-08-04 12:00:00	25.2	989.4	43200	1344081600	553759	26.11	8
2012-08-04 13:00:00	25.4	999.1	46800	1344085200	575668	25.11	8
2012-08-04 15:00:00	25.3	2124.3	54000	1344092400	1236372	25.11	8
2012-08-04 16:00:00	25.1	2371.65	57600	1344096000	1416863	25.11	8
2012-08-04 17:00:00	25.6	2488.05	61200	1344099600	1516140	25.11	8
2012-08-04 18:00:00	24.7	2575.35	64800	1344103200	1499668	26.11	8
2012-08-04 19:00:00	24.6	2691.75	68400	1344106800	1517479	26.11	8
2012-08-04 20:00:00	24.8	2764.5	72000	1344110400	1555687	26.11	8
2012-08-04 21:00:00	24.6	2779.05	75600	1344114000	1545012	26.11	8
2012-08-04 22:00:00	24.5	2720.85	79200	1344117600	1518620	26.11	8
2012-08-04 23:00:00	24.1	2604.45	82800	1344121200	1466247	26.11	8
2012-08-05 00:00:00	23.9	1760.55	0	1344124800	910851	26.11	8
2012-08-05 01:00:00	23.8	1003.95	3600	1344128400	512650	26.11	8
2012-08-05 02:00:00	23.2	1498.65	7200	1344132000	818756	26.11	8
2012-08-05 03:00:00	23.1	1498.65	10800	1344135600	817872	26.11	8
2012-08-05 04:00:00	23.1	1513.2	14400	1344139200	828880	26.11	8
2012-08-05 05:00:00	23.6	1527.75	18000	1344142800	846065	26.11	8
2012-08-05 06:00:00	23.6	1003.95	21600	1344146400	511225	26.11	8
2012-08-05 07:00:00	24.3	2007.9	25200	1344150000	1084348	26.11	8
2012-08-05 08:00:00	24.6	2066.1	28800	1344153600	1143216	26.11	8
2012-08-05 09:00:00	24.9	1906.05	32400	1344157200	1055664	26.11	8
2012-08-05 10:00:00	24.4	1949.7	36000	1344160800	1049330	26.11	8
2012-08-05 11:00:00	24.3	1935.15	39600	1344164400	1034606	26.11	8
2012-08-05 12:00:00	24.6	2095.2	43200	1344168000	1164400	26.11	8
2012-08-05 13:00:00	24.7	2080.65	46800	1344171600	1161205	26.11	8
2012-08-05 14:00:00	24.9	688.7	50400	1344175200	389303	26.11	8
2012-08-05 15:00:00	23.2	1290.1	54000	1344178800	672799	26.11	8
2012-08-05 16:00:00	22.9	1328.9	57600	1344182400	694926	25.11	8
2012-08-05 17:00:00	23.8	1348.3	61200	1344186000	717898	26.11	8
2012-08-05 18:00:00	23.2	1358.0	64800	1344189600	717829	26.11	8
2012-08-05 19:00:00	23.1	1367.7	68400	1344193200	723754	26.11	8
2012-08-05 20:00:00	23.1	1377.4	72000	1344196800	730420	26.11	8
2012-08-05 21:00:00	22.9	1425.9	75600	1344200400	761841	25.11	8
2012-08-05 22:00:00	23.4	1396.8	79200	1344204000	746434	26.11	8
2012-08-05 23:00:00	23.4	1299.8	82800	1344207600	680587	26.11	8
2012-08-06 00:00:00	23.4	717.8	0	1344211200	387081	26.11	8
2012-08-06 01:00:00	23.8	649.9	3600	1344214800	342586	26.11	8
2012-08-06 02:00:00	23.6	640.2	7200	1344218400	334953	26.11	8
2012-08-06 03:00:00	23.4	640.2	10800	1344222000	334007	26.11	8
2012-08-06 04:00:00	22.9	640.2	14400	1344225600	331637	25.11	8
2012-08-06 05:00:00	23.4	630.5	18000	1344229200	327817	26.11	8
2012-08-06 06:00:00	23.4	640.2	21600	1344232800	334007	26.11	8
2012-08-06 07:00:00	23.1	1270.7	25200	1344236400	659787	26.11	8
2012-08-06 08:00:00	24.0	1154.3	28800	1344240000	597209	26.11	8
2012-08-06 09:00:00	23.7	1105.8	32400	1344243600	565834	26.11	8
2012-08-06 10:00:00	23.8	911.8	36000	1344247200	468388	26.11	8
2012-08-06 11:00:00	22.3	1154.3	39600	1344250800	580592	25.11	8
2012-08-06 12:00:00	21.5	950.6	43200	1344254400	469461	24.11	8
2012-08-06 13:00:00	23.0	1280.4	46800	1344258000	665328	25.11	8
2012-08-06 14:00:00	22.3	523.8	50400	1344261600	261775	25.11	8
2012-08-06 15:00:00	22.3	543.2	54000	1344265200	271812	25.11	8
2012-08-06 16:00:00	22.1	533.5	57600	1344268800	266269	25.11	8
2012-08-06 17:00:00	22.4	543.2	61200	1344272400	272111	25.11	8
2012-08-06 18:00:00	23.6	572.3	64800	1344276000	293467	26.11	8
2012-08-06 19:00:00	23.7	562.6	68400	1344279600	288366	26.11	8
2012-08-06 20:00:00	22.9	543.2	72000	1344283200	274438	25.11	8
2012-08-06 21:00:00	22.5	552.9	75600	1344286800	277642	25.11	8
2012-08-06 22:00:00	22.5	552.9	79200	1344290400	277642	25.11	8
2012-08-06 23:00:00	21.8	523.8	82800	1344294000	259190	24.11	8
2012-08-07 00:00:00	21.6	523.8	0	1344297600	258159	24.11	8
2012-08-07 01:00:00	21.6	514.1	3600	1344301200	253349	24.11	8
2012-08-07 02:00:00	21.4	504.4	7200	1344304800	247929	24.11	8
2012-08-07 03:00:00	20.7	504.4	10800	1344308400	244265	23.11	8
2012-08-07 04:00:00	20.2	514.1	14400	1344312000	246888	23.11	8
2012-08-07 05:00:00	20.4	504.4	18000	1344315600	242953	23.11	8
2012-08-07 06:00:00	20.6	523.8	21600	1344319200	253107	23.11	8
2012-08-07 07:00:00	21.0	572.3	25200	1344322800	281375	24.11	8
2012-08-07 08:00:00	21.3	523.8	28800	1344326400	257073	24.11	8
2012-08-07 09:00:00	22.2	494.7	32400	1344330000	247219	25.11	8
2012-08-07 10:00:00	22.5	494.7	36000	1344333600	247950	25.11	8
2012-08-07 11:00:00	22.4	523.8	39600	1344337200	262050	25.11	8
2012-08-07 12:00:00	23.0	543.2	43200	1344340800	275162	25.11	8
2012-08-07 13:00:00	22.4	543.2	46800	1344344400	272111	25.11	8
2012-08-07 14:00:00	23.0	1037.9	50400	1344348000	524665	25.11	8
2012-08-07 15:00:00	21.9	1474.4	54000	1344351600	811170	21.11	8
2012-08-07 16:00:00	22.7	1406.5	57600	1344355200	744062	25.11	8
2012-08-07 17:00:00	23.0	1435.6	61200	1344358800	770737	26.11	8
2012-08-07 18:00:00	23.4	1358.0	64800	1344362400	719502	26.11	8
2012-08-07 19:00:00	23.2	1416.2	68400	1344366000	758339	26.11	8
2012-08-07 20:00:00	22.9	1484.1	72000	1344369600	804275	25.11	8
2012-08-07 21:00:00	22.4	1484.1	75600	1344373200	794953	25.11	8
2012-08-07 22:00:00	22.2	1455.0	79200	1344376800	771535	25.11	8
2012-08-07 23:00:00	22.2	1455.0	82800	1344380400	771535	25.11	8
2012-08-08 00:00:00	21.4	1125.2	0	1344384000	554865	24.11	8
2012-08-08 01:00:00	21.6	1057.3	3600	1344387600	521198	24.11	8
2012-08-08 02:00:00	22.0	1067.0	7200	1344391200	531226	24.11	8
2012-08-08 03:00:00	21.4	999.1	10800	1344394800	491244	24.11	8
2012-08-08 04:00:00	21.4	1018.5	14400	1344398400	500514	24.11	8
2012-08-08 05:00:00	22.2	1028.2	18000	1344402000	513331	25.11	8
2012-08-08 06:00:00	23.6	1057.3	21600	1344405600	538720	26.11	8
2012-08-08 07:00:00	24.8	1484.1	25200	1344409200	852774	26.11	8
2012-08-08 08:00:00	24.1	1503.5	28800	1344412800	838220	26.11	8
2012-08-08 09:00:00	22.9	1571.4	32400	1344416400	897743	22.11	8
2012-08-08 10:00:00	23.7	1455.0	36000	1344420000	792478	26.11	8
2012-08-08 11:00:00	22.4	1328.9	39600	1344423600	687431	25.11	8
2012-08-08 12:00:00	21.5	1348.3	43200	1344427200	688365	24.11	8
2012-08-08 13:00:00	21.4	1387.1	46800	1344430800	712572	24.11	8
2012-08-08 14:00:00	21.9	1455.0	50400	1344434400	798063	21.11	8
2012-08-08 15:00:00	22.2	2706.3	54000	1344438000	1435736	25.11	8
2012-08-08 16:00:00	21.3	2560.8	57600	1344441600	1396731	24.11	8
2012-08-08 17:00:00	21.7	2560.8	61200	1344445200	1440965	21.11	8
2012-08-08 18:00:00	22.4	1716.9	64800	1344448800	863764	25.11	8
2012-08-08 19:00:00	22.5	1775.1	68400	1344452400	898089	25.11	8
2012-08-08 20:00:00	22.4	1784.8	72000	1344456000	902454	25.11	8
2012-08-08 21:00:00	22.0	1784.8	75600	1344459600	898718	25.11	8
2012-08-08 22:00:00	21.8	1755.7	79200	1344463200	876567	24.11	8
2012-08-08 23:00:00	21.8	1668.4	82800	1344466800	828217	24.11	8
2012-08-09 00:00:00	21.5	1105.8	0	1344470400	545378	24.11	8
2012-08-09 01:00:00	21.1	1120.35	3600	1344474000	550301	24.11	8
2012-08-09 02:00:00	21.1	970.0	7200	1344477600	475973	23.11	8
2012-08-09 03:00:00	21.1	979.7	10800	1344481200	480539	23.11	8
2012-08-09 04:00:00	20.5	970.0	14400	1344484800	468804	23.11	8
2012-08-09 05:00:00	20.9	737.2	18000	1344488400	396946	20.11	8
2012-08-09 06:00:00	23.3	1513.2	21600	1344492000	830812	26.11	8
2012-08-09 07:00:00	24.1	2313.45	25200	1344495600	1303052	26.11	8
2012-08-09 08:00:00	23.9	2037.0	28800	1344499200	1089578	26.11	8
2012-08-09 09:00:00	24.3	2022.45	32400	1344502800	1094514	26.11	8
2012-08-09 10:00:00	23.8	2109.75	36000	1344506400	1138220	26.11	8
2012-08-09 11:00:00	24.1	2255.25	39600	1344510000	1257328	26.11	8
2012-08-09 12:00:00	24.9	2473.5	43200	1344513600	1504926	26.11	8
2012-08-09 13:00:00	24.1	2604.45	46800	1344517200	1466247	26.11	8
2012-08-09 14:00:00	24.8	1008.8	50400	1344520800	538078	26.11	8
2012-08-09 15:00:00	25.0	1484.1	54000	1344524400	865284	26.11	8
2012-08-09 16:00:00	23.2	1367.7	57600	1344528000	724458	26.11	8
2012-08-09 17:00:00	22.4	1639.3	61200	1344531600	821471	25.11	8
2012-08-09 18:00:00	23.9	1716.9	64800	1344535200	885120	26.11	8
2012-08-09 19:00:00	21.5	1794.5	68400	1344538800	892904	24.11	8
2012-08-09 20:00:00	20.9	1843.0	72000	1344542400	913384	23.11	8
2012-08-09 21:00:00	21.1	1872.1	75600	1344546000	932934	24.11	8
2012-08-09 22:00:00	21.1	1833.3	79200	1344549600	910184	24.11	8
2012-08-09 23:00:00	21.6	1775.1	82800	1344553200	883503	24.11	8
2012-08-10 00:00:00	22.9	1348.3	0	1344556800	707926	25.11	8
2012-08-10 01:00:00	23.3	1018.5	3600	1344560400	517014	26.11	8
2012-08-10 02:00:00	23.4	1241.6	7200	1344564000	643448	26.11	8
2012-08-10 03:00:00	23.4	1193.1	10800	1344567600	613853	26.11	8
2012-08-10 04:00:00	23.4	1164.0	14400	1344571200	596686	26.11	8
2012-08-10 05:00:00	22.5	1164.0	18000	1344574800	587575	25.11	8
2012-08-10 06:00:00	20.7	1047.6	21600	1344578400	507311	23.11	8
2012-08-10 07:00:00	20.9	1455.0	25200	1344582000	781047	20.11	8
2012-08-10 08:00:00	20.9	1542.3	28800	1344585600	840230	20.11	8
2012-08-10 09:00:00	21.8	1464.7	32400	1344589200	773599	24.11	8
2012-08-10 10:00:00	22.2	1416.2	36000	1344592800	744225	25.11	8
2012-08-10 11:00:00	22.5	1484.1	39600	1344596400	796411	25.11	8
2012-08-10 12:00:00	22.7	1522.9	43200	1344600000	828959	25.11	8
2012-08-10 13:00:00	23.7	1561.7	46800	1344603600	874561	26.11	8
2012-08-10 14:00:00	22.8	737.2	50400	1344607200	397400	25.11	8
2012-08-10 15:00:00	23.2	1823.6	54000	1344610800	939348	26.11	8
2012-08-10 16:00:00	23.0	1726.6	57600	1344614400	879709	25.11	8
2012-08-10 17:00:00	23.5	1726.6	61200	1344618000	884818	26.11	8
2012-08-10 18:00:00	23.0	1755.7	64800	1344621600	896620	25.11	8
2012-08-10 19:00:00	22.9	1765.4	68400	1344625200	899706	25.11	8
2012-08-10 20:00:00	22.5	1813.9	72000	1344628800	920844	25.11	8
2012-08-10 21:00:00	22.9	1823.6	75600	1344632400	934426	25.11	8
2012-08-10 22:00:00	22.9	1784.8	79200	1344636000	911148	25.11	8
2012-08-10 23:00:00	22.7	1755.7	82800	1344639600	889939	25.11	8
2012-08-11 00:00:00	22.5	1173.7	0	1344643200	593127	25.11	8
2012-08-11 01:00:00	22.0	1251.3	3600	1344646800	635504	25.11	8
2012-08-11 02:00:00	21.3	1037.9	7200	1344650400	509357	24.11	8
2012-08-11 03:00:00	20.0	989.4	10800	1344654000	473494	22.11	8
2012-08-11 04:00:00	20.3	1008.8	14400	1344657600	485242	23.11	8
2012-08-11 05:00:00	20.3	58.2	18000	1344661200	48296	22.11	8
2012-08-11 06:00:00	20.9	999.1	21600	1344664800	486417	23.11	8
2012-08-11 07:00:00	21.6	1629.6	25200	1344668400	804191	24.11	8
2012-08-11 08:00:00	22.0	1455.0	28800	1344672000	769729	25.11	8
2012-08-11 09:00:00	22.0	1367.7	32400	1344675600	709626	25.11	8
2012-08-11 10:00:00	22.0	1358.0	36000	1344679200	703187	25.11	8
2012-08-11 11:00:00	21.9	1416.2	39600	1344682800	741809	24.11	8
2012-08-11 13:00:00	22.7	1736.3	46800	1344690000	878803	25.11	8
2012-08-11 14:00:00	23.0	1125.2	50400	1344693600	571748	25.11	8
2012-08-11 15:00:00	22.2	1862.4	54000	1344697200	946270	25.11	8
2012-08-11 16:00:00	23.2	1833.3	57600	1344700800	945251	26.11	8
2012-08-11 17:00:00	23.2	1843.0	61200	1344704400	951186	26.11	8
2012-08-11 18:00:00	21.6	1813.9	64800	1344708000	905867	24.11	8
2012-08-11 19:00:00	21.6	1755.7	68400	1344711600	872513	24.11	8
2012-08-11 20:00:00	21.1	1843.0	72000	1344715200	915824	24.11	8
2012-08-11 21:00:00	21.8	1862.4	75600	1344718800	939205	24.11	8
2012-08-11 22:00:00	22.0	1775.1	79200	1344722400	893143	25.11	8
2012-08-11 23:00:00	21.8	1746.0	82800	1344726000	871066	24.11	8
2012-08-12 00:00:00	20.4	1309.5	0	1344729600	648988	23.11	8
2012-08-12 01:00:00	19.6	1067.0	3600	1344733200	504607	22.11	8
2012-08-12 02:00:00	18.9	1144.6	7200	1344736800	537596	22.11	8
2012-08-12 03:00:00	18.6	1173.7	10800	1344740400	547100	21.11	8
2012-08-12 04:00:00	18.9	1164.0	14400	1344744000	547701	22.11	8
2012-08-12 05:00:00	18.6	1154.3	18000	1344747600	536761	21.11	8
2012-08-12 06:00:00	18.6	1037.9	21600	1344751200	478553	21.11	8
2012-08-12 07:00:00	19.0	1435.6	25200	1344754800	709260	22.11	8
2012-08-12 08:00:00	18.6	1377.4	28800	1344758400	666374	21.11	8
2012-08-12 09:00:00	19.8	1367.7	32400	1344762000	707272	19.11	8
2012-08-12 10:00:00	19.4	1387.1	36000	1344765600	683599	22.11	8
2012-08-12 11:00:00	20.2	1513.2	39600	1344769200	781574	23.11	8
2012-08-12 12:00:00	20.7	1697.5	43200	1344772800	825916	23.11	8
2012-08-12 13:00:00	19.9	1784.8	46800	1344776400	862109	22.11	8
2012-08-12 14:00:00	20.5	776.0	50400	1344780000	407519	23.11	8
2012-08-12 15:00:00	20.1	1678.1	54000	1344783600	807082	23.11	8
2012-08-12 16:00:00	20.4	1687.8	57600	1344787200	815567	23.11	8
2012-08-12 17:00:00	19.9	1765.4	61200	1344790800	851253	22.11	8
2012-08-12 18:00:00	20.3	1765.4	64800	1344794400	855876	23.11	8
2012-08-12 19:00:00	19.7	1765.4	68400	1344798000	845181	22.11	8
2012-08-12 20:00:00	19.2	1707.2	72000	1344801600	804628	22.11	8
2012-08-12 21:00:00	19.6	1649.0	75600	1344805200	781196	22.11	8
2012-08-12 22:00:00	19.4	1474.4	79200	1344808800	741579	22.11	8
2012-08-12 23:00:00	19.3	1328.9	82800	1344812400	645441	22.11	8
2012-08-13 00:00:00	19.5	1241.6	0	1344816000	596528	22.11	8
2012-08-13 01:00:00	18.8	1134.9	3600	1344819600	530359	21.11	8
2012-08-13 02:00:00	18.6	58.2	7200	1344823200	46230	20.11	8
2012-08-13 03:00:00	18.2	611.1	10800	1344826800	283788	21.11	8
2012-08-13 04:00:00	18.2	630.5	14400	1344830400	294633	21.11	8
2012-08-13 05:00:00	18.6	620.8	18000	1344834000	292351	21.11	8
2012-08-13 06:00:00	19.7	1067.0	21600	1344837600	505939	22.11	8
2012-08-13 07:00:00	19.7	1668.4	25200	1344841200	793346	22.11	8
2012-08-13 08:00:00	19.2	1503.5	28800	1344844800	758053	22.11	8
2012-08-13 09:00:00	19.7	1406.5	32400	1344848400	702427	22.11	8
2012-08-13 10:00:00	19.6	1319.2	36000	1344852000	644547	22.11	8
2012-08-13 11:00:00	20.1	1348.3	39600	1344855600	669651	23.11	8
2012-08-13 12:00:00	19.8	1445.3	43200	1344859200	755407	19.11	8
2012-08-13 13:00:00	20.1	1561.7	46800	1344862800	815192	23.11	8
2012-08-13 14:00:00	20.3	1154.3	50400	1344866400	558287	23.11	8
2012-08-13 15:00:00	21.1	1571.4	54000	1344870000	839752	24.11	8
2012-08-13 16:00:00	21.0	1658.7	57600	1344873600	813012	23.11	8
2012-08-13 17:00:00	21.1	1687.8	61200	1344877200	829310	24.11	8
2012-08-13 18:00:00	21.1	1649.0	64800	1344880800	808925	24.11	8
2012-08-13 19:00:00	20.9	1571.4	68400	1344884400	860771	20.11	8
2012-08-13 20:00:00	21.3	1619.9	72000	1344888000	795648	24.11	8
2012-08-13 21:00:00	20.8	1552.0	75600	1344891600	845163	20.11	8
2012-08-13 22:00:00	21.3	1484.1	79200	1344895200	778286	24.11	8
2012-08-13 23:00:00	21.5	1435.6	82800	1344898800	747127	24.11	8
2012-08-14 00:00:00	21.3	1115.5	0	1344902400	548955	24.11	8
2012-08-14 01:00:00	21.6	1164.0	3600	1344906000	578045	24.11	8
2012-08-14 02:00:00	21.5	582.0	7200	1344909600	288490	24.11	8
2012-08-14 03:00:00	21.8	1037.9	10800	1344913200	513498	24.11	8
2012-08-14 04:00:00	22.2	1057.3	14400	1344916800	527999	25.11	8
2012-08-14 05:00:00	22.2	1008.8	18000	1344920400	503789	25.11	8
2012-08-14 06:00:00	22.0	1154.3	21600	1344924000	578773	24.11	8
2012-08-14 07:00:00	22.2	1619.9	25200	1344927600	809554	25.11	8
2012-08-14 08:00:00	22.2	1542.3	28800	1344931200	835804	25.11	8
2012-08-14 09:00:00	22.3	1513.2	32400	1344934800	815143	25.11	8
2012-08-14 10:00:00	22.9	1600.5	36000	1344938400	807783	25.11	8
2012-08-14 11:00:00	23.0	1629.6	39600	1344942000	825486	25.11	8
2012-08-14 12:00:00	22.5	1775.1	43200	1344945600	898089	25.11	8
2012-08-14 13:00:00	23.0	1522.9	46800	1344949200	835463	26.11	8
2012-08-14 14:00:00	22.9	640.2	50400	1344952800	331637	25.11	8
2012-08-14 15:00:00	22.9	58.2	54000	1344956400	51486	25.11	8
2012-08-14 16:00:00	23.5	1678.1	57600	1344960000	857245	26.11	8
2012-08-14 17:00:00	23.0	1668.4	61200	1344963600	846777	25.11	8
2012-08-14 18:00:00	23.0	1552.0	64800	1344967200	857920	26.11	8
2012-08-14 19:00:00	23.6	1358.0	68400	1344970800	721688	26.11	8
2012-08-14 20:00:00	23.2	1280.4	72000	1344974400	666563	26.11	8
2012-08-14 21:00:00	21.7	1222.2	75600	1344978000	612887	24.11	8
2012-08-14 22:00:00	20.7	1222.2	79200	1344981600	601234	23.11	8
2012-08-14 23:00:00	20.3	1193.1	82800	1344985200	579526	23.11	8
2012-08-15 00:00:00	20.1	669.3	0	1344988800	331787	23.11	8
2012-08-15 01:00:00	20.1	640.2	3600	1344992400	314022	23.11	8
2012-08-15 02:00:00	19.8	999.1	7200	1344996000	474736	22.11	8
2012-08-15 03:00:00	19.6	834.2	10800	1344999600	403262	22.11	8
2012-08-15 04:00:00	19.8	785.7	14400	1345003200	419821	19.11	8
2012-08-15 05:00:00	19.6	785.7	18000	1345006800	417865	19.11	8
2012-08-15 06:00:00	20.4	649.9	21600	1345010400	321515	23.11	8
2012-08-15 07:00:00	21.3	698.4	25200	1345014000	358898	24.11	8
2012-08-15 08:00:00	22.0	698.4	28800	1345017600	364619	25.11	8
2012-08-15 09:00:00	22.2	58.2	32400	1345021200	50571	24.11	8
2012-08-15 10:00:00	22.3	1008.8	36000	1345024800	504235	25.11	8
2012-08-15 11:00:00	22.7	1115.5	39600	1345028400	562342	25.11	8
2012-08-15 12:00:00	22.0	1445.3	43200	1345032000	762859	25.11	8
2012-08-15 13:00:00	22.0	1658.7	46800	1345035600	827811	24.11	8
2012-08-15 14:00:00	22.5	1619.9	50400	1345039200	812227	25.11	8
2012-08-15 15:00:00	22.5	1425.9	54000	1345042800	754509	25.11	8
2012-08-15 16:00:00	22.4	1493.8	57600	1345046400	802085	25.11	8
2012-08-15 17:00:00	22.2	1455.0	61200	1345050000	771535	25.11	8
2012-08-15 18:00:00	21.7	1328.9	64800	1345053600	678987	24.11	8
2012-08-15 19:00:00	21.5	1067.0	68400	1345057200	525264	24.11	8
2012-08-15 20:00:00	20.9	979.7	72000	1345060800	477289	23.11	8
2012-08-15 21:00:00	20.9	1008.8	75600	1345064400	491052	23.11	8
2012-08-15 22:00:00	20.2	679.0	79200	1345068000	338440	23.11	8
2012-08-15 23:00:00	19.3	659.6	82800	1345071600	319761	22.11	8
2012-08-16 00:00:00	19.3	649.9	0	1345075200	313904	22.11	8
2012-08-16 01:00:00	18.6	640.2	3600	1345078800	303582	21.11	8
2012-08-16 02:00:00	18.6	698.4	7200	1345082400	339371	21.11	8
2012-08-16 03:00:00	18.4	1338.6	10800	1345086000	638110	21.11	8
2012-08-16 04:00:00	17.3	1309.5	14400	1345089600	603467	20.11	8
2012-08-16 05:00:00	17.8	1251.3	18000	1345093200	607373	17.11	8
2012-08-16 06:00:00	18.6	1280.4	21600	1345096800	607159	21.11	8
2012-08-16 07:00:00	19.6	1358.0	25200	1345100400	668806	22.11	8
2012-08-16 08:00:00	20.5	1406.5	28800	1345104000	712848	23.11	8
2012-08-16 09:00:00	20.6	1474.4	32400	1345107600	761289	23.11	8
2012-08-16 10:00:00	20.0	785.7	36000	1345111200	410481	23.11	8
2012-08-16 11:00:00	20.0	853.6	39600	1345114800	414639	22.11	8
2012-08-16 12:00:00	20.1	960.3	43200	1345118400	462004	22.11	8
2012-08-16 13:00:00	20.2	843.9	46800	1345122000	413909	22.11	8
2012-08-16 14:00:00	21.2	911.8	50400	1345125600	450977	24.11	8
2012-08-16 15:00:00	20.3	911.8	54000	1345129200	442297	23.11	8
2012-08-16 16:00:00	20.4	911.8	57600	1345132800	442819	23.11	8
2012-08-16 17:00:00	20.1	911.8	61200	1345136400	440414	22.11	8
2012-08-16 18:00:00	19.8	911.8	64800	1345140000	436041	22.11	8
2012-08-16 19:00:00	19.7	931.2	68400	1345143600	443205	22.11	8
2012-08-16 20:00:00	18.9	911.8	72000	1345147200	426667	21.11	8
2012-08-16 21:00:00	19.0	766.3	75600	1345150800	387667	22.11	8
2012-08-16 22:00:00	18.7	873.0	79200	1345154400	408397	21.11	8
2012-08-16 23:00:00	18.6	843.9	82800	1345158000	396287	21.11	8
2012-08-17 00:00:00	18.4	843.9	0	1345161600	394885	21.11	8
2012-08-17 01:00:00	18.4	843.9	3600	1345165200	394885	21.11	8
2012-08-17 02:00:00	18.2	776.0	7200	1345168800	387272	21.11	8
2012-08-17 03:00:00	18.2	756.6	10800	1345172400	373787	21.11	8
2012-08-17 04:00:00	18.2	776.0	14400	1345176000	387272	21.11	8
2012-08-17 05:00:00	17.6	756.6	18000	1345179600	378588	17.11	8
2012-08-17 06:00:00	19.3	727.5	21600	1345183200	363292	22.11	8
2012-08-17 07:00:00	20.1	766.3	25200	1345186800	397022	23.11	8
2012-08-17 08:00:00	20.7	795.4	28800	1345190400	435424	20.11	8
2012-08-17 09:00:00	21.4	805.1	32400	1345194000	408809	24.11	8
2012-08-17 10:00:00	21.7	640.2	36000	1345197600	324116	24.11	8
2012-08-17 11:00:00	21.5	717.8	39600	1345201200	373567	24.11	8
2012-08-17 12:00:00	20.9	717.8	43200	1345204800	384200	20.11	8
2012-08-17 13:00:00	21.7	708.1	46800	1345208400	368664	24.11	8
2012-08-17 14:00:00	21.6	708.1	50400	1345212000	367717	24.11	8
2012-08-17 15:00:00	21.8	1008.8	54000	1345215600	499149	24.11	8
2012-08-17 16:00:00	21.3	989.4	57600	1345219200	486128	24.11	8
2012-08-17 17:00:00	21.2	756.6	61200	1345222800	398964	24.11	8
2012-08-17 18:00:00	21.5	737.2	64800	1345226400	387236	24.11	8
2012-08-17 19:00:00	21.5	669.3	68400	1345230000	341039	24.11	8
2012-08-17 20:00:00	21.5	649.9	72000	1345233600	328692	24.11	8
2012-08-17 21:00:00	21.6	630.5	75600	1345237200	317380	24.11	8
2012-08-17 22:00:00	21.4	649.9	79200	1345240800	328078	24.11	8
2012-08-17 23:00:00	21.1	649.9	82800	1345244400	326649	24.11	8
2012-08-18 00:00:00	21.3	640.2	0	1345248000	321553	24.11	8
2012-08-18 01:00:00	20.9	640.2	3600	1345251600	320021	24.11	8
2012-08-18 02:00:00	19.8	640.2	7200	1345255200	312593	22.11	8
2012-08-18 03:00:00	18.6	669.3	10800	1345258800	321086	21.11	8
2012-08-18 04:00:00	18.2	669.3	14400	1345262400	317401	21.11	8
2012-08-18 05:00:00	17.6	669.3	18000	1345266000	313561	20.11	8
2012-08-18 06:00:00	19.5	659.6	21600	1345269600	321343	22.11	8
2012-08-18 07:00:00	19.0	679.0	25200	1345273200	329833	22.11	8
2012-08-18 08:00:00	19.4	679.0	28800	1345276800	332541	22.11	8
2012-08-18 10:00:00	19.9	843.9	36000	1345284000	409597	22.11	8
2012-08-18 11:00:00	19.8	1561.7	39600	1345287600	832887	19.11	8
2012-08-18 12:00:00	19.6	1416.2	43200	1345291200	706531	22.11	8
2012-08-18 13:00:00	19.2	1338.6	46800	1345294800	650033	22.11	8
2012-08-18 14:00:00	18.6	1338.6	50400	1345298400	642166	21.11	8
2012-08-18 15:00:00	18.5	1377.4	54000	1345302000	664150	21.11	8
2012-08-18 16:00:00	18.3	1358.0	57600	1345305600	648242	21.11	8
2012-08-18 17:00:00	18.1	1251.3	61200	1345309200	582564	21.11	8
2012-08-18 18:00:00	17.6	1231.9	64800	1345312800	565083	20.11	8
2012-08-18 19:00:00	17.3	834.2	68400	1345316400	378729	20.11	8
2012-08-18 20:00:00	17.0	717.8	72000	1345320000	337660	20.11	8
2012-08-18 21:00:00	16.7	911.8	75600	1345323600	399267	19.11	8
2012-08-18 22:00:00	16.5	659.6	79200	1345327200	298723	19.11	8
2012-08-18 23:00:00	16.3	640.2	82800	1345330800	285415	19.11	8
2012-08-19 00:00:00	15.9	679.0	0	1345334400	315238	15.11	8
2012-08-19 01:00:00	15.6	669.3	3600	1345338000	306960	15.11	8
2012-08-19 02:00:00	16.1	873.0	7200	1345341600	378419	19.11	8
2012-08-19 03:00:00	15.8	1251.3	10800	1345345200	571542	15.11	8
2012-08-19 04:00:00	15.9	1241.6	14400	1345348800	568450	15.11	8
2012-08-19 05:00:00	16.6	1202.8	18000	1345352400	534494	19.11	8
2012-08-19 06:00:00	17.1	698.4	21600	1345356000	326300	20.11	8
2012-08-19 07:00:00	18.0	1358.0	25200	1345359600	643846	21.11	8
2012-08-19 08:00:00	19.0	1299.8	28800	1345363200	624367	22.11	8
2012-08-19 09:00:00	19.3	1445.3	32400	1345366800	720065	22.11	8
2012-08-19 10:00:00	19.2	630.5	36000	1345370400	301869	22.11	8
2012-08-19 11:00:00	20.0	679.0	39600	1345374000	337410	23.11	8
2012-08-19 12:00:00	20.3	679.0	43200	1345377600	339057	23.11	8
2012-08-19 13:00:00	19.6	688.7	46800	1345381200	340605	22.11	8
2012-08-19 14:00:00	19.1	688.7	50400	1345384800	336485	22.11	8
2012-08-19 15:00:00	18.6	688.7	54000	1345388400	333190	21.11	8
2012-08-19 16:00:00	18.8	970.0	57600	1345392000	450300	21.11	8
2012-08-19 17:00:00	18.8	698.4	61200	1345395600	353678	18.11	8
2012-08-19 18:00:00	19.0	679.0	64800	1345399200	329833	22.11	8
2012-08-19 19:00:00	18.8	669.3	68400	1345402800	336476	18.11	8
2012-08-19 20:00:00	18.2	659.6	72000	1345406400	311575	21.11	8
2012-08-19 21:00:00	18.6	630.5	75600	1345410000	297922	21.11	8
2012-08-19 22:00:00	18.9	649.9	79200	1345413600	326282	18.11	8
2012-08-19 23:00:00	18.2	649.9	82800	1345417200	305838	21.11	8
2012-08-20 00:00:00	18.0	649.9	0	1345420800	304585	21.11	8
2012-08-20 01:00:00	17.8	649.9	3600	1345424400	316777	17.11	8
2012-08-20 02:00:00	17.8	640.2	7200	1345428000	311480	17.11	8
2012-08-20 03:00:00	18.2	640.2	10800	1345431600	300191	21.11	8
2012-08-20 04:00:00	18.0	649.9	14400	1345435200	304585	21.11	8
2012-08-20 05:00:00	18.2	640.2	18000	1345438800	300191	21.11	8
2012-08-20 06:00:00	18.6	640.2	21600	1345442400	303582	21.11	8
2012-08-20 07:00:00	19.2	659.6	25200	1345446000	319095	22.11	8
2012-08-20 08:00:00	19.4	669.3	28800	1345449600	326479	22.11	8
2012-08-20 09:00:00	19.4	659.6	32400	1345453200	320508	22.11	8
2012-08-20 10:00:00	19.6	659.6	36000	1345456800	322276	22.11	8
2012-08-20 11:00:00	19.2	960.3	39600	1345460400	451917	22.11	8
2012-08-20 12:00:00	19.2	989.4	43200	1345464000	464706	22.11	8
2012-08-20 13:00:00	18.8	999.1	46800	1345467600	463461	21.11	8
2012-08-20 14:00:00	19.0	989.4	50400	1345471200	462731	21.11	8
2012-08-20 15:00:00	20.0	989.4	54000	1345474800	473494	22.11	8
2012-08-20 16:00:00	20.0	989.4	57600	1345478400	473494	22.11	8
2012-08-20 17:00:00	19.3	979.7	61200	1345482000	461023	22.11	8
2012-08-20 18:00:00	17.6	970.0	64800	1345485600	435247	20.11	8
2012-08-20 19:00:00	17.8	717.8	68400	1345489200	356204	17.11	8
2012-08-20 20:00:00	17.9	717.8	72000	1345492800	357155	17.11	8
2012-08-20 21:00:00	17.9	688.7	75600	1345496400	339723	17.11	8
2012-08-20 22:00:00	17.9	669.3	79200	1345500000	328523	17.11	8
2012-08-20 23:00:00	17.9	630.5	82800	1345503600	307130	17.11	8
2012-08-21 00:00:00	17.4	640.2	0	1345507200	294228	20.11	8
2012-08-21 01:00:00	16.8	630.5	3600	1345510800	297435	16.11	8
2012-08-21 02:00:00	16.5	679.0	7200	1345514400	321026	16.11	8
2012-08-21 03:00:00	16.3	776.0	10800	1345518000	377681	16.11	8
2012-08-21 04:00:00	16.3	756.6	14400	1345521600	365308	16.11	8
2012-08-21 05:00:00	15.7	746.9	18000	1345525200	353013	15.11	8
2012-08-21 06:00:00	17.1	717.8	21600	1345528800	338497	20.11	8
2012-08-21 07:00:00	18.2	785.7	25200	1345532400	394144	21.11	8
2012-08-21 08:00:00	19.2	853.6	28800	1345536000	408173	21.11	8
2012-08-21 09:00:00	19.6	921.5	32400	1345539600	438148	22.11	8
2012-08-21 10:00:00	19.2	649.9	36000	1345543200	313261	22.11	8
2012-08-21 11:00:00	20.3	1396.8	39600	1345546800	703261	23.11	8
2012-08-21 12:00:00	19.5	1416.2	43200	1345550400	704429	22.11	8
2012-08-21 13:00:00	19.2	1396.8	46800	1345554000	686673	22.11	8
2012-08-21 14:00:00	20.0	1406.5	50400	1345557600	706064	23.11	8
2012-08-21 15:00:00	20.1	1464.7	54000	1345561200	746271	23.11	8
2012-08-21 16:00:00	19.7	1425.9	57600	1345564800	715313	22.11	8
2012-08-21 17:00:00	19.6	1387.1	61200	1345568400	687469	22.11	8
2012-08-21 18:00:00	18.6	1348.3	64800	1345572000	648153	21.11	8
2012-08-21 19:00:00	18.3	1028.2	68400	1345575600	470784	21.11	8
2012-08-21 20:00:00	18.7	1028.2	72000	1345579200	475412	21.11	8
2012-08-21 21:00:00	18.2	649.9	75600	1345582800	305838	21.11	8
2012-08-21 22:00:00	17.5	989.4	79200	1345586400	442445	20.11	8
2012-08-21 23:00:00	17.1	698.4	82800	1345590000	326300	20.11	8
2012-08-22 00:00:00	16.7	688.7	0	1345593600	328456	16.11	8
2012-08-22 01:00:00	16.5	688.7	3600	1345597200	326533	16.11	8
2012-08-22 02:00:00	16.5	659.6	7200	1345600800	298723	19.11	8
2012-08-22 03:00:00	16.7	1299.8	10800	1345604400	613683	16.11	8
2012-08-22 04:00:00	16.3	1261.0	14400	1345608000	559982	19.11	8
2012-08-22 05:00:00	16.0	1193.1	18000	1345611600	519048	19.11	8
2012-08-22 06:00:00	18.0	1222.2	21600	1345615200	565432	21.11	8
2012-08-22 07:00:00	19.2	1261.0	25200	1345618800	603733	22.11	8
2012-08-22 08:00:00	19.5	1319.2	28800	1345622400	642681	22.11	8
2012-08-22 09:00:00	19.7	1396.8	32400	1345626000	696050	22.11	8
2012-08-22 10:00:00	20.1	620.8	36000	1345629600	302640	23.11	8
2012-08-22 11:00:00	20.0	999.1	39600	1345633200	478056	22.11	8
2012-08-22 12:00:00	20.3	1309.5	43200	1345636800	647712	23.11	8
2012-08-22 13:00:00	20.2	1261.0	46800	1345640400	617465	23.11	8
2012-08-22 14:00:00	20.8	1280.4	50400	1345644000	637915	23.11	8
2012-08-22 15:00:00	20.2	1309.5	54000	1345647600	646588	23.11	8
2012-08-22 16:00:00	19.7	1338.6	57600	1345651200	658714	22.11	8
2012-08-22 17:00:00	19.6	1338.6	61200	1345654800	656587	22.11	8
2012-08-22 18:00:00	19.4	1231.9	64800	1345658400	589519	22.11	8
2012-08-22 19:00:00	19.6	892.4	68400	1345662000	426107	22.11	8
2012-08-22 20:00:00	19.1	795.4	72000	1345665600	409359	22.11	8
2012-08-22 21:00:00	19.6	659.6	75600	1345669200	322276	22.11	8
2012-08-22 22:00:00	19.4	756.6	79200	1345672800	384254	22.11	8
2012-08-22 23:00:00	18.8	727.5	82800	1345676400	371653	18.11	8
2012-08-23 00:00:00	18.2	708.1	0	1345680000	341587	21.11	8
2012-08-23 01:00:00	17.8	688.7	3600	1345683600	338802	17.11	8
2012-08-23 02:00:00	17.8	630.5	7200	1345687200	306266	17.11	8
2012-08-23 03:00:00	18.0	756.6	10800	1345690800	372069	21.11	8
2012-08-23 04:00:00	17.6	737.2	14400	1345694400	366271	17.11	8
2012-08-23 05:00:00	17.6	746.9	18000	1345698000	372387	17.11	8
2012-08-23 06:00:00	19.0	756.6	21600	1345701600	380881	22.11	8
2012-08-23 07:00:00	20.2	824.5	25200	1345705200	406200	22.11	8
2012-08-23 08:00:00	21.7	931.2	28800	1345708800	462166	24.11	8
2012-08-23 09:00:00	21.2	979.7	32400	1345712400	481147	24.11	8
2012-08-23 10:00:00	21.3	688.7	36000	1345716000	352436	24.11	8
2012-08-23 11:00:00	21.5	1561.7	39600	1345719600	838704	24.11	8
2012-08-23 12:00:00	21.0	1600.5	43200	1345723200	782540	23.11	8
2012-08-23 13:00:00	21.0	1619.9	46800	1345726800	792571	23.11	8
2012-08-23 14:00:00	20.8	1658.7	50400	1345730400	807548	23.11	8
2012-08-23 15:00:00	21.0	1678.1	54000	1345734000	823402	24.11	8
2012-08-23 16:00:00	20.7	1687.8	57600	1345737600	820730	23.11	8
2012-08-23 17:00:00	20.2	1707.2	61200	1345741200	823307	23.11	8
2012-08-23 18:00:00	19.8	1668.4	64800	1345744800	795889	22.11	8
2012-08-23 19:00:00	19.2	1193.1	68400	1345748400	565627	22.11	8
2012-08-23 20:00:00	19.3	1076.7	72000	1345752000	506299	22.11	8
2012-08-23 21:00:00	19.2	679.0	75600	1345755600	331036	22.11	8
2012-08-23 22:00:00	19.0	1037.9	79200	1345759200	485720	22.11	8
2012-08-23 23:00:00	18.8	746.9	82800	1345762800	384067	18.11	8
2012-08-24 00:00:00	18.4	756.6	0	1345766400	375832	21.11	8
2012-08-24 01:00:00	18.6	746.9	3600	1345770000	382151	18.11	8
2012-08-24 02:00:00	18.4	669.3	7200	1345773600	319058	21.11	8
2012-08-24 03:00:00	18.4	1193.1	10800	1345777200	554346	21.11	8
2012-08-24 04:00:00	18.4	1231.9	14400	1345780800	575701	21.11	8
2012-08-24 05:00:00	18.4	1212.5	18000	1345784400	564934	21.11	8
2012-08-24 06:00:00	19.9	1290.1	21600	1345788000	663540	19.11	8
2012-08-24 07:00:00	20.6	1387.1	25200	1345791600	701822	23.11	8
2012-08-24 08:00:00	20.7	1445.3	28800	1345795200	743230	23.11	8
2012-08-24 09:00:00	21.9	1522.9	32400	1345798800	844744	21.11	8
2012-08-24 10:00:00	21.3	679.0	36000	1345802400	346070	24.11	8
2012-08-24 11:00:00	21.0	1387.1	39600	1345806000	708322	24.11	8
2012-08-24 12:00:00	20.3	1445.3	43200	1345809600	735743	23.11	8
2012-08-24 13:00:00	20.9	1474.4	46800	1345813200	793883	20.11	8
2012-08-24 14:00:00	21.0	1513.2	50400	1345816800	795588	24.11	8
2012-08-24 15:00:00	20.1	1561.7	54000	1345820400	815192	23.11	8
2012-08-24 16:00:00	19.5	1571.4	57600	1345824000	812430	22.11	8
2012-08-24 17:00:00	19.8	1532.6	61200	1345827600	812921	19.11	8
2012-08-24 18:00:00	20.1	1484.1	64800	1345831200	759689	23.11	8
2012-08-24 19:00:00	20.7	1202.8	68400	1345834800	590041	23.11	8
2012-08-24 20:00:00	20.7	1086.4	72000	1345838400	526852	23.11	8
2012-08-24 21:00:00	20.6	708.1	75600	1345842000	360621	23.11	8
2012-08-24 22:00:00	20.6	853.6	79200	1345845600	420271	23.11	8
2012-08-24 23:00:00	20.2	814.8	82800	1345849200	402420	22.11	8
2012-08-25 00:00:00	20.4	795.4	0	1345852800	420966	23.11	8
2012-08-25 01:00:00	20.4	785.7	3600	1345856400	413700	23.11	8
2012-08-25 02:00:00	20.2	679.0	7200	1345860000	338440	23.11	8
2012-08-25 03:00:00	20.2	863.3	10800	1345863600	421815	22.11	8
2012-08-25 04:00:00	19.7	911.8	14400	1345867200	434992	22.11	8
2012-08-25 05:00:00	19.9	843.9	18000	1345870800	409597	22.11	8
2012-08-25 06:00:00	20.8	950.6	21600	1345874400	462782	23.11	8
2012-08-25 08:00:00	21.3	999.1	28800	1345881600	490681	24.11	8
2012-08-25 09:00:00	21.2	1309.5	32400	1345885200	660168	24.11	8
2012-08-25 10:00:00	21.4	746.9	36000	1345888800	393375	24.11	8
2012-08-25 11:00:00	21.5	1377.4	39600	1345892400	707527	24.11	8
2012-08-25 12:00:00	22.2	1396.8	43200	1345896000	730858	25.11	8
2012-08-25 13:00:00	18.9	1435.6	46800	1345899600	732980	18.11	8
2012-08-25 14:00:00	20.3	1435.6	50400	1345903200	729154	23.11	8
2012-08-25 15:00:00	21.1	1464.7	54000	1345906800	762094	24.11	8
2012-08-25 16:00:00	20.5	1464.7	57600	1345910400	752497	23.11	8
2012-08-25 17:00:00	19.9	1484.1	61200	1345914000	782362	19.11	8
2012-08-25 18:00:00	19.9	1435.6	64800	1345917600	751010	19.11	8
2012-08-25 19:00:00	19.6	814.8	68400	1345921200	396013	22.11	8
2012-08-25 20:00:00	20.0	727.5	72000	1345924800	369240	23.11	8
2012-08-25 21:00:00	20.6	746.9	75600	1345928400	387504	23.11	8
2012-08-25 22:00:00	21.3	698.4	79200	1345932000	358898	24.11	8
2012-08-25 23:00:00	21.1	669.3	82800	1345935600	338838	24.11	8
2012-08-26 00:00:00	21.3	649.9	0	1345939200	327540	24.11	8
2012-08-26 01:00:00	21.1	640.2	3600	1345942800	320695	24.11	8
2012-08-26 02:00:00	21.1	746.9	7200	1345946400	391358	24.11	8
2012-08-26 03:00:00	20.9	1377.4	10800	1345950000	731500	20.11	8
2012-08-26 04:00:00	20.9	1319.2	14400	1345953600	663931	24.11	8
2012-08-26 05:00:00	20.7	1261.0	18000	1345957200	624180	23.11	8
2012-08-26 06:00:00	20.5	1212.5	21600	1345960800	592669	23.11	8
2012-08-26 07:00:00	21.4	1212.5	25200	1345964400	603585	24.11	8
2012-08-26 08:00:00	22.9	1261.0	28800	1345968000	650947	25.11	8
2012-08-26 09:00:00	23.1	1328.9	32400	1345971600	697581	26.11	8
2012-08-26 10:00:00	23.4	795.4	36000	1345975200	446487	26.11	8
2012-08-26 11:00:00	23.8	1901.2	39600	1345978800	996069	26.11	8
2012-08-26 12:00:00	22.2	1833.3	43200	1345982400	928813	25.11	8
2012-08-26 13:00:00	20.0	1823.6	46800	1345986000	884673	23.11	8
2012-08-26 14:00:00	20.9	1852.7	50400	1345989600	919131	23.11	8
2012-08-26 15:00:00	21.4	1872.1	54000	1345993200	936801	24.11	8
2012-08-26 16:00:00	20.3	1910.9	57600	1345996800	939244	23.11	8
2012-08-26 17:00:00	21.4	1872.1	61200	1346000400	936801	24.11	8
2012-08-26 18:00:00	21.4	1813.9	64800	1346004000	902566	24.11	8
2012-08-26 19:00:00	20.3	1707.2	68400	1346007600	824483	23.11	8
2012-08-26 20:00:00	20.3	1707.2	72000	1346011200	824483	23.11	8
2012-08-26 21:00:00	20.3	834.2	75600	1346014800	411223	23.11	8
2012-08-26 22:00:00	20.1	1619.9	79200	1346018400	777536	23.11	8
2012-08-26 23:00:00	19.6	1571.4	82800	1346022000	835718	19.11	8
2012-08-27 00:00:00	20.1	1513.2	0	1346025600	780159	23.11	8
2012-08-27 01:00:00	19.6	1222.2	3600	1346029200	587050	22.11	8
2012-08-27 02:00:00	20.1	824.5	7200	1346032800	404596	22.11	8
2012-08-27 03:00:00	20.1	1222.2	10800	1346036400	594171	23.11	8
2012-08-27 04:00:00	20.1	1222.2	14400	1346040000	594171	23.11	8
2012-08-27 05:00:00	20.1	1241.6	18000	1346043600	605275	23.11	8
2012-08-27 06:00:00	20.9	1319.2	21600	1346047200	663931	24.11	8
2012-08-27 07:00:00	22.4	1435.6	25200	1346050800	760019	25.11	8
2012-08-27 08:00:00	22.9	1532.6	28800	1346054400	869241	22.11	8
2012-08-27 09:00:00	23.0	1716.9	32400	1346058000	874138	25.11	8
2012-08-27 10:00:00	23.4	640.2	36000	1346061600	334007	26.11	8
2012-08-27 11:00:00	23.0	1212.5	39600	1346065200	622848	25.11	8
2012-08-27 12:00:00	23.0	1212.5	43200	1346068800	622848	25.11	8
2012-08-27 13:00:00	23.0	1202.8	46800	1346072400	616974	25.11	8
2012-08-27 14:00:00	23.3	1251.3	50400	1346076000	648786	26.11	8
2012-08-27 15:00:00	23.0	1270.7	54000	1346079600	659114	25.11	8
2012-08-27 16:00:00	22.9	1280.4	57600	1346083200	663270	25.11	8
2012-08-27 17:00:00	22.5	1261.0	61200	1346086800	645273	25.11	8
2012-08-27 18:00:00	22.4	1193.1	64800	1346090400	603520	25.11	8
2012-08-27 19:00:00	23.1	1008.8	68400	1346094000	511312	25.11	8
2012-08-27 20:00:00	23.4	688.7	72000	1346097600	366437	26.11	8
2012-08-27 21:00:00	23.4	630.5	75600	1346101200	327817	26.11	8
2012-08-27 22:00:00	23.3	649.9	79200	1346104800	339896	26.11	8
2012-08-27 23:00:00	23.1	640.2	82800	1346108400	332984	26.11	8
2012-08-28 00:00:00	23.1	630.5	0	1346112000	326832	26.11	8
2012-08-28 01:00:00	23.1	630.5	3600	1346115600	326832	26.11	8
2012-08-28 02:00:00	22.7	630.5	7200	1346119200	323851	25.11	8
2012-08-28 03:00:00	22.7	1086.4	10800	1346122800	546591	25.11	8
2012-08-28 04:00:00	22.4	843.9	14400	1346126400	430971	25.11	8
2012-08-28 05:00:00	22.2	834.2	18000	1346130000	426122	24.11	8
2012-08-28 06:00:00	21.8	873.0	21600	1346133600	437909	24.11	8
2012-08-28 07:00:00	22.5	911.8	25200	1346137200	460147	25.11	8
2012-08-28 08:00:00	22.9	1231.9	28800	1346140800	632828	25.11	8
2012-08-28 09:00:00	22.7	911.8	32400	1346144400	461278	25.11	8
2012-08-28 10:00:00	23.4	504.4	36000	1346148000	256290	26.11	8
2012-08-28 11:00:00	23.3	543.2	39600	1346151600	276273	26.11	8
2012-08-28 12:00:00	21.9	552.9	43200	1346155200	275074	24.11	8
2012-08-28 13:00:00	22.5	523.8	46800	1346158800	262363	25.11	8
2012-08-28 14:00:00	21.0	552.9	50400	1346162400	271005	23.11	8
2012-08-28 15:00:00	21.1	523.8	54000	1346166000	256550	24.11	8
2012-08-28 16:00:00	20.7	523.8	57600	1346169600	253657	23.11	8
2012-08-28 17:00:00	21.1	523.8	61200	1346173200	256550	24.11	8
2012-08-28 18:00:00	21.0	533.5	64800	1346176800	260848	23.11	8
2012-08-28 19:00:00	20.6	562.6	68400	1346180400	272922	23.11	8
2012-08-28 20:00:00	19.7	543.2	72000	1346184000	257828	22.11	8
2012-08-28 21:00:00	19.3	494.7	75600	1346187600	232675	22.11	8
2012-08-28 22:00:00	19.1	533.5	79200	1346191200	250058	22.11	8
2012-08-28 23:00:00	18.9	523.8	82800	1346194800	244132	21.11	8
2012-08-29 00:00:00	18.6	514.1	0	1346198400	237002	21.11	8
2012-08-29 01:00:00	18.3	494.7	3600	1346202000	226674	21.11	8
2012-08-29 02:00:00	17.8	494.7	7200	1346205600	223470	20.11	8
2012-08-29 03:00:00	17.4	504.4	10800	1346209200	224937	20.11	8
2012-08-29 04:00:00	16.9	494.7	14400	1346212800	218124	19.11	8
2012-08-29 05:00:00	16.7	504.4	18000	1346216400	220382	19.11	8
2012-08-29 06:00:00	18.3	504.4	21600	1346220000	230989	21.11	8
2012-08-29 07:00:00	18.8	485.0	25200	1346223600	225151	21.11	8
2012-08-29 08:00:00	18.8	504.4	28800	1346227200	233972	21.11	8
2012-08-29 09:00:00	18.5	504.4	32400	1346230800	231939	21.11	8
2012-08-29 10:00:00	18.9	640.2	36000	1346234400	320880	18.11	8
2012-08-29 11:00:00	18.9	1309.5	39600	1346238000	658022	18.11	8
2012-08-29 12:00:00	19.0	1348.3	43200	1346241600	653662	22.11	8
2012-08-29 13:00:00	19.6	1348.3	46800	1346245200	662674	22.11	8
2012-08-29 14:00:00	19.7	1348.3	50400	1346248800	664826	22.11	8
2012-08-29 15:00:00	19.7	1377.4	54000	1346252400	683428	22.11	8
2012-08-29 16:00:00	19.5	1416.2	57600	1346256000	704429	22.11	8
2012-08-29 17:00:00	20.1	1445.3	61200	1346259600	733038	23.11	8
2012-08-29 18:00:00	19.5	1377.4	64800	1346263200	679193	22.11	8
2012-08-29 19:00:00	19.1	776.0	68400	1346266800	395307	22.11	8
2012-08-29 20:00:00	19.2	688.7	72000	1346270400	337143	22.11	8
2012-08-29 21:00:00	18.8	649.9	75600	1346274000	325436	18.11	8
2012-08-29 22:00:00	18.6	669.3	79200	1346277600	321086	21.11	8
2012-08-29 23:00:00	18.6	640.2	82800	1346281200	303582	21.11	8
2012-08-30 00:00:00	17.8	630.5	0	1346284800	306266	17.11	8
2012-08-30 01:00:00	17.8	630.5	3600	1346288400	306266	17.11	8
2012-08-30 02:00:00	17.8	649.9	7200	1346292000	316777	17.11	8
2012-08-30 03:00:00	17.6	1193.1	10800	1346295600	543812	20.11	8
2012-08-30 04:00:00	17.3	1144.6	14400	1346299200	513364	20.11	8
2012-08-30 05:00:00	17.1	1134.9	18000	1346302800	506135	20.11	8
2012-08-30 06:00:00	18.7	1164.0	21600	1346306400	543764	21.11	8
2012-08-30 07:00:00	19.1	1270.7	25200	1346310000	608287	22.11	8
2012-08-30 08:00:00	20.3	1261.0	28800	1346313600	618485	23.11	8
2012-08-30 09:00:00	20.9	1290.1	32400	1346317200	645940	24.11	8
2012-08-30 10:00:00	21.1	1202.8	36000	1346320800	595634	24.11	8
2012-08-30 11:00:00	21.2	1261.0	39600	1346324400	630440	24.11	8
2012-08-30 12:00:00	20.9	1338.6	43200	1346328000	676158	24.11	8
2012-08-30 13:00:00	21.0	1299.8	46800	1346331600	652551	24.11	8
2012-08-30 14:00:00	21.9	1328.9	50400	1346335200	683031	24.11	8
2012-08-30 15:00:00	21.9	1299.8	54000	1346338800	664276	24.11	8
2012-08-30 16:00:00	22.9	1319.2	57600	1346342400	688498	25.11	8
2012-08-30 17:00:00	22.9	1377.4	61200	1346346000	727786	25.11	8
2012-08-30 18:00:00	22.4	1416.2	64800	1346349600	746384	25.11	8
2012-08-30 19:00:00	22.0	1396.8	68400	1346353200	729230	25.11	8
2012-08-30 20:00:00	21.6	1328.9	72000	1346356800	677307	24.11	8
2012-08-30 21:00:00	21.3	1183.4	75600	1346360400	586070	24.11	8
2012-08-30 22:00:00	21.1	1299.8	79200	1346364000	653292	24.11	8
2012-08-30 23:00:00	20.9	1299.8	82800	1346367600	651891	24.11	8
2012-08-31 00:00:00	20.3	1309.5	0	1346371200	647712	23.11	8
2012-08-31 01:00:00	20.5	1290.1	3600	1346374800	638508	23.11	8
2012-08-31 02:00:00	20.7	1183.4	7200	1346378400	579035	23.11	8
2012-08-31 03:00:00	20.3	1115.5	10800	1346382000	537791	23.11	8
2012-08-31 04:00:00	19.8	999.1	14400	1346385600	474736	22.11	8
2012-08-31 05:00:00	20.1	989.4	18000	1346389200	475237	23.11	8
2012-08-31 06:00:00	21.6	989.4	21600	1346392800	488027	24.11	8
2012-08-31 07:00:00	22.0	989.4	25200	1346396400	492282	24.11	8
2012-08-31 08:00:00	22.2	1008.8	28800	1346400000	503789	25.11	8
2012-08-31 09:00:00	21.3	1290.1	32400	1346403600	649064	24.11	8
2012-08-31 10:00:00	20.8	620.8	36000	1346407200	307246	23.11	8
2012-08-31 11:00:00	20.4	688.7	39600	1346410800	346018	23.11	8
2012-08-31 12:00:00	21.0	698.4	43200	1346414400	357380	24.11	8
2012-08-31 13:00:00	21.0	698.4	46800	1346418000	357380	24.11	8
2012-08-31 14:00:00	21.5	708.1	50400	1346421600	366872	24.11	8
2012-08-31 15:00:00	21.7	727.5	54000	1346425200	382235	24.11	8
2012-08-31 16:00:00	21.7	756.6	57600	1346428800	403287	24.11	8
2012-08-31 17:00:00	22.4	746.9	61200	1346432400	401046	25.11	8
2012-08-31 18:00:00	22.2	708.1	64800	1346436000	372116	25.11	8
2012-08-31 19:00:00	21.5	659.6	68400	1346439600	334817	24.11	8
2012-08-31 20:00:00	21.7	669.3	72000	1346443200	342643	24.11	8
2012-08-31 21:00:00	21.3	620.8	75600	1346446800	309863	24.11	8
2012-08-31 22:00:00	21.1	659.6	79200	1346450400	332696	24.11	8
2012-08-31 23:00:00	21.1	649.9	82800	1346454000	326649	24.11	8
