	Twet	Load	Hour(s)	TimeStamp(s)	Power	Tset	month
2012-09-01 00:00:00	21.1	649.9	0	1346457600	326649	24.11	9
2012-09-01 01:00:00	20.9	659.6	3600	1346461200	331969	24.11	9
2012-09-01 02:00:00	21.0	620.8	7200	1346464800	308740	24.11	9
2012-09-01 03:00:00	20.8	640.2	10800	1346468400	318959	23.11	9
2012-09-01 04:00:00	20.6	630.5	14400	1346472000	311238	23.11	9
2012-09-01 06:00:00	21.7	649.9	21600	1346479200	330197	24.11	9
2012-09-01 07:00:00	22.0	640.2	25200	1346482800	326698	25.11	9
2012-09-01 08:00:00	22.7	659.6	28800	1346486400	342468	25.11	9
2012-09-01 09:00:00	23.5	669.3	32400	1346490000	353660	26.11	9
2012-09-01 10:00:00	24.0	504.4	36000	1346493600	258540	26.11	9
2012-09-01 11:00:00	24.5	989.4	39600	1346497200	516437	26.11	9
2012-09-01 12:00:00	25.0	940.9	43200	1346500800	513069	26.11	9
2012-09-01 13:00:00	24.8	970.0	46800	1346504400	517350	26.11	9
2012-09-01 14:00:00	24.4	1241.6	50400	1346508000	660896	26.11	9
2012-09-01 15:00:00	24.1	1241.6	54000	1346511600	652764	26.11	9
2012-09-01 16:00:00	24.2	1377.4	57600	1346515200	747209	26.11	9
2012-09-01 17:00:00	24.9	970.0	61200	1346518800	522417	26.11	9
2012-09-01 18:00:00	23.6	960.3	64800	1346522400	489835	26.11	9
2012-09-01 19:00:00	23.4	640.2	68400	1346526000	334007	26.11	9
2012-09-01 20:00:00	23.3	543.2	72000	1346529600	276273	26.11	9
2012-09-01 21:00:00	23.5	543.2	75600	1346533200	276832	26.11	9
2012-09-01 22:00:00	23.6	533.5	79200	1346536800	271941	26.11	9
2012-09-01 23:00:00	23.5	533.5	82800	1346540400	271613	26.11	9
2012-09-02 00:00:00	23.1	533.5	0	1346544000	270656	26.11	9
2012-09-02 01:00:00	22.5	543.2	3600	1346547600	272452	25.11	9
2012-09-02 02:00:00	22.5	523.8	7200	1346551200	262363	25.11	9
2012-09-02 03:00:00	21.8	1134.9	10800	1346554800	564473	24.11	9
2012-09-02 04:00:00	21.8	1086.4	14400	1346558400	538380	24.11	9
2012-09-02 05:00:00	21.6	785.7	18000	1346562000	424052	24.11	9
2012-09-02 06:00:00	22.2	785.7	21600	1346565600	429052	25.11	9
2012-09-02 07:00:00	22.4	853.6	25200	1346569200	434931	25.11	9
2012-09-02 08:00:00	23.2	572.3	28800	1346572800	292191	26.11	9
2012-09-02 09:00:00	23.4	911.8	32400	1346576400	466352	26.11	9
2012-09-02 10:00:00	23.9	649.9	36000	1346580000	343405	26.11	9
2012-09-02 11:00:00	24.5	649.9	39600	1346583600	351642	26.11	9
2012-09-02 12:00:00	24.3	659.6	43200	1346587200	354745	26.11	9
2012-09-02 13:00:00	24.6	669.3	46800	1346590800	367228	26.11	9
2012-09-02 14:00:00	24.1	669.3	50400	1346594400	358647	26.11	9
2012-09-02 15:00:00	24.1	717.8	54000	1346598000	393366	26.11	9
2012-09-02 16:00:00	23.9	708.1	57600	1346601600	383876	26.11	9
2012-09-02 17:00:00	23.8	611.1	61200	1346605200	317707	26.11	9
2012-09-02 18:00:00	24.1	669.3	64800	1346608800	358647	26.11	9
2012-09-02 19:00:00	24.0	669.3	68400	1346612400	357500	26.11	9
2012-09-02 20:00:00	23.4	669.3	72000	1346616000	353169	26.11	9
2012-09-02 21:00:00	23.3	649.9	75600	1346619600	339896	26.11	9
2012-09-02 22:00:00	23.3	659.6	79200	1346623200	346269	26.11	9
2012-09-02 23:00:00	23.6	649.9	82800	1346626800	341277	26.11	9
2012-09-03 00:00:00	23.3	649.9	0	1346630400	339896	26.11	9
2012-09-03 01:00:00	23.6	640.2	3600	1346634000	334953	26.11	9
2012-09-03 02:00:00	23.5	649.9	7200	1346637600	340753	26.11	9
2012-09-03 03:00:00	23.5	640.2	10800	1346641200	334448	26.11	9
2012-09-03 04:00:00	23.6	640.2	14400	1346644800	334953	26.11	9
2012-09-03 05:00:00	23.5	649.9	18000	1346648400	340753	26.11	9
2012-09-03 06:00:00	23.6	640.2	21600	1346652000	334953	26.11	9
2012-09-03 07:00:00	23.8	640.2	25200	1346655600	336216	26.11	9
2012-09-03 08:00:00	23.6	649.9	28800	1346659200	341277	26.11	9
2012-09-03 09:00:00	24.3	659.6	32400	1346662800	354745	26.11	9
2012-09-03 10:00:00	23.7	533.5	36000	1346666400	272319	26.11	9
2012-09-03 11:00:00	24.2	834.2	39600	1346670000	437717	26.11	9
2012-09-03 12:00:00	24.9	950.6	43200	1346673600	512254	26.11	9
2012-09-03 13:00:00	24.6	960.3	46800	1346677200	504491	26.11	9
2012-09-03 14:00:00	24.3	979.7	50400	1346680800	506762	26.11	9
2012-09-03 15:00:00	24.4	979.7	54000	1346684400	508867	26.11	9
2012-09-03 16:00:00	23.2	931.2	57600	1346688000	474488	26.11	9
2012-09-03 17:00:00	23.2	921.5	61200	1346691600	470049	26.11	9
2012-09-03 18:00:00	22.9	863.3	64800	1346695200	441708	25.11	9
2012-09-03 19:00:00	23.2	611.1	68400	1346698800	315086	26.11	9
2012-09-03 20:00:00	24.0	543.2	72000	1346702400	279200	26.11	9
2012-09-03 21:00:00	24.2	562.6	75600	1346706000	291926	26.11	9
2012-09-03 22:00:00	23.8	523.8	79200	1346709600	267591	26.11	9
2012-09-03 23:00:00	23.8	523.8	82800	1346713200	267591	26.11	9
2012-09-04 00:00:00	23.8	523.8	0	1346716800	267591	26.11	9
2012-09-04 01:00:00	23.4	523.8	3600	1346720400	266217	26.11	9
2012-09-04 02:00:00	23.3	533.5	7200	1346724000	271076	26.11	9
2012-09-04 03:00:00	23.1	1086.4	10800	1346727600	551670	26.11	9
2012-09-04 04:00:00	23.1	766.3	14400	1346731200	421870	26.11	9
2012-09-04 05:00:00	22.7	708.1	18000	1346734800	375439	25.11	9
2012-09-04 06:00:00	22.9	717.8	21600	1346738400	384400	25.11	9
2012-09-04 07:00:00	23.4	756.6	25200	1346742000	415992	26.11	9
2012-09-04 08:00:00	23.8	795.4	28800	1346745600	450035	26.11	9
2012-09-04 09:00:00	23.9	834.2	32400	1346749200	435177	26.11	9
2012-09-04 10:00:00	24.3	640.2	36000	1346752800	341625	26.11	9
2012-09-04 11:00:00	24.2	1406.5	39600	1346756400	768189	26.11	9
2012-09-04 12:00:00	24.4	1387.1	43200	1346760000	760786	26.11	9
2012-09-04 13:00:00	24.7	1425.9	46800	1346763600	802814	26.11	9
2012-09-04 14:00:00	23.7	1455.0	50400	1346767200	792478	26.11	9
2012-09-04 15:00:00	23.8	1455.0	54000	1346770800	794271	26.11	9
2012-09-04 16:00:00	24.4	1464.7	57600	1346774400	818452	26.11	9
2012-09-04 17:00:00	24.4	1464.7	61200	1346778000	818452	26.11	9
2012-09-04 18:00:00	24.3	1387.1	64800	1346781600	757269	26.11	9
2012-09-04 19:00:00	24.1	1018.5	68400	1346785200	523368	26.11	9
2012-09-04 20:00:00	24.1	688.7	72000	1346788800	372242	26.11	9
2012-09-04 21:00:00	23.6	640.2	75600	1346792400	334953	26.11	9
2012-09-04 22:00:00	23.2	688.7	79200	1346796000	365571	26.11	9
2012-09-04 23:00:00	23.2	659.6	82800	1346799600	345905	26.11	9
2012-09-05 00:00:00	23.0	640.2	0	1346803200	332665	25.11	9
2012-09-05 01:00:00	23.2	640.2	3600	1346806800	333284	26.11	9
2012-09-05 02:00:00	23.2	640.2	7200	1346810400	333284	26.11	9
2012-09-05 03:00:00	23.2	1251.3	10800	1346814000	648146	26.11	9
2012-09-05 04:00:00	22.9	1202.8	14400	1346817600	615148	25.11	9
2012-09-05 05:00:00	23.1	1183.4	18000	1346821200	606387	26.11	9
2012-09-05 06:00:00	23.2	1202.8	21600	1346824800	618428	26.11	9
2012-09-05 07:00:00	23.4	1261.0	25200	1346828400	655631	26.11	9
2012-09-05 08:00:00	23.7	1358.0	28800	1346832000	723035	26.11	9
2012-09-05 09:00:00	23.9	1416.2	32400	1346835600	767747	26.11	9
2012-09-05 10:00:00	24.1	523.8	36000	1346839200	269361	26.11	9
2012-09-05 11:00:00	24.4	795.4	39600	1346842800	459293	26.11	9
2012-09-05 12:00:00	24.2	873.0	43200	1346846400	454548	26.11	9
2012-09-05 13:00:00	23.8	970.0	46800	1346850000	495822	26.11	9
2012-09-05 14:00:00	23.8	970.0	50400	1346853600	495822	26.11	9
2012-09-05 15:00:00	24.3	1280.4	54000	1346857200	683251	26.11	9
2012-09-05 16:00:00	24.8	950.6	57600	1346860800	507277	26.11	9
2012-09-05 17:00:00	25.1	950.6	61200	1346864400	524980	26.11	9
2012-09-05 18:00:00	24.7	921.5	64800	1346868000	488492	26.11	9
2012-09-05 19:00:00	23.3	630.5	68400	1346871600	327446	26.11	9
2012-09-05 20:00:00	23.6	552.9	72000	1346875200	282506	26.11	9
2012-09-05 21:00:00	23.1	543.2	75600	1346878800	275837	26.11	9
2012-09-05 22:00:00	22.9	533.5	79200	1346882400	269262	25.11	9
2012-09-05 23:00:00	23.1	543.2	82800	1346886000	275837	26.11	9
2012-09-06 00:00:00	23.4	552.9	0	1346889600	281840	26.11	9
2012-09-06 01:00:00	22.3	543.2	3600	1346893200	271812	25.11	9
2012-09-06 02:00:00	22.5	533.5	7200	1346896800	267360	25.11	9
2012-09-06 03:00:00	22.0	911.8	10800	1346900400	456476	24.11	9
2012-09-06 04:00:00	22.0	591.7	14400	1346904000	297717	25.11	9
2012-09-06 05:00:00	21.3	582.0	18000	1346907600	287617	24.11	9
2012-09-06 06:00:00	21.3	562.6	21600	1346911200	277060	24.11	9
2012-09-06 07:00:00	21.8	591.7	25200	1346914800	295891	24.11	9
2012-09-06 08:00:00	22.9	1164.0	28800	1346918400	592265	25.11	9
2012-09-06 09:00:00	22.9	756.6	32400	1346922000	413067	25.11	9
2012-09-06 10:00:00	23.8	630.5	36000	1346925600	329946	26.11	9
2012-09-06 11:00:00	23.6	1474.4	39600	1346929200	805340	26.11	9
2012-09-06 12:00:00	23.0	1513.2	43200	1346932800	828076	26.11	9
2012-09-06 13:00:00	24.1	1522.9	46800	1346936400	853366	26.11	9
2012-09-06 14:00:00	24.4	1552.0	50400	1346940000	886931	26.11	9
2012-09-06 15:00:00	23.6	1571.4	54000	1346943600	880491	26.11	9
2012-09-06 16:00:00	23.2	1532.6	57600	1346947200	844667	26.11	9
2012-09-06 17:00:00	22.5	1493.8	61200	1346950800	803563	25.11	9
2012-09-06 18:00:00	22.0	1445.3	64800	1346954400	762859	25.11	9
2012-09-06 19:00:00	21.8	1076.7	68400	1346958000	533307	24.11	9
2012-09-06 20:00:00	21.6	989.4	72000	1346961600	488027	24.11	9
2012-09-06 21:00:00	21.1	630.5	75600	1346965200	314836	24.11	9
2012-09-06 22:00:00	20.9	708.1	79200	1346968800	377962	20.11	9
2012-09-06 23:00:00	20.5	708.1	82800	1346972400	359674	23.11	9
2012-09-07 00:00:00	20.3	698.4	0	1346976000	351634	23.11	9
2012-09-07 01:00:00	20.1	698.4	3600	1346979600	350386	23.11	9
2012-09-07 02:00:00	19.8	640.2	7200	1346983200	312593	22.11	9
2012-09-07 03:00:00	19.8	1183.4	10800	1346986800	568944	22.11	9
2012-09-07 04:00:00	19.8	1164.0	14400	1346990400	558240	22.11	9
2012-09-07 05:00:00	19.2	1154.3	18000	1346994000	544859	22.11	9
2012-09-07 06:00:00	20.5	1212.5	21600	1346997600	592669	23.11	9
2012-09-07 07:00:00	21.5	1299.8	25200	1347001200	657378	24.11	9
2012-09-07 08:00:00	22.5	1358.0	28800	1347004800	707826	25.11	9
2012-09-07 09:00:00	23.0	1435.6	32400	1347008400	770737	26.11	9
2012-09-07 10:00:00	23.5	543.2	36000	1347012000	276832	26.11	9
2012-09-07 11:00:00	24.3	1222.2	39600	1347015600	645358	26.11	9
2012-09-07 12:00:00	24.5	1231.9	43200	1347019200	658151	26.11	9
2012-09-07 13:00:00	24.5	1270.7	46800	1347022800	683655	26.11	9
2012-09-07 14:00:00	24.5	679.0	50400	1347026400	371916	26.11	9
2012-09-07 15:00:00	24.2	1290.1	54000	1347030000	686892	26.11	9
2012-09-07 16:00:00	23.5	1348.3	57600	1347033600	713893	26.11	9
2012-09-07 17:00:00	23.5	1503.5	61200	1347037200	825882	26.11	9
2012-09-07 18:00:00	22.7	1396.8	64800	1347040800	737299	25.11	9
2012-09-07 19:00:00	22.3	649.9	68400	1347044400	333866	25.11	9
2012-09-07 20:00:00	21.8	582.0	72000	1347048000	290357	24.11	9
2012-09-07 21:00:00	20.8	552.9	75600	1347051600	269184	23.11	9
2012-09-07 22:00:00	20.4	562.6	79200	1347055200	271858	23.11	9
2012-09-07 23:00:00	21.3	552.9	82800	1347058800	271922	24.11	9
2012-09-08 00:00:00	21.6	533.5	0	1347062400	263065	24.11	9
2012-09-08 01:00:00	22.2	543.2	3600	1347066000	271549	25.11	9
2012-09-08 02:00:00	22.2	543.2	7200	1347069600	271549	25.11	9
2012-09-08 03:00:00	22.2	1076.7	10800	1347073200	538016	25.11	9
2012-09-08 04:00:00	22.5	756.6	14400	1347076800	409009	25.11	9
2012-09-08 05:00:00	22.7	766.3	18000	1347080400	418175	25.11	9
2012-09-08 06:00:00	22.7	776.0	21600	1347084000	425631	25.11	9
2012-09-08 07:00:00	22.9	814.8	25200	1347087600	421838	25.11	9
2012-09-08 08:00:00	22.9	1134.9	28800	1347091200	575622	25.11	9
2012-09-08 09:00:00	23.2	1173.7	32400	1347094800	601184	26.11	9
2012-09-08 10:00:00	23.0	679.0	36000	1347098400	358265	26.11	9
2012-09-08 11:00:00	23.3	1552.0	39600	1347102000	860836	26.11	9
2012-09-08 12:00:00	23.3	1590.8	43200	1347105600	891650	26.11	9
2012-09-08 13:00:00	23.5	1639.3	46800	1347109200	835778	26.11	9
2012-09-08 14:00:00	21.3	1716.9	50400	1347112800	846866	24.11	9
2012-09-08 15:00:00	18.6	1193.1	54000	1347116400	557619	21.11	9
2012-09-08 16:00:00	18.9	1222.2	57600	1347120000	610362	18.11	9
2012-09-08 17:00:00	19.0	1222.2	61200	1347123600	579856	22.11	9
2012-09-08 18:00:00	19.0	1726.6	64800	1347127200	812394	22.11	9
2012-09-08 19:00:00	18.7	1212.5	68400	1347130800	570318	21.11	9
2012-09-08 20:00:00	18.7	1105.8	72000	1347134400	513377	21.11	9
2012-09-08 21:00:00	18.6	679.0	75600	1347138000	327095	21.11	9
2012-09-08 22:00:00	17.7	1144.6	79200	1347141600	520224	20.11	9
2012-09-08 23:00:00	16.6	1144.6	82800	1347145200	504024	19.11	9
2012-09-09 00:00:00	16.6	1134.9	0	1347148800	499095	19.11	9
2012-09-09 01:00:00	16.1	1134.9	3600	1347152400	490978	19.11	9
2012-09-09 02:00:00	15.6	679.0	7200	1347156000	312302	15.11	9
2012-09-09 03:00:00	15.0	1231.9	10800	1347159600	522687	18.11	9
2012-09-09 04:00:00	14.6	1222.2	14400	1347163200	512698	18.11	9
2012-09-09 05:00:00	14.3	1134.9	18000	1347166800	462164	17.11	9
2012-09-09 06:00:00	15.2	1222.2	21600	1347170400	520897	18.11	9
2012-09-09 07:00:00	16.4	1328.9	25200	1347174000	600802	19.11	9
2012-09-09 08:00:00	17.1	1387.1	28800	1347177600	646601	20.11	9
2012-09-09 09:00:00	17.5	1493.8	32400	1347181200	742778	17.11	9
2012-09-09 10:00:00	16.8	533.5	36000	1347184800	235016	19.11	9
2012-09-09 11:00:00	16.9	1387.1	39600	1347188400	666329	16.11	9
2012-09-09 12:00:00	16.1	1299.8	43200	1347192000	578226	19.11	9
2012-09-09 13:00:00	16.3	1290.1	46800	1347195600	576306	19.11	9
2012-09-09 14:00:00	16.5	979.7	50400	1347199200	424690	19.11	9
2012-09-09 15:00:00	16.8	970.0	54000	1347202800	425492	19.11	9
2012-09-09 16:00:00	16.9	979.7	57600	1347206400	431908	19.11	9
2012-09-09 17:00:00	16.5	679.0	61200	1347210000	321026	16.11	9
2012-09-09 18:00:00	17.1	989.4	64800	1347213600	438714	20.11	9
2012-09-09 19:00:00	15.4	766.3	68400	1347217200	361879	15.11	9
2012-09-09 20:00:00	14.7	611.1	72000	1347220800	256874	18.11	9
2012-09-09 21:00:00	14.0	552.9	75600	1347224400	221704	17.11	9
2012-09-09 22:00:00	13.7	582.0	79200	1347228000	233576	17.11	9
2012-09-09 23:00:00	13.3	562.6	82800	1347231600	220475	16.11	9
2012-09-10 00:00:00	13.3	572.3	0	1347235200	225132	16.11	9
2012-09-10 01:00:00	13.3	591.7	3600	1347238800	234686	16.11	9
2012-09-10 02:00:00	13.3	552.9	7200	1347242400	215898	16.11	9
2012-09-10 03:00:00	13.1	1028.2	10800	1347246000	393490	16.11	9
2012-09-10 04:00:00	12.8	766.3	14400	1347249600	293436	15.11	9
2012-09-10 05:00:00	12.8	727.5	18000	1347253200	303831	16.11	9
2012-09-10 06:00:00	13.3	756.6	21600	1347256800	324927	15.11	9
2012-09-10 07:00:00	14.3	785.7	25200	1347260400	341826	15.11	9
2012-09-10 08:00:00	13.9	911.8	28800	1347264000	361353	17.11	9
2012-09-10 09:00:00	14.6	1115.5	32400	1347267600	459434	17.11	9
2012-09-10 10:00:00	14.8	1115.5	36000	1347271200	462370	18.11	9
2012-09-10 11:00:00	15.2	1178.55	39600	1347274800	498314	18.11	9
2012-09-10 12:00:00	14.5	1222.2	43200	1347278400	511029	17.11	9
2012-09-10 13:00:00	14.7	1251.3	46800	1347282000	528898	18.11	9
2012-09-10 14:00:00	14.0	1193.1	50400	1347285600	485558	17.11	9
2012-09-10 15:00:00	14.5	1265.85	54000	1347289200	534440	18.11	9
2012-09-10 16:00:00	14.3	1804.2	57600	1347292800	744189	17.11	9
2012-09-10 17:00:00	13.6	1765.4	61200	1347296400	708444	17.11	9
2012-09-10 18:00:00	13.4	1736.3	64800	1347300000	688375	16.11	9
2012-09-10 19:00:00	13.4	1241.6	68400	1347303600	501812	16.11	9
2012-09-10 20:00:00	13.0	1115.5	72000	1347307200	430769	16.11	9
2012-09-10 21:00:00	12.8	1096.1	75600	1347310800	419073	16.11	9
2012-09-10 22:00:00	12.3	1067.0	79200	1347314400	397294	15.11	9
2012-09-10 23:00:00	11.8	1018.5	82800	1347318000	368077	15.11	9
2012-09-11 00:00:00	11.5	708.1	0	1347321600	279159	15.11	9
2012-09-11 01:00:00	11.5	1105.8	3600	1347325200	401575	15.11	9
2012-09-11 02:00:00	11.0	1076.7	7200	1347328800	384936	15.11	9
2012-09-11 03:00:00	10.2	1561.7	10800	1347332400	515164	15.11	9
2012-09-11 04:00:00	10.2	1493.8	14400	1347336000	569026	15.11	9
2012-09-11 05:00:00	9.9	1406.5	18000	1347339600	535445	15.11	9
2012-09-11 06:00:00	11.3	1445.3	21600	1347343200	571433	15.11	9
2012-09-11 07:00:00	13.0	1600.5	25200	1347346800	613278	16.11	9
2012-09-11 08:00:00	13.2	1668.4	28800	1347350400	649193	16.11	9
2012-09-11 09:00:00	13.8	1716.9	32400	1347354000	688551	17.11	9
2012-09-11 10:00:00	13.6	582.0	36000	1347357600	233039	17.11	9
2012-09-11 11:00:00	13.8	659.6	39600	1347361200	274394	17.11	9
2012-09-11 12:00:00	14.1	679.0	43200	1347364800	288211	17.11	9
2012-09-11 13:00:00	14.1	708.1	46800	1347368400	305320	17.11	9
2012-09-11 14:00:00	14.3	698.4	50400	1347372000	302000	17.11	9
2012-09-11 15:00:00	14.7	679.0	54000	1347375600	293869	18.11	9
2012-09-11 16:00:00	15.2	717.8	57600	1347379200	321677	18.11	9
2012-09-11 17:00:00	15.3	717.8	61200	1347382800	331405	15.11	9
2012-09-11 18:00:00	14.4	688.7	64800	1347386400	297571	18.11	9
2012-09-11 19:00:00	14.0	669.3	68400	1347390000	281630	17.11	9
2012-09-11 20:00:00	14.1	669.3	72000	1347393600	282665	17.11	9
2012-09-11 21:00:00	13.4	562.6	75600	1347397200	221606	16.11	9
2012-09-11 22:00:00	13.1	630.5	79200	1347400800	252375	16.11	9
2012-09-11 23:00:00	12.6	601.4	82800	1347404400	233277	16.11	9
2012-09-12 00:00:00	12.4	591.7	0	1347408000	227395	15.11	9
2012-09-12 01:00:00	12.1	601.4	3600	1347411600	228449	15.11	9
2012-09-12 02:00:00	11.6	562.6	7200	1347415200	205703	15.11	9
2012-09-12 03:00:00	11.8	591.7	10800	1347418800	220742	15.11	9
2012-09-12 04:00:00	11.3	591.7	14400	1347422400	217270	15.11	9
2012-09-12 05:00:00	10.8	582.0	18000	1347426000	210691	15.11	9
2012-09-12 06:00:00	12.6	572.3	21600	1347429600	219396	16.11	9
2012-09-12 07:00:00	14.4	591.7	25200	1347433200	244213	17.11	9
2012-09-12 08:00:00	16.2	620.8	28800	1347436800	273792	19.11	9
2012-09-12 09:00:00	16.6	649.9	32400	1347440400	305923	16.11	9
2012-09-12 10:00:00	16.2	649.9	36000	1347444000	289976	19.11	9
2012-09-12 11:00:00	16.6	1290.1	39600	1347447600	606628	16.11	9
2012-09-12 12:00:00	16.8	1299.8	43200	1347451200	615523	16.11	9
2012-09-12 13:00:00	16.6	1377.4	46800	1347454800	654982	16.11	9
2012-09-12 14:00:00	17.3	1338.6	50400	1347458400	620675	20.11	9
2012-09-12 15:00:00	17.1	1377.4	54000	1347462000	640652	20.11	9
2012-09-12 16:00:00	16.2	1358.0	57600	1347465600	613835	19.11	9
2012-09-12 17:00:00	15.7	1358.0	61200	1347469200	626558	15.11	9
2012-09-12 18:00:00	15.2	979.7	64800	1347472800	406446	18.11	9
2012-09-12 19:00:00	15.3	776.0	68400	1347476400	366924	15.11	9
2012-09-12 20:00:00	15.0	708.1	72000	1347480000	313587	18.11	9
2012-09-12 21:00:00	15.0	649.9	75600	1347483600	279724	18.11	9
2012-09-12 22:00:00	14.5	688.7	79200	1347487200	298154	18.11	9
2012-09-12 23:00:00	14.0	649.9	82800	1347490800	270824	17.11	9
2012-09-13 00:00:00	13.2	640.2	0	1347494400	258693	16.11	9
2012-09-13 01:00:00	12.9	630.5	3600	1347498000	250360	16.11	9
2012-09-13 02:00:00	12.9	649.9	7200	1347501600	260653	16.11	9
2012-09-13 03:00:00	12.1	1173.7	10800	1347505200	442603	15.11	9
2012-09-13 04:00:00	11.8	1125.2	14400	1347508800	414229	15.11	9
2012-09-13 05:00:00	12.1	902.1	18000	1347512400	326685	15.11	9
2012-09-13 06:00:00	13.2	1125.2	21600	1347516000	438877	16.11	9
2012-09-13 07:00:00	15.7	1212.5	25200	1347519600	550200	15.11	9
2012-09-13 08:00:00	16.8	970.0	28800	1347523200	425492	19.11	9
2012-09-13 09:00:00	16.9	1261.0	32400	1347526800	596659	16.11	9
2012-09-13 10:00:00	17.0	1290.1	36000	1347530400	587717	20.11	9
2012-09-13 11:00:00	17.4	1396.8	39600	1347534000	658337	20.11	9
2012-09-13 12:00:00	17.5	1445.3	43200	1347537600	712565	17.11	9
2012-09-13 13:00:00	17.2	1455.0	46800	1347541200	691310	20.11	9
2012-09-13 14:00:00	18.0	1396.8	50400	1347544800	667860	21.11	9
2012-09-13 15:00:00	18.1	1445.3	54000	1347548400	700376	21.11	9
2012-09-13 16:00:00	15.4	1406.5	57600	1347552000	647975	15.11	9
2012-09-13 17:00:00	15.7	1416.2	61200	1347555600	659636	15.11	9
2012-09-13 18:00:00	14.7	1416.2	64800	1347559200	621944	18.11	9
2012-09-13 19:00:00	14.3	1338.6	68400	1347562800	569982	17.11	9
2012-09-13 20:00:00	14.1	1319.2	72000	1347566400	554389	17.11	9
2012-09-13 21:00:00	13.7	1299.8	75600	1347570000	536614	17.11	9
2012-09-13 22:00:00	13.4	1299.8	79200	1347573600	532745	17.11	9
2012-09-13 23:00:00	12.6	1299.8	82800	1347577200	516084	16.11	9
2012-09-14 00:00:00	12.6	1270.7	0	1347580800	500798	16.11	9
2012-09-14 01:00:00	12.6	1241.6	3600	1347584400	485874	16.11	9
2012-09-14 02:00:00	12.4	1299.8	7200	1347588000	513254	16.11	9
2012-09-14 03:00:00	12.4	1319.2	10800	1347591600	523557	16.11	9
2012-09-14 04:00:00	12.4	1299.8	14400	1347595200	513254	16.11	9
2012-09-14 05:00:00	12.9	1270.7	18000	1347598800	505798	16.11	9
2012-09-14 06:00:00	13.7	1270.7	21600	1347602400	521043	17.11	9
2012-09-14 07:00:00	16.7	1299.8	25200	1347606000	613683	16.11	9
2012-09-14 08:00:00	18.9	1338.6	28800	1347609600	674677	18.11	9
2012-09-14 09:00:00	18.4	1406.5	32400	1347613200	680599	21.11	9
2012-09-14 10:00:00	19.1	688.7	36000	1347616800	336485	22.11	9
2012-09-14 11:00:00	19.0	746.9	39600	1347620400	374185	22.11	9
2012-09-14 12:00:00	18.8	1018.5	43200	1347624000	472467	21.11	9
2012-09-14 13:00:00	19.4	368.6	46800	1347627600	183961	22.11	9
2012-09-14 14:00:00	19.1	1105.8	50400	1347631200	519176	22.11	9
2012-09-14 15:00:00	19.4	1047.6	54000	1347634800	493078	22.11	9
2012-09-14 16:00:00	19.4	1319.2	57600	1347638400	641010	22.11	9
2012-09-14 17:00:00	20.5	1086.4	61200	1347642000	524607	23.11	9
2012-09-14 18:00:00	20.2	1028.2	64800	1347645600	493772	23.11	9
2012-09-14 19:00:00	20.0	1134.9	68400	1347649200	545870	23.11	9
2012-09-14 20:00:00	19.3	1067.0	72000	1347652800	501567	22.11	9
2012-09-14 21:00:00	18.8	688.7	75600	1347656400	347859	18.11	9
2012-09-14 23:00:00	17.8	776.0	82800	1347663600	393288	17.11	9
2012-09-15 00:00:00	17.3	523.8	0	1347667200	233189	20.11	9
2012-09-15 01:00:00	16.8	989.4	3600	1347670800	434047	19.11	9
2012-09-15 02:00:00	17.1	679.0	7200	1347674400	314446	20.11	9
2012-09-15 03:00:00	16.1	669.3	10800	1347678000	300282	19.11	9
2012-09-15 04:00:00	12.9	679.0	14400	1347681600	276683	16.11	9
2012-09-15 05:00:00	12.5	679.0	18000	1347685200	273069	16.11	9
2012-09-15 06:00:00	12.5	669.3	21600	1347688800	267736	16.11	9
2012-09-15 07:00:00	12.7	669.3	25200	1347692400	269363	16.11	9
2012-09-15 08:00:00	13.2	756.6	28800	1347696000	319926	15.11	9
2012-09-15 09:00:00	13.4	776.0	32400	1347699600	312207	15.11	9
2012-09-15 10:00:00	14.3	1261.0	36000	1347703200	526825	17.11	9
2012-09-15 11:00:00	14.5	1522.9	39600	1347706800	685258	18.11	9
2012-09-15 12:00:00	15.2	1581.1	43200	1347710400	740512	19.11	9
2012-09-15 13:00:00	15.2	1532.6	46800	1347714000	719429	15.11	9
2012-09-15 14:00:00	15.4	1503.5	50400	1347717600	705652	15.11	9
2012-09-15 15:00:00	14.9	1532.6	54000	1347721200	698607	18.11	9
2012-09-15 16:00:00	15.0	1532.6	57600	1347724800	700724	18.11	9
2012-09-15 17:00:00	14.8	1571.4	61200	1347728400	722287	18.11	9
2012-09-15 18:00:00	14.8	1435.6	64800	1347732000	635322	18.11	9
2012-09-15 19:00:00	14.4	1396.8	68400	1347735600	606416	18.11	9
2012-09-15 20:00:00	13.9	1348.3	72000	1347739200	566818	17.11	9
2012-09-15 21:00:00	13.4	1280.4	75600	1347742800	522456	17.11	9
2012-09-15 22:00:00	13.4	1212.5	79200	1347746400	486635	16.11	9
2012-09-15 23:00:00	12.6	1261.0	82800	1347750000	495783	16.11	9
2012-09-16 00:00:00	13.2	1261.0	0	1347753600	507014	16.11	9
2012-09-16 01:00:00	12.1	1261.0	3600	1347757200	486505	15.11	9
2012-09-16 02:00:00	11.8	1270.7	7200	1347760800	485021	15.11	9
2012-09-16 03:00:00	11.3	1280.4	10800	1347764400	481891	15.11	9
2012-09-16 04:00:00	11.3	1261.0	14400	1347768000	472099	15.11	9
2012-09-16 05:00:00	11.5	1212.5	18000	1347771600	450876	15.11	9
2012-09-16 06:00:00	12.1	1241.6	21600	1347775200	476481	15.11	9
2012-09-16 07:00:00	13.8	1299.8	25200	1347778800	538149	17.11	9
2012-09-16 08:00:00	14.4	1435.6	28800	1347782400	629486	18.11	9
2012-09-16 09:00:00	14.8	1513.2	32400	1347786000	684050	18.11	9
2012-09-16 10:00:00	14.8	717.8	36000	1347789600	317666	18.11	9
2012-09-16 11:00:00	15.5	1687.8	39600	1347793200	715918	18.11	9
2012-09-16 12:00:00	15.5	1697.5	43200	1347796800	720711	18.11	9
2012-09-16 13:00:00	16.0	1755.7	46800	1347800400	761249	19.11	9
2012-09-16 14:00:00	15.5	1794.5	50400	1347804000	770176	18.11	9
2012-09-16 15:00:00	15.7	1804.2	54000	1347807600	818141	15.11	9
2012-09-16 16:00:00	15.5	1852.7	57600	1347811200	801179	18.11	9
2012-09-16 17:00:00	15.1	1872.1	61200	1347814800	799325	18.11	9
2012-09-16 18:00:00	14.5	1852.7	64800	1347818400	776853	17.11	9
2012-09-16 19:00:00	14.4	1319.2	68400	1347822000	561521	17.11	9
2012-09-16 20:00:00	13.9	1105.8	72000	1347825600	442103	17.11	9
2012-09-16 21:00:00	13.4	698.4	75600	1347829200	293337	17.11	9
2012-09-16 22:00:00	13.2	1105.8	79200	1347832800	429785	16.11	9
2012-09-16 23:00:00	12.6	1028.2	82800	1347836400	387499	15.11	9
2012-09-17 00:00:00	12.6	727.5	0	1347840000	301821	16.11	9
2012-09-17 01:00:00	12.1	737.2	3600	1347843600	303604	16.11	9
2012-09-17 02:00:00	11.8	669.3	7200	1347847200	260533	15.11	9
2012-09-17 03:00:00	11.8	1387.1	10800	1347850800	547935	15.11	9
2012-09-17 04:00:00	11.0	1358.0	14400	1347854400	518601	15.11	9
2012-09-17 05:00:00	11.0	1290.1	18000	1347858000	483253	15.11	9
2012-09-17 06:00:00	12.6	1309.5	21600	1347861600	521259	16.11	9
2012-09-17 07:00:00	14.7	1406.5	25200	1347865200	616138	18.11	9
2012-09-17 08:00:00	16.0	1484.1	28800	1347868800	688289	19.11	9
2012-09-17 09:00:00	16.1	1619.9	32400	1347872400	697056	19.11	9
2012-09-17 10:00:00	16.6	1251.3	36000	1347876000	561046	19.11	9
2012-09-17 11:00:00	17.2	1367.7	39600	1347879600	636426	20.11	9
2012-09-17 12:00:00	18.1	1813.9	43200	1347883200	839095	21.11	9
2012-09-17 13:00:00	18.1	1561.7	46800	1347886800	779496	21.11	9
2012-09-17 14:00:00	18.4	1484.1	50400	1347890400	731761	21.11	9
2012-09-17 15:00:00	18.4	1503.5	54000	1347894000	744981	21.11	9
2012-09-17 16:00:00	18.7	1425.9	57600	1347897600	723294	18.11	9
2012-09-17 17:00:00	18.5	1493.8	61200	1347901200	740631	21.11	9
2012-09-17 18:00:00	18.3	1406.5	64800	1347904800	678696	21.11	9
2012-09-17 19:00:00	18.6	1348.3	68400	1347908400	648153	21.11	9
2012-09-17 20:00:00	18.6	1280.4	72000	1347912000	607159	21.11	9
2012-09-17 21:00:00	19.2	1222.2	75600	1347915600	581683	22.11	9
2012-09-17 22:00:00	19.7	1261.0	79200	1347919200	611425	22.11	9
2012-09-17 23:00:00	19.8	1222.2	82800	1347922800	590898	22.11	9
2012-09-18 00:00:00	19.8	1212.5	0	1347926400	585342	22.11	9
2012-09-18 01:00:00	19.8	1202.8	3600	1347930000	579830	22.11	9
2012-09-18 02:00:00	20.3	1231.9	7200	1347933600	601508	23.11	9
2012-09-18 03:00:00	20.3	1222.2	10800	1347937200	595943	23.11	9
2012-09-18 04:00:00	20.5	1212.5	14400	1347940800	592669	23.11	9
2012-09-18 05:00:00	20.9	1212.5	18000	1347944400	599435	23.11	9
2012-09-18 06:00:00	20.9	1241.6	21600	1347948000	616607	23.11	9
2012-09-18 07:00:00	21.1	1261.0	25200	1347951600	629666	24.11	9
2012-09-18 08:00:00	21.6	1328.9	28800	1347955200	677307	24.11	9
2012-09-18 09:00:00	21.5	1367.7	32400	1347958800	701092	24.11	9
2012-09-18 10:00:00	21.8	746.9	36000	1347962400	397326	24.11	9
2012-09-18 11:00:00	22.2	1600.5	39600	1347966000	799474	25.11	9
2012-09-18 12:00:00	22.3	1658.7	43200	1347969600	830917	25.11	9
2012-09-18 13:00:00	22.3	1658.7	46800	1347973200	830917	25.11	9
2012-09-18 14:00:00	20.2	1678.1	50400	1347976800	808077	23.11	9
2012-09-18 15:00:00	19.6	1746.0	54000	1347980400	832110	22.11	9
2012-09-18 16:00:00	19.6	1765.4	57600	1347984000	842665	22.11	9
2012-09-18 17:00:00	19.6	1784.8	61200	1347987600	853342	22.11	9
2012-09-18 18:00:00	19.2	1736.3	64800	1347991200	819840	22.11	9
2012-09-18 19:00:00	19.6	1202.8	68400	1347994800	576097	22.11	9
2012-09-18 20:00:00	19.6	1144.6	72000	1347998400	544340	22.11	9
2012-09-18 21:00:00	19.6	737.2	75600	1348002000	372926	22.11	9
2012-09-18 22:00:00	17.5	1018.5	79200	1348005600	455425	20.11	9
2012-09-18 23:00:00	16.9	989.4	82800	1348009200	436246	19.11	9
2012-09-19 00:00:00	14.6	970.0	0	1348012800	393311	17.11	9
2012-09-19 01:00:00	13.8	1096.1	3600	1348016400	436521	17.11	9
2012-09-19 02:00:00	13.5	727.5	7200	1348020000	311239	17.11	9
2012-09-19 03:00:00	13.0	1474.4	10800	1348023600	624048	16.11	9
2012-09-19 04:00:00	13.3	1406.5	14400	1348027200	590984	17.11	9
2012-09-19 05:00:00	12.8	1348.3	18000	1348030800	545921	16.11	9
2012-09-19 06:00:00	13.1	1348.3	21600	1348034400	552376	16.11	9
2012-09-19 07:00:00	13.3	1377.4	25200	1348038000	574220	16.11	9
2012-09-19 08:00:00	13.5	1484.1	28800	1348041600	640219	17.11	9
2012-09-19 09:00:00	13.4	1590.8	32400	1348045200	607249	15.11	9
2012-09-19 10:00:00	12.9	1173.7	36000	1348048800	456729	16.11	9
2012-09-19 11:00:00	13.1	1406.5	39600	1348052400	585854	16.11	9
2012-09-19 12:00:00	13.6	1435.6	43200	1348056000	612412	17.11	9
2012-09-19 13:00:00	12.7	1474.4	46800	1348059600	617256	16.11	9
2012-09-19 14:00:00	13.6	1542.3	50400	1348063200	648686	15.11	9
2012-09-19 15:00:00	13.4	1522.9	54000	1348066800	648813	15.11	9
2012-09-19 16:00:00	13.1	1542.3	57600	1348070400	605401	15.11	9
2012-09-19 17:00:00	12.7	1503.5	61200	1348074000	609058	15.11	9
2012-09-19 18:00:00	12.2	1464.7	64800	1348077600	602825	16.11	9
2012-09-19 19:00:00	12.2	1396.8	68400	1348081200	563565	16.11	9
2012-09-19 20:00:00	11.2	1348.3	72000	1348084800	515976	15.11	9
2012-09-19 21:00:00	11.3	1164.0	75600	1348088400	425541	15.11	9
2012-09-19 22:00:00	10.5	1290.1	79200	1348092000	478983	15.11	9
2012-09-19 23:00:00	10.5	1270.7	82800	1348095600	469425	15.11	9
2012-09-20 00:00:00	10.2	58.2	0	1348099200	35675	15.11	9
2012-09-20 01:00:00	9.7	999.1	3600	1348102800	349924	15.11	9
2012-09-20 02:00:00	9.4	1154.3	7200	1348106400	411723	15.11	9
2012-09-20 03:00:00	9.1	679.0	10800	1348110000	253455	15.11	9
2012-09-20 04:00:00	8.8	58.2	14400	1348113600	35675	15.11	9
2012-09-20 05:00:00	9.1	58.2	18000	1348117200	35675	15.11	9
2012-09-20 06:00:00	9.9	58.2	21600	1348120800	35675	15.11	9
2012-09-20 07:00:00	12.8	58.2	25200	1348124400	36420	15.11	9
2012-09-20 08:00:00	14.0	1261.0	28800	1348128000	520674	17.11	9
2012-09-20 09:00:00	14.4	1367.7	32400	1348131600	589488	17.11	9
2012-09-20 10:00:00	13.8	737.2	36000	1348135200	319815	17.11	9
2012-09-20 11:00:00	14.8	1552.0	39600	1348138800	709381	18.11	9
2012-09-20 12:00:00	15.5	1590.8	43200	1348142400	757170	15.11	9
2012-09-20 13:00:00	14.8	1610.2	46800	1348146000	664656	18.11	9
2012-09-20 14:00:00	15.3	1668.4	50400	1348149600	700859	18.11	9
2012-09-20 15:00:00	15.1	1658.7	54000	1348153200	691783	18.11	9
2012-09-20 16:00:00	15.1	1668.4	57600	1348156800	696372	18.11	9
2012-09-20 17:00:00	14.9	1542.3	61200	1348160400	704978	18.11	9
2012-09-20 18:00:00	14.4	1435.6	64800	1348164000	629486	18.11	9
2012-09-20 19:00:00	13.9	1164.0	68400	1348167600	469665	17.11	9
2012-09-20 20:00:00	13.4	1076.7	72000	1348171200	420469	16.11	9
2012-09-20 21:00:00	13.5	698.4	75600	1348174800	294028	17.11	9
2012-09-20 22:00:00	13.2	552.9	79200	1348178400	214895	16.11	9
2012-09-20 23:00:00	12.9	737.2	82800	1348182000	310823	16.11	9
2012-09-21 00:00:00	12.4	717.8	0	1348185600	294366	16.11	9
2012-09-21 01:00:00	12.1	708.1	3600	1348189200	286029	15.11	9
2012-09-21 02:00:00	11.6	698.4	7200	1348192800	274622	15.11	9
2012-09-21 03:00:00	11.6	1406.5	10800	1348196400	554716	15.11	9
2012-09-21 04:00:00	11.0	1309.5	14400	1348200000	493155	15.11	9
2012-09-21 05:00:00	11.0	1251.3	18000	1348203600	463928	15.11	9
2012-09-21 06:00:00	12.1	1280.4	21600	1348207200	496679	15.11	9
2012-09-21 07:00:00	14.7	1387.1	25200	1348210800	604650	18.11	9
2012-09-21 08:00:00	16.1	1484.1	28800	1348214400	690264	19.11	9
2012-09-21 09:00:00	16.7	1513.2	32400	1348218000	738882	16.11	9
2012-09-21 10:00:00	17.9	999.1	36000	1348221600	453316	20.11	9
2012-09-21 11:00:00	18.6	1367.7	39600	1348225200	660257	21.11	9
2012-09-21 12:00:00	18.6	1435.6	43200	1348228800	703976	21.11	9
2012-09-21 13:00:00	18.6	1493.8	46800	1348232400	764291	18.11	9
2012-09-21 14:00:00	18.6	1474.4	50400	1348236000	751837	18.11	9
2012-09-21 15:00:00	18.9	1522.9	54000	1348239600	789139	18.11	9
2012-09-21 16:00:00	19.0	1503.5	57600	1348243200	755035	22.11	9
2012-09-21 17:00:00	18.3	1455.0	61200	1348246800	710241	21.11	9
2012-09-21 18:00:00	18.0	1358.0	64800	1348250400	643846	21.11	9
2012-09-21 19:00:00	17.6	1338.6	68400	1348254000	627116	20.11	9
2012-09-21 21:00:00	17.2	1008.8	75600	1348261200	447930	20.11	9
2012-09-21 22:00:00	16.7	1299.8	79200	1348264800	613683	16.11	9
2012-09-21 23:00:00	16.0	1270.7	82800	1348268400	560433	19.11	9
2012-09-22 00:00:00	17.3	1251.3	0	1348272000	570218	20.11	9
2012-09-22 01:00:00	17.3	1193.1	3600	1348275600	538543	20.11	9
2012-09-22 02:00:00	16.9	58.2	7200	1348279200	43684	19.11	9
2012-09-22 03:00:00	16.7	58.2	10800	1348282800	43412	18.11	9
2012-09-22 04:00:00	16.7	58.2	14400	1348286400	43412	18.11	9
2012-09-22 05:00:00	16.7	58.2	18000	1348290000	43412	18.11	9
2012-09-22 06:00:00	16.9	58.2	21600	1348293600	43684	19.11	9
2012-09-22 07:00:00	17.4	58.2	25200	1348297200	44383	19.11	9
2012-09-22 08:00:00	19.0	1231.9	28800	1348300800	585261	22.11	9
2012-09-22 09:00:00	19.3	1280.4	32400	1348304400	616270	22.11	9
2012-09-22 10:00:00	20.4	649.9	36000	1348308000	321515	23.11	9
2012-09-22 11:00:00	20.3	1231.9	39600	1348311600	601508	23.11	9
2012-09-22 12:00:00	20.5	1309.5	43200	1348315200	650435	23.11	9
2012-09-22 13:00:00	20.7	1328.9	46800	1348318800	666119	23.11	9
2012-09-22 14:00:00	20.2	1290.1	50400	1348322400	634799	23.11	9
2012-09-22 15:00:00	20.0	1377.4	54000	1348326000	687174	23.11	9
2012-09-22 16:00:00	20.1	1396.8	57600	1348329600	700764	23.11	9
2012-09-22 17:00:00	19.9	1387.1	61200	1348333200	720758	19.11	9
2012-09-22 18:00:00	19.4	1367.7	64800	1348336800	671205	22.11	9
2012-09-22 19:00:00	18.7	979.7	68400	1348340400	453191	21.11	9
2012-09-22 20:00:00	17.1	960.3	72000	1348344000	426418	20.11	9
2012-09-22 21:00:00	16.6	620.8	75600	1348347600	277829	19.11	9
2012-09-22 22:00:00	15.6	940.9	79200	1348351200	395797	18.11	9
2012-09-22 23:00:00	14.5	611.1	82800	1348354800	255517	17.11	9
2012-09-23 00:00:00	13.0	611.1	0	1348358400	241300	16.11	9
2012-09-23 01:00:00	11.5	620.8	3600	1348362000	232588	15.11	9
2012-09-23 02:00:00	11.0	601.4	7200	1348365600	220345	15.11	9
2012-09-23 03:00:00	9.7	1134.9	10800	1348369200	404118	15.11	9
2012-09-23 04:00:00	9.4	1076.7	14400	1348372800	379396	15.11	9
2012-09-23 05:00:00	8.9	814.8	18000	1348376400	286862	15.11	9
2012-09-23 06:00:00	9.7	834.2	21600	1348380000	293727	15.11	9
2012-09-23 07:00:00	10.2	1251.3	25200	1348383600	458373	15.11	9
2012-09-23 08:00:00	11.0	1164.0	28800	1348387200	422807	15.11	9
2012-09-23 09:00:00	11.2	1222.2	32400	1348390800	451852	15.11	9
2012-09-23 10:00:00	11.7	1173.7	36000	1348394400	435218	15.11	9
2012-09-23 11:00:00	12.2	989.4	39600	1348398000	362082	15.11	9
2012-09-23 12:00:00	12.2	1319.2	43200	1348401600	520119	15.11	9
2012-09-23 13:00:00	12.2	1319.2	46800	1348405200	520119	15.11	9
2012-09-23 14:00:00	12.0	1396.8	50400	1348408800	558209	15.11	9
2012-09-23 15:00:00	11.8	1425.9	54000	1348412400	570110	15.11	9
2012-09-23 16:00:00	11.5	1464.7	57600	1348416000	586380	15.11	9
2012-09-23 17:00:00	11.3	1464.7	61200	1348419600	582698	15.11	9
2012-09-23 18:00:00	11.2	1425.9	64800	1348423200	558731	15.11	9
2012-09-23 19:00:00	10.7	1416.2	68400	1348426800	546902	15.11	9
2012-09-23 20:00:00	9.9	1474.4	72000	1348430400	588549	15.11	9
2012-09-23 21:00:00	9.7	58.2	75600	1348434000	35675	15.11	9
2012-09-23 22:00:00	9.9	1435.6	79200	1348437600	551232	15.11	9
2012-09-23 23:00:00	9.9	1425.9	82800	1348441200	545931	15.11	9
2012-09-24 00:00:00	9.4	1348.3	0	1348444800	502886	15.11	9
2012-09-24 01:00:00	9.7	1328.9	3600	1348448400	494178	15.11	9
2012-09-24 02:00:00	9.9	58.2	7200	1348452000	35675	15.11	9
2012-09-24 03:00:00	9.7	58.2	10800	1348455600	35675	15.11	9
2012-09-24 04:00:00	9.7	1008.8	14400	1348459200	353556	15.11	9
2012-09-24 05:00:00	9.7	58.2	18000	1348462800	35675	15.11	9
2012-09-24 06:00:00	9.4	58.2	21600	1348466400	35675	15.11	9
2012-09-24 07:00:00	11.0	1008.8	25200	1348470000	357702	15.11	9
2012-09-24 08:00:00	11.2	1008.8	28800	1348473600	358852	15.11	9
2012-09-24 09:00:00	11.0	58.2	32400	1348477200	35675	15.11	9
2012-09-24 10:00:00	11.1	601.4	36000	1348480800	220798	15.11	9
2012-09-24 11:00:00	10.9	1367.7	39600	1348484400	522639	15.11	9
2012-09-24 12:00:00	10.8	1338.6	43200	1348488000	506170	15.11	9
2012-09-24 13:00:00	10.1	921.5	46800	1348491600	322902	15.11	9
2012-09-24 14:00:00	10.8	1338.6	50400	1348495200	506170	15.11	9
2012-09-24 15:00:00	11.1	1377.4	54000	1348498800	530337	15.11	9
2012-09-24 16:00:00	10.9	1309.5	57600	1348502400	492104	15.11	9
2012-09-24 17:00:00	11.0	1319.2	61200	1348506000	498165	15.11	9
2012-09-24 18:00:00	10.2	1251.3	64800	1348509600	458373	15.11	9
2012-09-24 19:00:00	9.1	989.4	68400	1348513200	345381	15.11	9
2012-09-24 20:00:00	9.4	659.6	72000	1348516800	244138	15.11	9
2012-09-24 21:00:00	8.9	611.1	75600	1348520400	220427	15.11	9
2012-09-24 22:00:00	8.6	640.2	79200	1348524000	233732	15.11	9
2012-09-24 23:00:00	8.6	921.5	82800	1348527600	320777	15.11	9
2012-09-25 00:00:00	7.8	911.8	0	1348531200	316753	15.11	9
2012-09-25 01:00:00	8.0	620.8	3600	1348534800	224179	15.11	9
2012-09-25 02:00:00	7.8	611.1	7200	1348538400	219626	15.11	9
2012-09-25 03:00:00	7.7	1134.9	10800	1348542000	401024	15.11	9
2012-09-25 04:00:00	7.5	1115.5	14400	1348545600	392763	15.11	9
2012-09-25 05:00:00	7.5	1105.8	18000	1348549200	388780	15.11	9
2012-09-25 06:00:00	9.1	1309.5	21600	1348552800	482617	15.11	9
2012-09-25 07:00:00	11.2	1251.3	25200	1348556400	466054	15.11	9
2012-09-25 08:00:00	13.0	1261.0	28800	1348560000	502646	16.11	9
2012-09-25 09:00:00	13.4	1309.5	32400	1348563600	537952	17.11	9
2012-09-25 10:00:00	14.1	1328.9	36000	1348567200	559836	17.11	9
2012-09-25 11:00:00	14.3	1387.1	39600	1348570800	598226	17.11	9
2012-09-25 12:00:00	14.5	1464.7	43200	1348574400	648564	18.11	9
2012-09-25 13:00:00	15.0	1484.1	46800	1348578000	669374	18.11	9
2012-09-25 14:00:00	15.0	1493.8	50400	1348581600	675564	18.11	9
2012-09-25 15:00:00	15.5	1503.5	54000	1348585200	707772	15.11	9
2012-09-25 16:00:00	15.5	1522.9	57600	1348588800	719814	15.11	9
2012-09-25 17:00:00	15.4	1513.2	61200	1348592400	711643	15.11	9
2012-09-25 18:00:00	15.3	1474.4	64800	1348596000	685829	15.11	9
2012-09-25 19:00:00	15.0	1445.3	68400	1348599600	645013	18.11	9
2012-09-25 20:00:00	15.3	1464.7	72000	1348603200	680011	15.11	9
2012-09-25 21:00:00	15.0	1328.9	75600	1348606800	575816	18.11	9
2012-09-25 22:00:00	15.3	1425.9	79200	1348610400	657141	15.11	9
2012-09-25 23:00:00	15.3	1396.8	82800	1348614000	621954	18.11	9
2012-09-26 00:00:00	15.3	1396.8	0	1348617600	621954	18.11	9
2012-09-26 01:00:00	15.7	1367.7	3600	1348621200	631970	15.11	9
2012-09-26 02:00:00	15.9	1328.9	7200	1348624800	614418	15.11	9
2012-09-26 03:00:00	16.0	1319.2	10800	1348628400	587697	19.11	9
2012-09-26 04:00:00	16.0	1319.2	14400	1348632000	587697	19.11	9
2012-09-26 05:00:00	15.6	1299.8	18000	1348635600	593021	15.11	9
2012-09-26 06:00:00	15.6	1299.8	21600	1348639200	593021	15.11	9
2012-09-26 07:00:00	16.6	1299.8	25200	1348642800	611837	16.11	9
2012-09-26 08:00:00	17.3	1338.6	28800	1348646400	620675	20.11	9
2012-09-26 09:00:00	18.4	1358.0	32400	1348650000	650031	21.11	9
2012-09-26 10:00:00	19.0	611.1	36000	1348653600	289931	22.11	9
2012-09-26 11:00:00	19.0	1028.2	39600	1348657200	481041	21.11	9
2012-09-26 12:00:00	19.7	1067.0	43200	1348660800	505939	22.11	9
2012-09-26 13:00:00	19.6	708.1	46800	1348664400	353269	22.11	9
2012-09-26 14:00:00	19.7	1028.2	50400	1348668000	487077	22.11	9
2012-09-26 15:00:00	19.8	1057.3	54000	1348671600	502663	22.11	9
2012-09-26 16:00:00	20.0	1067.0	57600	1348675200	511305	22.11	9
2012-09-26 17:00:00	19.9	1076.7	61200	1348678800	514164	22.11	9
2012-09-26 18:00:00	19.4	1076.7	64800	1348682400	507199	22.11	9
2012-09-26 19:00:00	18.9	1028.2	68400	1348686000	478908	21.11	9
2012-09-26 20:00:00	18.2	1008.8	72000	1348689600	461195	21.11	9
2012-09-26 21:00:00	18.4	940.9	75600	1348693200	433296	21.11	9
2012-09-26 22:00:00	19.1	989.4	79200	1348696800	464140	22.11	9
2012-09-26 23:00:00	19.3	989.4	82800	1348700400	465347	22.11	9
2012-09-27 00:00:00	18.2	989.4	0	1348704000	452602	21.11	9
2012-09-27 01:00:00	18.2	989.4	3600	1348707600	452602	21.11	9
2012-09-27 02:00:00	17.5	1028.2	7200	1348711200	459843	20.11	9
2012-09-27 03:00:00	17.4	960.3	10800	1348714800	428833	20.11	9
2012-09-27 04:00:00	17.3	960.3	14400	1348718400	427923	20.11	9
2012-09-27 05:00:00	17.0	970.0	18000	1348722000	429832	20.11	9
2012-09-27 06:00:00	17.3	659.6	21600	1348725600	304583	20.11	9
2012-09-27 07:00:00	18.4	989.4	25200	1348729200	454187	21.11	9
2012-09-27 08:00:00	18.9	989.4	28800	1348732800	460748	21.11	9
2012-09-27 09:00:00	19.2	679.0	32400	1348736400	331036	22.11	9
2012-09-27 10:00:00	19.9	1377.4	36000	1348740000	714840	19.11	9
2012-09-27 11:00:00	20.3	1639.3	39600	1348743600	789264	23.11	9
2012-09-27 12:00:00	20.0	1120.35	43200	1348747200	538302	23.11	9
2012-09-27 13:00:00	20.3	1178.55	46800	1348750800	571474	23.11	9
2012-09-27 14:00:00	20.0	1207.65	50400	1348754400	585250	23.11	9
2012-09-27 15:00:00	19.8	1236.75	54000	1348758000	599317	22.11	9
2012-09-27 16:00:00	19.3	1265.85	57600	1348761600	607742	22.11	9
2012-09-27 17:00:00	19.6	1251.3	61200	1348765200	603823	22.11	9
2012-09-27 18:00:00	19.6	1716.9	64800	1348768800	816509	22.11	9
2012-09-27 19:00:00	19.4	1484.1	68400	1348772400	748243	22.11	9
2012-09-27 20:00:00	19.2	1522.9	72000	1348776000	771611	22.11	9
2012-09-27 21:00:00	19.1	1348.3	75600	1348779600	654775	22.11	9
2012-09-27 22:00:00	19.3	1416.2	79200	1348783200	700803	22.11	9
2012-09-27 23:00:00	19.0	1455.0	82800	1348786800	722114	22.11	9
2012-09-28 00:00:00	19.3	1425.9	0	1348790400	707179	22.11	9
2012-09-28 01:00:00	19.0	1406.5	3600	1348794000	690319	22.11	9
2012-09-28 02:00:00	19.0	1251.3	7200	1348797600	596208	22.11	9
2012-09-28 03:00:00	19.0	1241.6	10800	1348801200	590712	22.11	9
2012-09-28 04:00:00	18.7	1241.6	14400	1348804800	586783	21.11	9
2012-09-28 05:00:00	18.7	1231.9	18000	1348808400	581251	21.11	9
2012-09-28 06:00:00	18.7	1251.3	21600	1348812000	592360	21.11	9
2012-09-28 07:00:00	19.2	1328.9	25200	1348815600	644085	22.11	9
2012-09-28 08:00:00	19.8	1425.9	28800	1348819200	743110	19.11	9
2012-09-28 09:00:00	20.8	1552.0	32400	1348822800	845163	20.11	9
2012-09-28 10:00:00	19.8	970.0	36000	1348826400	461413	22.11	9
2012-09-28 11:00:00	19.5	1076.7	39600	1348830000	508228	22.11	9
2012-09-28 12:00:00	19.4	1154.3	43200	1348833600	546880	22.11	9
2012-09-28 13:00:00	19.4	1105.8	46800	1348837200	521734	22.11	9
2012-09-28 14:00:00	19.2	1144.6	50400	1348840800	539781	22.11	9
2012-09-28 15:00:00	19.0	1183.4	54000	1348844400	558687	22.11	9
2012-09-28 16:00:00	17.9	1193.1	57600	1348848000	579005	17.11	9
2012-09-28 17:00:00	16.7	1144.6	61200	1348851600	506277	19.11	9
2012-09-28 18:00:00	16.5	1134.9	64800	1348855200	497096	19.11	9
2012-09-28 19:00:00	16.1	1134.9	68400	1348858800	490978	19.11	9
2012-09-28 20:00:00	15.3	1144.6	72000	1348862400	483016	18.11	9
2012-09-28 21:00:00	15.3	950.6	75600	1348866000	395615	18.11	9
2012-09-28 22:00:00	14.8	1270.7	79200	1348869600	540491	18.11	9
2012-09-28 23:00:00	13.5	1202.8	82800	1348873200	483925	17.11	9
2012-09-29 00:00:00	13.0	1096.1	0	1348876800	421878	16.11	9
2012-09-29 01:00:00	12.8	1096.1	3600	1348880400	419073	16.11	9
2012-09-29 02:00:00	12.5	940.9	7200	1348884000	348333	15.11	9
2012-09-29 03:00:00	12.3	940.9	10800	1348887600	344410	15.11	9
2012-09-29 04:00:00	11.8	630.5	14400	1348891200	240018	15.11	9
2012-09-29 05:00:00	11.3	931.2	18000	1348894800	330384	15.11	9
2012-09-29 06:00:00	11.8	940.9	21600	1348898400	337687	15.11	9
2012-09-29 07:00:00	12.0	940.9	25200	1348902000	339919	15.11	9
2012-09-29 08:00:00	12.0	989.4	28800	1348905600	358916	15.11	9
2012-09-29 09:00:00	12.7	1037.9	32400	1348909200	392718	16.11	9
2012-09-29 10:00:00	13.4	1445.3	36000	1348912800	615148	17.11	9
2012-09-29 11:00:00	13.4	1697.5	39600	1348916400	669467	16.11	9
2012-09-29 12:00:00	13.6	1134.9	43200	1348920000	452327	17.11	9
2012-09-29 13:00:00	13.4	1697.5	46800	1348923600	669467	16.11	9
2012-09-29 14:00:00	13.6	1726.6	50400	1348927200	689868	17.11	9
2012-09-29 15:00:00	13.6	1164.0	54000	1348930800	466069	17.11	9
2012-09-29 16:00:00	13.2	1207.65	57600	1348934400	479319	16.11	9
2012-09-29 17:00:00	13.4	1178.55	61200	1348938000	469368	16.11	9
2012-09-29 18:00:00	13.7	1707.2	64800	1348941600	682264	17.11	9
2012-09-29 19:00:00	13.8	1581.1	68400	1348945200	639388	15.11	9
2012-09-29 20:00:00	13.8	1561.7	72000	1348948800	650642	15.11	9
2012-09-29 21:00:00	13.1	1425.9	75600	1348952400	597315	16.11	9
2012-09-29 22:00:00	12.9	1493.8	79200	1348956000	632104	15.11	9
2012-09-29 23:00:00	11.8	1377.4	82800	1348959600	542484	15.11	9
2012-09-30 00:00:00	11.3	1348.3	0	1348963200	517402	15.11	9
2012-09-30 01:00:00	11.3	1309.5	3600	1348966800	496875	15.11	9
2012-09-30 02:00:00	11.3	1416.2	7200	1348970400	554821	15.11	9
2012-09-30 03:00:00	11.0	1338.6	10800	1348974000	508304	15.11	9
2012-09-30 04:00:00	10.2	58.2	14400	1348977600	35675	15.11	9
2012-09-30 05:00:00	9.9	1290.1	18000	1348981200	475749	15.11	9
2012-09-30 06:00:00	10.2	1280.4	21600	1348984800	472416	15.11	9
2012-09-30 07:00:00	12.0	1358.0	25200	1348988400	536314	15.11	9
2012-09-30 08:00:00	12.5	1455.0	28800	1348992000	601820	16.11	9
2012-09-30 09:00:00	13.2	1610.2	32400	1348995600	622490	16.11	9
2012-09-30 10:00:00	13.4	1096.1	36000	1348999200	429443	16.11	9
2012-09-30 11:00:00	13.8	1794.5	39600	1349002800	726330	17.11	9
2012-09-30 12:00:00	13.8	1862.4	43200	1349006400	760851	17.11	9
2012-09-30 13:00:00	14.0	1872.1	46800	1349010000	770742	17.11	9
2012-09-30 14:00:00	14.2	1881.8	50400	1349013600	781697	17.11	9
2012-09-30 15:00:00	13.8	1872.1	54000	1349017200	765893	17.11	9
2012-09-30 16:00:00	12.7	1775.1	57600	1349020800	687652	16.11	9
2012-09-30 17:00:00	12.3	1746.0	61200	1349024400	663866	15.11	9
2012-09-30 18:00:00	12.0	1678.1	64800	1349028000	621976	15.11	9
2012-09-30 19:00:00	12.7	1309.5	68400	1349031600	522882	16.11	9
2012-09-30 20:00:00	12.7	1251.3	72000	1349035200	492291	16.11	9
2012-09-30 21:00:00	12.4	1086.4	75600	1349038800	408422	15.11	9
2012-09-30 22:00:00	11.9	1202.8	79200	1349042400	452722	15.11	9
2012-09-30 23:00:00	11.3	1183.4	82800	1349046000	434530	15.11	9
