Tset	Date	Twet	Load	Hour(s)	 TimeStamp(s)
15.11	4/1/2011 0:00	3.6	58.2	0	1301616000
15.11	4/1/2011 1:00	3	58.2	3600	1301619600
15.11	4/1/2011 2:00	2.8	58.2	7200	1301623200
15.11	4/1/2011 3:00	2.5	58.2	10800	1301626800
15.11	4/1/2011 4:00	2.3	58.2	14400	1301630400
15.11	4/1/2011 5:00	1.7	58.2	18000	1301634000
15.11	4/1/2011 6:00	2.3	58.2	21600	1301637600
15.11	4/1/2011 7:00	3.1	58.2	25200	1301641200
15.11	4/1/2011 8:00	4	58.2	28800	1301644800
15.11	4/1/2011 9:00	4.4	58.2	32400	1301648400
15.11	4/1/2011 10:00	4.7	58.2	36000	1301652000
15.11	4/1/2011 11:00	4.3	58.2	39600	1301655600
15.11	4/1/2011 12:00	4.1	58.2	43200	1301659200
15.11	4/1/2011 13:00	4.7	58.2	46800	1301662800
15.11	4/1/2011 14:00	4.5	58.2	50400	1301666400
15.11	4/1/2011 15:00	3.9	58.2	54000	1301670000
15.11	4/1/2011 16:00	4.5	58.2	57600	1301673600
15.11	4/1/2011 17:00	4	58.2	61200	1301677200
15.11	4/1/2011 18:00	3.7	58.2	64800	1301680800
15.11	4/1/2011 19:00	3.4	58.2	68400	1301684400
15.11	4/1/2011 20:00	3.1	58.2	72000	1301688000
15.11	4/1/2011 21:00	2.8	58.2	75600	1301691600
15.11	4/1/2011 22:00	2.5	58.2	79200	1301695200
15.11	4/1/2011 23:00	2.5	58.2	82800	1301698800
15.11	4/2/2011 0:00	1.8	58.2	0	1301702400
15.11	4/2/2011 1:00	1.5	58.2	3600	1301706000
15.11	4/2/2011 2:00	0.9	58.2	7200	1301709600
15.11	4/2/2011 3:00	-0.2	58.2	10800	1301713200
15.11	4/2/2011 4:00	-0.2	58.2	14400	1301716800
15.11	4/2/2011 5:00	0.1	58.2	18000	1301720400
15.11	4/2/2011 6:00	1.7	58.2	21600	1301724000
15.11	4/2/2011 7:00	3	58.2	25200	1301727600
15.11	4/2/2011 8:00	4.1	58.2	28800	1301731200
15.11	4/2/2011 9:00	5.3	58.2	32400	1301734800
15.11	4/2/2011 10:00	5.8	58.2	36000	1301738400
15.11	4/2/2011 11:00	5.5	58.2	39600	1301742000
15.11	4/2/2011 12:00	6.4	58.2	43200	1301745600
15.11	4/2/2011 13:00	4	58.2	46800	1301749200
15.11	4/2/2011 14:00	7.3	58.2	50400	1301752800
15.11	4/2/2011 15:00	6.5	58.2	54000	1301756400
15.11	4/2/2011 16:00	5.5	58.2	57600	1301760000
15.11	4/2/2011 17:00	5	58.2	61200	1301763600
15.11	4/2/2011 18:00	3.9	58.2	64800	1301767200
15.11	4/2/2011 19:00	4	58.2	68400	1301770800
15.11	4/2/2011 20:00	3.6	58.2	72000	1301774400
15.11	4/2/2011 21:00	3.5	58.2	75600	1301778000
15.11	4/2/2011 22:00	3.2	58.2	79200	1301781600
15.11	4/2/2011 23:00	2.9	58.2	82800	1301785200
15.11	4/3/2011 0:00	2.9	58.2	0	1301788800
15.11	4/3/2011 1:00	2.2	58.2	3600	1301792400
15.11	4/3/2011 2:00	2.2	58.2	7200	1301796000
15.11	4/3/2011 3:00	2.2	58.2	10800	1301799600
15.11	4/3/2011 4:00	2	58.2	14400	1301803200
15.11	4/3/2011 5:00	1.7	58.2	18000	1301806800
15.11	4/3/2011 6:00	2.9	58.2	21600	1301810400
15.11	4/3/2011 7:00	4.4	58.2	25200	1301814000
15.11	4/3/2011 8:00	5.4	58.2	28800	1301817600
15.11	4/3/2011 9:00	5.8	58.2	32400	1301821200
15.11	4/3/2011 10:00	5.9	58.2	36000	1301824800
15.11	4/3/2011 11:00	6.5	58.2	39600	1301828400
15.11	4/3/2011 12:00	6.8	58.2	43200	1301832000
15.11	4/3/2011 13:00	7.4	58.2	46800	1301835600
15.11	4/3/2011 14:00	6.6	58.2	50400	1301839200
15.11	4/3/2011 15:00	6.5	58.2	54000	1301842800
15.11	4/3/2011 16:00	6.4	485	57600	1301846400
15.11	4/3/2011 17:00	6.5	58.2	61200	1301850000
15.11	4/3/2011 18:00	6.2	58.2	64800	1301853600
15.11	4/3/2011 19:00	6	58.2	68400	1301857200
15.11	4/3/2011 20:00	6.5	58.2	72000	1301860800
15.11	4/3/2011 21:00	6.6	58.2	75600	1301864400
15.11	4/3/2011 22:00	6.7	58.2	79200	1301868000
15.11	4/3/2011 23:00	6.6	58.2	82800	1301871600
15.11	4/4/2011 0:00	6.8	58.2	0	1301875200
15.11	4/4/2011 1:00	6.8	58.2	3600	1301878800
15.11	4/4/2011 2:00	7	58.2	7200	1301882400
15.11	4/4/2011 3:00	6.1	58.2	10800	1301886000
15.11	4/4/2011 4:00	5.8	58.2	14400	1301889600
15.11	4/4/2011 5:00	6.1	58.2	18000	1301893200
15.11	4/4/2011 6:00	6.6	58.2	21600	1301896800
15.11	4/4/2011 7:00	8.6	58.2	25200	1301900400
15.11	4/4/2011 8:00	10.2	58.2	28800	1301904000
15.11	4/4/2011 9:00	12.2	58.2	32400	1301907600
15.11	4/4/2011 10:00	12.4	58.2	36000	1301911200
16.11	4/4/2011 11:00	13.8	58.2	39600	1301914800
17.11	4/4/2011 12:00	15.1	58.2	43200	1301918400
18.11	4/4/2011 13:00	15.5	921.5	46800	1301922000
18.11	4/4/2011 14:00	15.7	572.3	50400	1301925600
15.11	4/4/2011 15:00	15.9	717.8	54000	1301929200
15.11	4/4/2011 16:00	15.5	776	57600	1301932800
18.11	4/4/2011 17:00	14.9	756.6	61200	1301936400
18.11	4/4/2011 18:00	14.7	727.5	64800	1301940000
17.11	4/4/2011 19:00	14.4	679	68400	1301943600
17.11	4/4/2011 20:00	14.6	475.3	72000	1301947200
18.11	4/4/2011 21:00	16	58.2	75600	1301950800
18.11	4/4/2011 22:00	15.5	436.5	79200	1301954400
18.11	4/4/2011 23:00	15.5	426.8	82800	1301958000
18.11	4/5/2011 0:00	15.5	436.5	0	1301961600
18.11	4/5/2011 1:00	16.2	436.5	3600	1301965200
18.11	4/5/2011 2:00	16.3	58.2	7200	1301968800
19.11	4/5/2011 3:00	16.8	58.2	10800	1301972400
16.11	4/5/2011 4:00	14.3	58.2	14400	1301976000
16.11	4/5/2011 5:00	14.3	58.2	18000	1301979600
16.11	4/5/2011 6:00	14.2	58.2	21600	1301983200
15.11	4/5/2011 7:00	10.2	58.2	25200	1301986800
15.11	4/5/2011 8:00	8	58.2	28800	1301990400
15.11	4/5/2011 9:00	7.5	58.2	32400	1301994000
15.11	4/5/2011 10:00	5.6	58.2	36000	1301997600
15.11	4/5/2011 11:00	4.9	58.2	39600	1302001200
15.11	4/5/2011 12:00	5.5	58.2	43200	1302004800
15.11	4/5/2011 13:00	6	591.7	46800	1302008400
15.11	4/5/2011 14:00	5.6	58.2	50400	1302012000
15.11	4/5/2011 15:00	5.8	58.2	54000	1302015600
15.11	4/5/2011 16:00	5.1	58.2	57600	1302019200
15.11	4/5/2011 17:00	5	436.5	61200	1302022800
15.11	4/5/2011 18:00	3.1	58.2	64800	1302026400
15.11	4/5/2011 19:00	2.6	407.4	68400	1302030000
15.11	4/5/2011 20:00	2	58.2	72000	1302033600
15.11	4/5/2011 21:00	1.8	58.2	75600	1302037200
15.11	4/5/2011 22:00	1.5	388	79200	1302040800
15.11	4/5/2011 23:00	1.4	475.3	82800	1302044400
15.11	4/6/2011 0:00	0.7	58.2	0	1302048000
15.11	4/6/2011 1:00	0.7	58.2	3600	1302051600
15.11	4/6/2011 2:00	0.7	58.2	7200	1302055200
15.11	4/6/2011 3:00	0.7	58.2	10800	1302058800
15.11	4/6/2011 4:00	0.4	58.2	14400	1302062400
15.11	4/6/2011 5:00	-0.3	58.2	18000	1302066000
15.11	4/6/2011 6:00	1.3	58.2	21600	1302069600
15.11	4/6/2011 7:00	3.5	58.2	25200	1302073200
15.11	4/6/2011 8:00	4.4	58.2	28800	1302076800
15.11	4/6/2011 9:00	5.7	58.2	32400	1302080400
15.11	4/6/2011 10:00	5.8	426.8	36000	1302084000
15.11	4/6/2011 11:00	6.7	58.2	39600	1302087600
15.11	4/6/2011 12:00	6.7	58.2	43200	1302091200
15.11	4/6/2011 13:00	7.6	698.4	46800	1302094800
15.11	4/6/2011 14:00	8.3	436.5	50400	1302098400
15.11	4/6/2011 15:00	8.6	455.9	54000	1302102000
15.11	4/6/2011 16:00	8.9	436.5	57600	1302105600
15.11	4/6/2011 17:00	8.6	436.5	61200	1302109200
15.11	4/6/2011 18:00	8.1	446.2	64800	1302112800
15.11	4/6/2011 19:00	7.5	426.8	68400	1302116400
15.11	4/6/2011 20:00	7.3	426.8	72000	1302120000
15.11	4/6/2011 21:00	7.2	58.2	75600	1302123600
15.11	4/6/2011 22:00	6.3	426.8	79200	1302127200
15.11	4/6/2011 23:00	7.6	426.8	82800	1302130800
15.11	4/7/2011 0:00	7	417.1	0	1302134400
15.11	4/7/2011 1:00	6.2	407.4	3600	1302138000
15.11	4/7/2011 2:00	6	58.2	7200	1302141600
15.11	4/7/2011 3:00	5.7	58.2	10800	1302145200
15.11	4/7/2011 4:00	5.7	58.2	14400	1302148800
15.11	4/7/2011 5:00	5.4	58.2	18000	1302152400
15.11	4/7/2011 6:00	5.7	58.2	21600	1302156000
15.11	4/7/2011 7:00	6.2	58.2	25200	1302159600
15.11	4/7/2011 8:00	7.3	58.2	28800	1302163200
15.11	4/7/2011 9:00	7.9	58.2	32400	1302166800
15.11	4/7/2011 10:00	8.9	485	36000	1302170400
15.11	4/7/2011 11:00	10	58.2	39600	1302174000
15.11	4/7/2011 12:00	10.5	58.2	43200	1302177600
15.11	4/7/2011 13:00	11	446.2	46800	1302181200
15.11	4/7/2011 14:00	11	58.2	50400	1302184800
15.11	4/7/2011 15:00	10.5	465.6	54000	1302188400
15.11	4/7/2011 16:00	10	436.5	57600	1302192000
15.11	4/7/2011 17:00	9.7	582	61200	1302195600
15.11	4/7/2011 18:00	9.7	58.2	64800	1302199200
15.11	4/7/2011 19:00	9.7	58.2	68400	1302202800
15.11	4/7/2011 20:00	8.6	58.2	72000	1302206400
15.11	4/7/2011 21:00	7.3	58.2	75600	1302210000
15.11	4/7/2011 22:00	6.2	58.2	79200	1302213600
15.11	4/7/2011 23:00	6.2	58.2	82800	1302217200
15.11	4/8/2011 0:00	6.2	58.2	0	1302220800
15.11	4/8/2011 1:00	5.9	58.2	3600	1302224400
15.11	4/8/2011 2:00	6.2	388	7200	1302228000
15.11	4/8/2011 3:00	6.4	475.3	10800	1302231600
15.11	4/8/2011 4:00	6.4	417.1	14400	1302235200
15.11	4/8/2011 5:00	6.6	58.2	18000	1302238800
15.11	4/8/2011 6:00	6.6	58.2	21600	1302242400
15.11	4/8/2011 7:00	6.9	58.2	25200	1302246000
15.11	4/8/2011 8:00	6.9	58.2	28800	1302249600
15.11	4/8/2011 9:00	7	58.2	32400	1302253200
15.11	4/8/2011 10:00	7	407.4	36000	1302256800
15.11	4/8/2011 11:00	7	58.2	39600	1302260400
15.11	4/8/2011 12:00	6.7	58.2	43200	1302264000
15.11	4/8/2011 13:00	6.7	543.2	46800	1302267600
15.11	4/8/2011 14:00	6.9	388	50400	1302271200
15.11	4/8/2011 15:00	6.1	58.2	54000	1302274800
15.11	4/8/2011 16:00	5.6	426.8	57600	1302278400
15.11	4/8/2011 17:00	5.3	397.7	61200	1302282000
15.11	4/8/2011 18:00	4.8	388	64800	1302285600
15.11	4/8/2011 19:00	5.3	388	68400	1302289200
15.11	4/8/2011 20:00	5.6	58.2	72000	1302292800
15.11	4/8/2011 21:00	5.3	407.4	75600	1302296400
15.11	4/8/2011 22:00	5.3	58.2	79200	1302300000
15.11	4/8/2011 23:00	5.3	58.2	82800	1302303600
15.11	4/9/2011 0:00	5.3	58.2	0	1302307200
15.11	4/9/2011 1:00	5.3	58.2	3600	1302310800
15.11	4/9/2011 2:00	5	58.2	7200	1302314400
15.11	4/9/2011 3:00	5.3	58.2	10800	1302318000
15.11	4/9/2011 4:00	5.3	58.2	14400	1302321600
15.11	4/9/2011 5:00	5.3	58.2	18000	1302325200
15.11	4/9/2011 6:00	5.6	58.2	21600	1302328800
15.11	4/9/2011 7:00	5.9	58.2	25200	1302332400
15.11	4/9/2011 8:00	6.1	58.2	28800	1302336000
15.11	4/9/2011 9:00	6.4	58.2	32400	1302339600
15.11	4/9/2011 10:00	7	58.2	36000	1302343200
15.11	4/9/2011 11:00	7.6	58.2	39600	1302346800
15.11	4/9/2011 12:00	8.1	58.2	43200	1302350400
15.11	4/9/2011 13:00	8.6	523.8	46800	1302354000
15.11	4/9/2011 14:00	8.6	446.2	50400	1302357600
15.11	4/9/2011 15:00	8.6	679	54000	1302361200
15.11	4/9/2011 16:00	8.6	475.3	57600	1302364800
15.11	4/9/2011 17:00	8.6	485	61200	1302368400
15.11	4/9/2011 18:00	8.6	485	64800	1302372000
15.11	4/9/2011 19:00	8.6	58.2	68400	1302375600
15.11	4/9/2011 20:00	8.6	397.7	72000	1302379200
15.11	4/9/2011 21:00	8.9	58.2	75600	1302382800
15.11	4/9/2011 22:00	8.6	58.2	79200	1302386400
15.11	4/9/2011 23:00	8.6	58.2	82800	1302390000
15.11	4/10/2011 0:00	8.6	58.2	0	1302393600
15.11	4/10/2011 1:00	8.6	58.2	3600	1302397200
15.11	4/10/2011 2:00	8.6	58.2	7200	1302400800
15.11	4/10/2011 3:00	8.8	58.2	10800	1302404400
15.11	4/10/2011 4:00	8.8	58.2	14400	1302408000
15.11	4/10/2011 5:00	8.8	58.2	18000	1302411600
15.11	4/10/2011 6:00	8.8	58.2	21600	1302415200
15.11	4/10/2011 7:00	9.1	58.2	25200	1302418800
15.11	4/10/2011 8:00	9.7	58.2	28800	1302422400
15.11	4/10/2011 9:00	9.9	58.2	32400	1302426000
15.11	4/10/2011 10:00	10.2	58.2	36000	1302429600
15.11	4/10/2011 11:00	11	58.2	39600	1302433200
15.11	4/10/2011 12:00	11.8	58.2	43200	1302436800
15.11	4/10/2011 13:00	13	58.2	46800	1302440400
15.11	4/10/2011 14:00	13.5	58.2	50400	1302444000
15.11	4/10/2011 15:00	13.3	58.2	54000	1302447600
15.11	4/10/2011 16:00	13	58.2	57600	1302451200
15.11	4/10/2011 17:00	12.8	58.2	61200	1302454800
15.11	4/10/2011 18:00	12.3	58.2	64800	1302458400
15.11	4/10/2011 19:00	12.1	58.2	68400	1302462000
15.11	4/10/2011 20:00	11.3	58.2	72000	1302465600
15.11	4/10/2011 21:00	11	58.2	75600	1302469200
15.11	4/10/2011 22:00	10.2	58.2	79200	1302472800
15.11	4/10/2011 23:00	11	58.2	82800	1302476400
15.11	4/11/2011 0:00	12.4	58.2	0	1302480000
15.11	4/11/2011 1:00	12.9	58.2	3600	1302483600
16.11	4/11/2011 2:00	13.8	58.2	7200	1302487200
16.11	4/11/2011 3:00	13.8	58.2	10800	1302490800
16.11	4/11/2011 4:00	13.8	58.2	14400	1302494400
16.11	4/11/2011 5:00	14.1	58.2	18000	1302498000
17.11	4/11/2011 6:00	15.1	58.2	21600	1302501600
18.11	4/11/2011 7:00	15.9	58.2	25200	1302505200
19.11	4/11/2011 8:00	16.8	58.2	28800	1302508800
19.11	4/11/2011 9:00	17.5	58.2	32400	1302512400
21.11	4/11/2011 10:00	18.8	58.2	36000	1302516000
21.11	4/11/2011 11:00	19.4	58.2	39600	1302519600
21.11	4/11/2011 12:00	19.5	58.2	43200	1302523200
22.11	4/11/2011 13:00	19.9	960.3	46800	1302526800
23.11	4/11/2011 14:00	20.5	426.8	50400	1302530400
22.11	4/11/2011 15:00	20.3	436.5	54000	1302534000
22.11	4/11/2011 16:00	20.2	446.2	57600	1302537600
23.11	4/11/2011 17:00	20.3	455.9	61200	1302541200
22.11	4/11/2011 18:00	20	446.2	64800	1302544800
22.11	4/11/2011 19:00	19.9	58.2	68400	1302548400
21.11	4/11/2011 20:00	19.4	397.7	72000	1302552000
19.11	4/11/2011 21:00	17.2	58.2	75600	1302555600
19.11	4/11/2011 22:00	16.3	494.7	79200	1302559200
17.11	4/11/2011 23:00	15.7	58.2	82800	1302562800
17.11	4/12/2011 0:00	15.3	58.2	0	1302566400
17.11	4/12/2011 1:00	15.1	446.2	3600	1302570000
17.11	4/12/2011 2:00	15.1	58.2	7200	1302573600
17.11	4/12/2011 3:00	14.9	58.2	10800	1302577200
17.11	4/12/2011 4:00	14.7	58.2	14400	1302580800
17.11	4/12/2011 5:00	14.7	58.2	18000	1302584400
16.11	4/12/2011 6:00	14.5	58.2	21600	1302588000
15.11	4/12/2011 7:00	13.6	58.2	25200	1302591600
15.11	4/12/2011 8:00	12.4	58.2	28800	1302595200
15.11	4/12/2011 9:00	12.9	58.2	32400	1302598800
17.11	4/12/2011 10:00	14	1076.7	36000	1302602400
17.11	4/12/2011 11:00	14.7	858.45	39600	1302606000
16.11	4/12/2011 12:00	13.3	858.45	43200	1302609600
16.11	4/12/2011 13:00	13.4	858.45	46800	1302613200
15.11	4/12/2011 14:00	13.2	58.2	50400	1302616800
15.11	4/12/2011 15:00	12.6	58.2	54000	1302620400
15.11	4/12/2011 16:00	11.5	1149.45	57600	1302624000
15.11	4/12/2011 17:00	11.3	800.25	61200	1302627600
15.11	4/12/2011 18:00	11	814.8	64800	1302631200
15.11	4/12/2011 19:00	10.2	58.2	68400	1302634800
15.11	4/12/2011 20:00	9.9	58.2	72000	1302638400
15.11	4/12/2011 21:00	10.2	1178.55	75600	1302642000
15.11	4/12/2011 22:00	9.9	58.2	79200	1302645600
15.11	4/12/2011 23:00	9.9	58.2	82800	1302649200
15.11	4/13/2011 0:00	9.9	58.2	0	1302652800
15.11	4/13/2011 1:00	9.1	58.2	3600	1302656400
15.11	4/13/2011 2:00	8.8	1222.2	7200	1302660000
15.11	4/13/2011 3:00	8.8	1193.1	10800	1302663600
15.11	4/13/2011 4:00	8.8	1222.2	14400	1302667200
15.11	4/13/2011 5:00	8.8	1033.05	18000	1302670800
15.11	4/13/2011 6:00	9.1	1018.5	21600	1302674400
15.11	4/13/2011 7:00	9.1	1353.15	25200	1302678000
15.11	4/13/2011 8:00	8.8	742.05	28800	1302681600
15.11	4/13/2011 9:00	9.1	742.05	32400	1302685200
15.11	4/13/2011 10:00	9.7	620.8	36000	1302688800
15.11	4/13/2011 11:00	9.7	679	39600	1302692400
15.11	4/13/2011 12:00	10.7	698.4	43200	1302696000
15.11	4/13/2011 13:00	11	776	46800	1302699600
15.11	4/13/2011 14:00	10.7	814.8	50400	1302703200
15.11	4/13/2011 15:00	11	824.5	54000	1302706800
15.11	4/13/2011 16:00	10.4	776	57600	1302710400
15.11	4/13/2011 17:00	10.7	824.5	61200	1302714000
15.11	4/13/2011 18:00	9.9	766.3	64800	1302717600
15.11	4/13/2011 19:00	9.4	591.7	68400	1302721200
15.11	4/13/2011 20:00	9.1	494.7	72000	1302724800
15.11	4/13/2011 21:00	8.6	591.7	75600	1302728400
15.11	4/13/2011 22:00	8.9	514.1	79200	1302732000
15.11	4/13/2011 23:00	7.8	514.1	82800	1302735600
15.11	4/14/2011 0:00	7.5	494.7	0	1302739200
15.11	4/14/2011 1:00	6.1	485	3600	1302742800
15.11	4/14/2011 2:00	6.4	591.7	7200	1302746400
15.11	4/14/2011 3:00	5.3	582	10800	1302750000
15.11	4/14/2011 4:00	5.6	552.9	14400	1302753600
15.11	4/14/2011 5:00	5.3	562.6	18000	1302757200
15.11	4/14/2011 6:00	7.5	562.6	21600	1302760800
15.11	4/14/2011 7:00	8.7	582	25200	1302764400
15.11	4/14/2011 8:00	9.7	620.8	28800	1302768000
15.11	4/14/2011 9:00	10.3	562.6	32400	1302771600
15.11	4/14/2011 10:00	10.9	1062.15	36000	1302775200
15.11	4/14/2011 11:00	10.9	1236.75	39600	1302778800
15.11	4/14/2011 12:00	11.2	1353.15	43200	1302782400
15.11	4/14/2011 13:00	11.2	1469.55	46800	1302786000
15.11	4/14/2011 14:00	11.7	1484.1	50400	1302789600
15.11	4/14/2011 15:00	11.3	58.2	54000	1302793200
15.11	4/14/2011 16:00	11.5	58.2	57600	1302796800
15.11	4/14/2011 17:00	11.2	58.2	61200	1302800400
15.11	4/14/2011 18:00	10.4	1469.55	64800	1302804000
15.11	4/14/2011 19:00	9.4	1455	68400	1302807600
15.11	4/14/2011 20:00	8.5	1294.95	72000	1302811200
15.11	4/14/2011 21:00	8.5	1091.25	75600	1302814800
15.11	4/14/2011 22:00	8.2	1236.75	79200	1302818400
15.11	4/14/2011 23:00	7.3	1193.1	82800	1302822000
15.11	4/15/2011 0:00	7.6	1222.2	0	1302825600
15.11	4/15/2011 1:00	6.8	1178.55	3600	1302829200
15.11	4/15/2011 2:00	7.9	1047.6	7200	1302832800
15.11	4/15/2011 3:00	6.2	1222.2	10800	1302836400
15.11	4/15/2011 4:00	7.1	1134.9	14400	1302840000
15.11	4/15/2011 5:00	7.2	1120.35	18000	1302843600
15.11	4/15/2011 6:00	8.2	1120.35	21600	1302847200
15.11	4/15/2011 7:00	9.2	1062.15	25200	1302850800
15.11	4/15/2011 8:00	9.5	1091.25	28800	1302854400
15.11	4/15/2011 9:00	9.7	1193.1	32400	1302858000
15.11	4/15/2011 10:00	10.2	465.6	36000	1302861600
15.11	4/15/2011 11:00	10.5	717.8	39600	1302865200
15.11	4/15/2011 12:00	11.2	679	43200	1302868800
15.11	4/15/2011 13:00	11.7	698.4	46800	1302872400
15.11	4/15/2011 14:00	11.7	746.9	50400	1302876000
15.11	4/15/2011 15:00	11.5	776	54000	1302879600
15.11	4/15/2011 16:00	10.5	766.3	57600	1302883200
15.11	4/15/2011 17:00	9.4	727.5	61200	1302886800
15.11	4/15/2011 18:00	8.1	727.5	64800	1302890400
15.11	4/15/2011 19:00	7.8	533.5	68400	1302894000
15.11	4/15/2011 20:00	7.5	494.7	72000	1302897600
15.11	4/15/2011 21:00	7.3	465.6	75600	1302901200
15.11	4/15/2011 22:00	7.3	475.3	79200	1302904800
15.11	4/15/2011 23:00	7.3	455.9	82800	1302908400
15.11	4/16/2011 0:00	7.3	436.5	0	1302912000
15.11	4/16/2011 1:00	7.5	446.2	3600	1302915600
15.11	4/16/2011 2:00	7.5	465.6	7200	1302919200
15.11	4/16/2011 3:00	7.8	591.7	10800	1302922800
15.11	4/16/2011 4:00	8	611.1	14400	1302926400
15.11	4/16/2011 5:00	8.6	620.8	18000	1302930000
15.11	4/16/2011 6:00	8.6	611.1	21600	1302933600
15.11	4/16/2011 7:00	8.8	620.8	25200	1302937200
15.11	4/16/2011 8:00	9.7	620.8	28800	1302940800
15.11	4/16/2011 9:00	10.2	649.9	32400	1302944400
15.11	4/16/2011 10:00	10.5	1149.45	36000	1302948000
15.11	4/16/2011 11:00	11	58.2	39600	1302951600
15.11	4/16/2011 12:00	11.9	58.2	43200	1302955200
16.11	4/16/2011 13:00	13.8	58.2	46800	1302958800
18.11	4/16/2011 14:00	14.7	1833.3	50400	1302962400
16.11	4/16/2011 15:00	14.5	58.2	54000	1302966000
18.11	4/16/2011 16:00	14.9	1862.4	57600	1302969600
17.11	4/16/2011 17:00	15.4	58.2	61200	1302973200
17.11	4/16/2011 18:00	15.5	58.2	64800	1302976800
17.11	4/16/2011 19:00	13.4	1469.55	68400	1302980400
15.11	4/16/2011 20:00	12.1	1149.45	72000	1302984000
15.11	4/16/2011 21:00	11.9	1353.15	75600	1302987600
15.11	4/16/2011 22:00	11.9	1353.15	79200	1302991200
15.11	4/16/2011 23:00	11.5	1309.5	82800	1302994800
15.11	4/17/2011 0:00	8.9	1265.85	0	1302998400
15.11	4/17/2011 1:00	8.1	1134.9	3600	1303002000
15.11	4/17/2011 2:00	8.1	1222.2	7200	1303005600
15.11	4/17/2011 3:00	7.1	1353.15	10800	1303009200
15.11	4/17/2011 4:00	6.6	1265.85	14400	1303012800
15.11	4/17/2011 5:00	5.6	1280.4	18000	1303016400
15.11	4/17/2011 6:00	5.4	1309.5	21600	1303020000
15.11	4/17/2011 7:00	5.8	1294.95	25200	1303023600
15.11	4/17/2011 8:00	6.2	1411.35	28800	1303027200
15.11	4/17/2011 9:00	6.7	436.5	32400	1303030800
15.11	4/17/2011 10:00	7.2	475.3	36000	1303034400
15.11	4/17/2011 11:00	8	514.1	39600	1303038000
15.11	4/17/2011 12:00	8.5	543.2	43200	1303041600
15.11	4/17/2011 13:00	8.9	533.5	46800	1303045200
15.11	4/17/2011 14:00	8.9	601.4	50400	1303048800
15.11	4/17/2011 15:00	9.5	630.5	54000	1303052400
15.11	4/17/2011 16:00	9.9	649.9	57600	1303056000
15.11	4/17/2011 17:00	9.9	611.1	61200	1303059600
15.11	4/17/2011 18:00	9.7	591.7	64800	1303063200
15.11	4/17/2011 19:00	9.4	465.6	68400	1303066800
15.11	4/17/2011 20:00	9	436.5	72000	1303070400
15.11	4/17/2011 21:00	9.1	436.5	75600	1303074000
15.11	4/17/2011 22:00	9.1	417.1	79200	1303077600
15.11	4/17/2011 23:00	9	407.4	82800	1303081200
15.11	4/18/2011 0:00	9	407.4	0	1303084800
15.11	4/18/2011 1:00	7.6	436.5	3600	1303088400
15.11	4/18/2011 2:00	7.6	494.7	7200	1303092000
15.11	4/18/2011 3:00	7.6	475.3	10800	1303095600
15.11	4/18/2011 4:00	7.6	475.3	14400	1303099200
15.11	4/18/2011 5:00	7.6	436.5	18000	1303102800
15.11	4/18/2011 6:00	9.1	446.2	21600	1303106400
15.11	4/18/2011 7:00	10.5	436.5	25200	1303110000
15.11	4/18/2011 8:00	12	475.3	28800	1303113600
15.11	4/18/2011 9:00	12.2	1222.2	32400	1303117200
15.11	4/18/2011 10:00	11.7	1484.1	36000	1303120800
16.11	4/18/2011 11:00	12.4	1484.1	39600	1303124400
16.11	4/18/2011 12:00	13.2	1469.55	43200	1303128000
16.11	4/18/2011 13:00	13.1	1484.1	46800	1303131600
17.11	4/18/2011 14:00	14.3	1469.55	50400	1303135200
17.11	4/18/2011 15:00	14.3	1716.9	54000	1303138800
17.11	4/18/2011 16:00	14.7	1804.2	57600	1303142400
17.11	4/18/2011 17:00	14.5	1833.3	61200	1303146000
15.11	4/18/2011 18:00	13.4	58.2	64800	1303149600
16.11	4/18/2011 19:00	12.7	1440.45	68400	1303153200
15.11	4/18/2011 20:00	12.2	1207.65	72000	1303156800
15.11	4/18/2011 21:00	11.5	1294.95	75600	1303160400
15.11	4/18/2011 22:00	11	1280.4	79200	1303164000
15.11	4/18/2011 23:00	11	1338.6	82800	1303167600
15.11	4/19/2011 0:00	11.2	1338.6	0	1303171200
15.11	4/19/2011 1:00	11.2	1207.65	3600	1303174800
15.11	4/19/2011 2:00	11.2	1309.5	7200	1303178400
15.11	4/19/2011 3:00	10.7	1484.1	10800	1303182000
15.11	4/19/2011 4:00	10.4	58.2	14400	1303185600
15.11	4/19/2011 5:00	11	1469.55	18000	1303189200
15.11	4/19/2011 6:00	11.7	1469.55	21600	1303192800
15.11	4/19/2011 7:00	11.9	1469.55	25200	1303196400
16.11	4/19/2011 8:00	12.5	1484.1	28800	1303200000
16.11	4/19/2011 9:00	13.3	407.4	32400	1303203600
16.11	4/19/2011 10:00	13.6	494.7	36000	1303207200
16.11	4/19/2011 11:00	13.5	601.4	39600	1303210800
16.11	4/19/2011 12:00	13	659.6	43200	1303214400
16.11	4/19/2011 13:00	13.4	659.6	46800	1303218000
16.11	4/19/2011 14:00	13.1	679	50400	1303221600
17.11	4/19/2011 15:00	13.6	698.4	54000	1303225200
17.11	4/19/2011 16:00	14.3	630.5	57600	1303228800
17.11	4/19/2011 17:00	14.1	582	61200	1303232400
16.11	4/19/2011 18:00	13.6	543.2	64800	1303236000
16.11	4/19/2011 19:00	13.1	446.2	68400	1303239600
15.11	4/19/2011 20:00	13.1	407.4	72000	1303243200
15.11	4/19/2011 21:00	12.3	436.5	75600	1303246800
15.11	4/19/2011 22:00	11.3	426.8	79200	1303250400
15.11	4/19/2011 23:00	10.5	417.1	82800	1303254000
15.11	4/20/2011 0:00	10.2	397.7	0	1303257600
15.11	4/20/2011 1:00	9.7	407.4	3600	1303261200
15.11	4/20/2011 2:00	9.7	436.5	7200	1303264800
15.11	4/20/2011 3:00	9.9	475.3	10800	1303268400
15.11	4/20/2011 4:00	9.9	455.9	14400	1303272000
15.11	4/20/2011 5:00	9.9	455.9	18000	1303275600
15.11	4/20/2011 6:00	11	436.5	21600	1303279200
16.11	4/20/2011 7:00	13.1	446.2	25200	1303282800
18.11	4/20/2011 8:00	15.4	494.7	28800	1303286400
17.11	4/20/2011 9:00	17.8	1338.6	32400	1303290000
21.11	4/20/2011 10:00	18.2	1920.6	36000	1303293600
22.11	4/20/2011 11:00	19.1	2051.55	39600	1303297200
22.11	4/20/2011 12:00	19.1	2109.75	43200	1303300800
21.11	4/20/2011 13:00	18.4	1455	46800	1303304400
21.11	4/20/2011 14:00	18.6	1406.5	50400	1303308000
21.11	4/20/2011 15:00	18.6	1406.5	54000	1303311600
21.11	4/20/2011 16:00	18.3	1445.3	57600	1303315200
16.11	4/20/2011 17:00	16.6	1464.7	61200	1303318800
18.11	4/20/2011 18:00	15.1	1367.7	64800	1303322400
18.11	4/20/2011 19:00	14.9	1183.4	68400	1303326000
18.11	4/20/2011 20:00	14.7	1324.05	72000	1303329600
16.11	4/20/2011 21:00	13.1	1183.4	75600	1303333200
15.11	4/20/2011 22:00	11.8	1212.5	79200	1303336800
15.11	4/20/2011 23:00	11.2	1183.4	82800	1303340400
15.11	4/21/2011 0:00	10.3	1183.4	0	1303344000
15.11	4/21/2011 1:00	9.5	1309.5	3600	1303347600
15.11	4/21/2011 2:00	8.8	1455	7200	1303351200
15.11	4/21/2011 3:00	8	58.2	10800	1303354800
15.11	4/21/2011 4:00	6.8	1833.3	14400	1303358400
15.11	4/21/2011 5:00	6.4	58.2	18000	1303362000
15.11	4/21/2011 6:00	6.1	58.2	21600	1303365600
15.11	4/21/2011 7:00	6.7	1484.1	25200	1303369200
15.11	4/21/2011 8:00	5.8	58.2	28800	1303372800
15.11	4/21/2011 9:00	6.4	407.4	32400	1303376400
15.11	4/21/2011 10:00	6.8	58.2	36000	1303380000
15.11	4/21/2011 11:00	7.9	58.2	39600	1303383600
15.11	4/21/2011 12:00	8.3	630.5	43200	1303387200
15.11	4/21/2011 13:00	8.4	417.1	46800	1303390800
15.11	4/21/2011 14:00	8.3	455.9	50400	1303394400
15.11	4/21/2011 15:00	7.9	436.5	54000	1303398000
15.11	4/21/2011 16:00	8.3	436.5	57600	1303401600
15.11	4/21/2011 17:00	7.6	446.2	61200	1303405200
15.11	4/21/2011 18:00	6	446.2	64800	1303408800
15.11	4/21/2011 19:00	5.6	417.1	68400	1303412400
15.11	4/21/2011 20:00	5.2	397.7	72000	1303416000
15.11	4/21/2011 21:00	4.2	426.8	75600	1303419600
15.11	4/21/2011 22:00	4.3	417.1	79200	1303423200
15.11	4/21/2011 23:00	4.7	417.1	82800	1303426800
15.11	4/22/2011 0:00	4.1	407.4	0	1303430400
15.11	4/22/2011 1:00	4	397.7	3600	1303434000
15.11	4/22/2011 2:00	3.2	58.2	7200	1303437600
15.11	4/22/2011 3:00	3.2	58.2	10800	1303441200
15.11	4/22/2011 4:00	3.5	58.2	14400	1303444800
15.11	4/22/2011 5:00	3.5	58.2	18000	1303448400
15.11	4/22/2011 6:00	3.4	58.2	21600	1303452000
15.11	4/22/2011 7:00	3.9	58.2	25200	1303455600
15.11	4/22/2011 8:00	4.2	58.2	28800	1303459200
15.11	4/22/2011 9:00	4.7	1144.6	32400	1303462800
15.11	4/22/2011 10:00	5.2	1299.8	36000	1303466400
15.11	4/22/2011 11:00	5.8	1290.1	39600	1303470000
15.11	4/22/2011 12:00	6	1251.3	43200	1303473600
15.11	4/22/2011 13:00	6.7	1212.5	46800	1303477200
15.11	4/22/2011 14:00	6.7	1173.7	50400	1303480800
15.11	4/22/2011 15:00	6.4	1183.4	54000	1303484400
15.11	4/22/2011 16:00	6.2	1154.3	57600	1303488000
15.11	4/22/2011 17:00	6.1	1105.8	61200	1303491600
15.11	4/22/2011 18:00	6.1	1057.3	64800	1303495200
15.11	4/22/2011 19:00	5.3	1008.8	68400	1303498800
15.11	4/22/2011 20:00	5.6	1154.3	72000	1303502400
15.11	4/22/2011 21:00	5.3	989.4	75600	1303506000
15.11	4/22/2011 22:00	5.9	960.3	79200	1303509600
15.11	4/22/2011 23:00	6.1	940.9	82800	1303513200
15.11	4/23/2011 1:00	6.9	1164	3600	1303520400
15.11	4/23/2011 2:00	6.9	1202.8	7200	1303524000
15.11	4/23/2011 3:00	7.5	1251.3	10800	1303527600
15.11	4/23/2011 4:00	7.5	1222.2	14400	1303531200
15.11	4/23/2011 5:00	8	1222.2	18000	1303534800
15.11	4/23/2011 6:00	8.3	1231.9	21600	1303538400
15.11	4/23/2011 7:00	8.6	1328.9	25200	1303542000
15.11	4/23/2011 8:00	9.7	1261	28800	1303545600
15.11	4/23/2011 9:00	10.8	417.1	32400	1303549200
15.11	4/23/2011 10:00	11.8	436.5	36000	1303552800
15.11	4/23/2011 11:00	12.9	446.2	39600	1303556400
17.11	4/23/2011 12:00	14.9	465.6	43200	1303560000
20.11	4/23/2011 14:00	17.6	504.4	50400	1303567200
21.11	4/23/2011 15:00	18.5	514.1	54000	1303570800
20.11	4/23/2011 16:00	17.9	523.8	57600	1303574400
20.11	4/23/2011 17:00	17.5	523.8	61200	1303578000
20.11	4/23/2011 18:00	17.2	514.1	64800	1303581600
20.11	4/23/2011 19:00	17.3	504.4	68400	1303585200
20.11	4/23/2011 20:00	17.8	417.1	72000	1303588800
20.11	4/23/2011 21:00	17.8	494.7	75600	1303592400
20.11	4/23/2011 22:00	17.4	504.4	79200	1303596000
19.11	4/23/2011 23:00	16.9	523.8	82800	1303599600
19.11	4/24/2011 0:00	16.9	514.1	0	1303603200
19.11	4/24/2011 1:00	16.4	417.1	3600	1303606800
17.11	4/24/2011 2:00	15.1	417.1	7200	1303610400
17.11	4/24/2011 3:00	14.6	417.1	10800	1303614000
17.11	4/24/2011 4:00	14.6	436.5	14400	1303617600
17.11	4/24/2011 5:00	15.2	417.1	18000	1303621200
18.11	4/24/2011 6:00	16.2	417.1	21600	1303624800
20.11	4/24/2011 7:00	17.6	446.2	25200	1303628400
20.11	4/24/2011 8:00	18.3	407.4	28800	1303632000
21.11	4/24/2011 9:00	18.7	940.9	32400	1303635600
21.11	4/24/2011 10:00	19.2	853.6	36000	1303639200
22.11	4/24/2011 11:00	19.7	931.2	39600	1303642800
22.11	4/24/2011 12:00	19.9	970	43200	1303646400
22.11	4/24/2011 13:00	19.9	999.1	46800	1303650000
22.11	4/24/2011 14:00	20.1	989.4	50400	1303653600
22.11	4/24/2011 15:00	19.8	999.1	54000	1303657200
22.11	4/24/2011 16:00	19.5	1008.8	57600	1303660800
22.11	4/24/2011 17:00	19.6	1018.5	61200	1303664400
22.11	4/24/2011 18:00	19.8	989.4	64800	1303668000
22.11	4/24/2011 19:00	19.6	960.3	68400	1303671600
21.11	4/24/2011 20:00	18.6	950.6	72000	1303675200
21.11	4/24/2011 21:00	18.5	960.3	75600	1303678800
21.11	4/24/2011 22:00	18.5	940.9	79200	1303682400
21.11	4/24/2011 23:00	19	940.9	82800	1303686000
21.11	4/25/2011 0:00	18.5	940.9	0	1303689600
20.11	4/25/2011 1:00	17.9	940.9	3600	1303693200
20.11	4/25/2011 2:00	17.7	931.2	7200	1303696800
20.11	4/25/2011 3:00	17.2	940.9	10800	1303700400
19.11	4/25/2011 4:00	16.6	921.5	14400	1303704000
18.11	4/25/2011 5:00	16.1	902.1	18000	1303707600
20.11	4/25/2011 6:00	17.9	902.1	21600	1303711200
22.11	4/25/2011 7:00	19.3	892.4	25200	1303714800
23.11	4/25/2011 8:00	20.6	921.5	28800	1303718400
23.11	4/25/2011 9:00	21	514.1	32400	1303722000
23.11	4/25/2011 10:00	21.3	58.2	36000	1303725600
24.11	4/25/2011 11:00	22	1299.8	39600	1303729200
24.11	4/25/2011 12:00	21.4	1328.9	43200	1303732800
24.11	4/25/2011 13:00	21.6	1280.4	46800	1303736400
24.11	4/25/2011 14:00	21.5	1387.1	50400	1303740000
24.11	4/25/2011 15:00	21.7	1406.5	54000	1303743600
24.11	4/25/2011 16:00	21.1	1338.6	57600	1303747200
23.11	4/25/2011 17:00	20.7	1309.5	61200	1303750800
22.11	4/25/2011 18:00	20	892.4	64800	1303754400
22.11	4/25/2011 19:00	19.3	601.4	68400	1303758000
21.11	4/25/2011 20:00	18.8	552.9	72000	1303761600
22.11	4/25/2011 21:00	19.2	523.8	75600	1303765200
22.11	4/25/2011 22:00	19.2	514.1	79200	1303768800
21.11	4/25/2011 23:00	19.2	475.3	82800	1303772400
21.11	4/26/2011 0:00	19.1	455.9	0	1303776000
21.11	4/26/2011 1:00	18.6	543.2	3600	1303779600
20.11	4/26/2011 2:00	18.1	911.8	7200	1303783200
20.11	4/26/2011 3:00	17.7	863.3	10800	1303786800
20.11	4/26/2011 4:00	17.6	834.2	14400	1303790400
17.11	4/26/2011 5:00	17.6	795.4	18000	1303794000
20.11	4/26/2011 6:00	18.1	834.2	21600	1303797600
21.11	4/26/2011 7:00	18.7	931.2	25200	1303801200
21.11	4/26/2011 8:00	19.4	58.2	28800	1303804800
22.11	4/26/2011 9:00	20	931.2	32400	1303808400
22.11	4/26/2011 10:00	20.1	834.2	36000	1303812000
23.11	4/26/2011 11:00	20.3	921.5	39600	1303815600
23.11	4/26/2011 12:00	20.3	940.9	43200	1303819200
23.11	4/26/2011 13:00	20.8	960.3	46800	1303822800
23.11	4/26/2011 14:00	21	979.7	50400	1303826400
23.11	4/26/2011 15:00	21	979.7	54000	1303830000
23.11	4/26/2011 16:00	20.9	979.7	57600	1303833600
23.11	4/26/2011 17:00	20.6	989.4	61200	1303837200
22.11	4/26/2011 18:00	20.1	970	64800	1303840800
22.11	4/26/2011 19:00	19.7	960.3	68400	1303844400
22.11	4/26/2011 20:00	19.3	921.5	72000	1303848000
22.11	4/26/2011 21:00	19.7	950.6	75600	1303851600
22.11	4/26/2011 22:00	19.3	950.6	79200	1303855200
22.11	4/26/2011 23:00	19.8	940.9	82800	1303858800
22.11	4/27/2011 0:00	19.8	940.9	0	1303862400
21.11	4/27/2011 1:00	18.9	921.5	3600	1303866000
21.11	4/27/2011 2:00	18.7	902.1	7200	1303869600
21.11	4/27/2011 3:00	18.7	902.1	10800	1303873200
21.11	4/27/2011 4:00	18.4	843.9	14400	1303876800
21.11	4/27/2011 5:00	18.4	853.6	18000	1303880400
21.11	4/27/2011 6:00	19.1	902.1	21600	1303884000
22.11	4/27/2011 7:00	19.3	911.8	25200	1303887600
22.11	4/27/2011 8:00	19.8	1134.9	28800	1303891200
23.11	4/27/2011 9:00	20.4	455.9	32400	1303894800
23.11	4/27/2011 10:00	20.8	572.3	36000	1303898400
23.11	4/27/2011 11:00	21	552.9	39600	1303902000
23.11	4/27/2011 12:00	20.9	611.1	43200	1303905600
25.11	4/27/2011 13:00	22.2	620.8	46800	1303909200
25.11	4/27/2011 14:00	22.2	601.4	50400	1303912800
24.11	4/27/2011 15:00	21.8	659.6	54000	1303916400
24.11	4/27/2011 16:00	21.7	688.7	57600	1303920000
23.11	4/27/2011 17:00	20.9	649.9	61200	1303923600
23.11	4/27/2011 18:00	20.4	611.1	64800	1303927200
24.11	4/27/2011 19:00	21.3	485	68400	1303930800
22.11	4/27/2011 20:00	20.2	455.9	72000	1303934400
22.11	4/27/2011 21:00	19.4	455.9	75600	1303938000
22.11	4/27/2011 22:00	19.8	446.2	79200	1303941600
22.11	4/27/2011 23:00	20.2	426.8	82800	1303945200
22.11	4/28/2011 0:00	20.2	426.8	0	1303948800
22.11	4/28/2011 1:00	20	446.2	3600	1303952400
23.11	4/28/2011 2:00	20.6	504.4	7200	1303956000
23.11	4/28/2011 3:00	20.4	494.7	10800	1303959600
23.11	4/28/2011 4:00	20.6	446.2	14400	1303963200
23.11	4/28/2011 5:00	20.4	465.6	18000	1303966800
23.11	4/28/2011 6:00	20.6	504.4	21600	1303970400
23.11	4/28/2011 7:00	21.1	465.6	25200	1303974000
24.11	4/28/2011 8:00	21.5	514.1	28800	1303977600
23.11	4/28/2011 9:00	20.6	960.3	32400	1303981200
22.11	4/28/2011 10:00	19.3	679	36000	1303984800
21.11	4/28/2011 11:00	18.7	708.1	39600	1303988400
21.11	4/28/2011 12:00	18.5	882.7	43200	1303992000
22.11	4/28/2011 13:00	19.6	892.4	46800	1303995600
22.11	4/28/2011 14:00	19.6	970	50400	1303999200
20.11	4/28/2011 15:00	17.7	979.7	54000	1304002800
19.11	4/28/2011 16:00	16.7	989.4	57600	1304006400
18.11	4/28/2011 17:00	15.4	960.3	61200	1304010000
17.11	4/28/2011 18:00	14.1	911.8	64800	1304013600
16.11	4/28/2011 19:00	13.2	785.7	68400	1304017200
15.11	4/28/2011 20:00	12.4	950.6	72000	1304020800
15.11	4/28/2011 21:00	11.4	737.2	75600	1304024400
15.11	4/28/2011 22:00	10.2	737.2	79200	1304028000
15.11	4/28/2011 23:00	9.7	688.7	82800	1304031600
15.11	4/29/2011 0:00	9.2	679	0	1304035200
15.11	4/29/2011 1:00	8.7	960.3	3600	1304038800
15.11	4/29/2011 2:00	7.8	1037.9	7200	1304042400
15.11	4/29/2011 3:00	8.1	1037.9	10800	1304046000
15.11	4/29/2011 4:00	7.5	1008.8	14400	1304049600
15.11	4/29/2011 5:00	8.4	989.4	18000	1304053200
15.11	4/29/2011 6:00	10.9	989.4	21600	1304056800
15.11	4/29/2011 7:00	11.5	999.1	25200	1304060400
15.11	4/29/2011 8:00	11.7	999.1	28800	1304064000
15.11	4/29/2011 9:00	11.7	417.1	32400	1304067600
15.11	4/29/2011 10:00	11.7	494.7	36000	1304071200
15.11	4/29/2011 11:00	11.2	514.1	39600	1304074800
15.11	4/29/2011 12:00	11.7	601.4	43200	1304078400
15.11	4/29/2011 13:00	11.5	717.8	46800	1304082000
15.11	4/29/2011 14:00	11	688.7	50400	1304085600
15.11	4/29/2011 15:00	11	756.6	54000	1304089200
15.11	4/29/2011 16:00	10.5	805.1	57600	1304092800
15.11	4/29/2011 17:00	10.2	756.6	61200	1304096400
15.11	4/29/2011 18:00	9.2	669.3	64800	1304100000
15.11	4/29/2011 19:00	8.7	533.5	68400	1304103600
15.11	4/29/2011 20:00	8.5	426.8	72000	1304107200
15.11	4/29/2011 21:00	8.3	485	75600	1304110800
15.11	4/29/2011 22:00	8.5	475.3	79200	1304114400
15.11	4/29/2011 23:00	8	475.3	82800	1304118000
15.11	4/30/2011 0:00	7.8	465.6	0	1304121600
15.11	4/30/2011 1:00	7.5	397.7	3600	1304125200
15.11	4/30/2011 2:00	7.2	436.5	7200	1304128800
15.11	4/30/2011 3:00	6.6	465.6	10800	1304132400
15.11	4/30/2011 4:00	6.7	436.5	14400	1304136000
15.11	4/30/2011 5:00	6.2	436.5	18000	1304139600
15.11	4/30/2011 6:00	6.4	436.5	21600	1304143200
15.11	4/30/2011 7:00	6.7	446.2	25200	1304146800
15.11	4/30/2011 8:00	8	475.3	28800	1304150400
15.11	4/30/2011 9:00	8.4	679	32400	1304154000
15.11	4/30/2011 10:00	9.4	834.2	36000	1304157600
15.11	4/30/2011 11:00	10.1	960.3	39600	1304161200
15.11	4/30/2011 12:00	10.6	950.6	43200	1304164800
15.11	4/30/2011 13:00	11.3	989.4	46800	1304168400
15.11	4/30/2011 14:00	11.8	999.1	50400	1304172000
15.11	4/30/2011 15:00	11.8	58.2	54000	1304175600
15.11	4/30/2011 16:00	11.1	58.2	57600	1304179200
15.11	4/30/2011 17:00	10.4	58.2	61200	1304182800
15.11	4/30/2011 18:00	10.5	999.1	64800	1304186400
15.11	4/30/2011 19:00	9.7	805.1	68400	1304190000
15.11	4/30/2011 20:00	9.4	679	72000	1304193600
15.11	4/30/2011 21:00	8.9	727.5	75600	1304197200
15.11	4/30/2011 22:00	8.9	746.9	79200	1304200800
15.11	4/30/2011 23:00	8.9	766.3	82800	1304204400