	Twet	Load	Tset
0	6.7	419.0	15.11
1	6.7	409.0	15.11
2	6.7	412.0	15.11
3	7.0	404.0	15.11
4	6.8	405.0	15.11
5	7.0	403.0	15.11
6	7.5	413.0	15.11
7	7.8	418.0	15.11
8	8.3	401.0	15.11
9	8.9	405.0	15.11
10	9.7	417.0	15.11
11	10.5	418.0	15.11
12	11.0	420.0	15.11
13	11.4	418.0	15.11
14	11.9	423.0	15.11
15	11.7	421.0	15.11
16	11.9	423.0	15.11
17	11.9	434.0	15.11
18	11.7	429.0	15.11
19	12.2	420.0	15.11
20	11.7	419.0	15.11
21	11.3	402.0	15.11
22	11.0	417.0	15.11
23	11.8	425.0	15.11
24	12.4	608.0	15.11
25	11.0	892.0	15.11
26	8.6	477.0	15.11
27	6.8	509.0	15.11
28	5.6	503.0	15.11
29	5.4	506.0	15.11
30	6.0	523.0	15.11
31	6.6	513.0	15.11
32	7.1	574.0	15.11
33	7.7	410.0	15.11
34	7.4	591.0	15.11
35	6.7	637.0	15.11
36	7.7	633.0	15.11
37	8.6	644.0	15.11
38	7.9	651.0	15.11
39	7.7	628.0	15.11
40	7.3	465.0	15.11
41	6.7	429.0	15.11
42	6.3	423.0	15.11
43	6.5	421.0	15.11
44	6.3	417.0	15.11
45	5.7	604.0	15.11
46	5.2	422.0	15.11
47	5.0	416.0	15.11
48	5.4	498.0	15.11
49	4.8	514.0	15.11
50	4.5	476.0	15.11
51	3.3	55.0	15.11
52	4.0	53.0	15.11
53	4.4	54.0	15.11
54	5.9	54.0	15.11
55	6.1	485.0	15.11
56	6.4	627.0	15.11
57	7.9	415.0	15.11
58	8.5	714.0	15.11
59	8.9	746.0	15.11
60	9.9	784.0	15.11
61	10.6	796.0	15.11
62	10.3	862.0	15.11
63	11.1	759.0	15.11
64	9.8	513.0	15.11
65	9.4	450.0	15.11
66	11.5	452.0	15.11
67	11.0	442.0	15.11
68	11.7	441.0	15.11
69	9.8	630.0	15.11
70	9.7	434.0	15.11
71	9.2	446.0	15.11
72	8.9	540.0	15.11
73	8.7	566.0	15.11
74	8.9	580.0	15.11
75	8.4	588.0	15.11
76	9.4	595.0	15.11
77	10.7	605.0	15.11
78	10.5	626.0	15.11
79	11.7	726.0	15.11
80	12.9	747.0	16.11
81	14.6	415.0	17.11
82	14.6	810.0	17.11
83	15.3	833.0	18.11
84	15.5	918.0	18.11
85	15.5	920.0	18.11
86	15.9	883.0	18.11
87	15.9	886.0	18.11
88	15.8	521.0	18.11
89	12.7	452.0	15.11
90	10.5	461.0	15.11
91	9.3	458.0	15.11
92	8.0	448.0	15.11
93	7.5	831.0	15.11
94	6.9	460.0	15.11
95	7.0	444.0	15.11
96	6.3	560.0	15.11
97	5.8	882.0	15.11
98	5.0	500.0	15.11
99	4.5	525.0	15.11
100	4.1	517.0	15.11
101	4.5	531.0	15.11
102	5.2	507.0	15.11
103	5.5	589.0	15.11
104	6.0	457.0	15.11
105	6.4	442.0	15.11
106	6.8	642.0	15.11
107	6.8	651.0	15.11
108	8.0	677.0	15.11
109	8.2	706.0	15.11
110	8.0	689.0	15.11
111	8.0	660.0	15.11
112	7.4	479.0	15.11
113	7.3	428.0	15.11
114	6.9	429.0	15.11
115	6.2	428.0	15.11
116	6.4	467.0	15.11
117	5.7	584.0	15.11
118	5.9	436.0	15.11
119	5.1	434.0	15.11
120	4.3	513.0	15.11
121	3.8	521.0	15.11
122	3.0	54.0	15.11
123	2.2	53.0	15.11
124	1.9	53.0	15.11
125	2.2	352.0	15.11
126	3.1	53.0	15.11
127	4.0	53.0	15.11
128	5.1	718.0	15.11
129	5.7	420.0	15.11
130	6.2	617.0	15.11
131	7.1	661.0	15.11
132	7.3	659.0	15.11
133	7.0	658.0	15.11
134	7.6	651.0	15.11
135	7.0	609.0	15.11
136	6.3	479.0	15.11
137	5.9	427.0	15.11
138	5.2	436.0	15.11
139	4.9	434.0	15.11
140	5.2	422.0	15.11
141	4.4	737.0	15.11
142	3.9	412.0	15.11
143	3.0	414.0	15.11
144	2.8	424.0	15.11
145	2.0	431.0	15.11
146	1.4	425.0	15.11
147	1.6	56.0	15.11
148	1.7	55.0	15.11
149	2.6	53.0	15.11
150	4.0	53.0	15.11
151	4.9	389.0	15.11
152	5.2	450.0	15.11
153	5.8	413.0	15.11
154	6.9	427.0	15.11
155	6.9	438.0	15.11
156	7.4	460.0	15.11
157	7.8	455.0	15.11
158	8.0	461.0	15.11
159	7.7	437.0	15.11
160	7.3	434.0	15.11
161	6.6	432.0	15.11
162	6.6	428.0	15.11
163	5.9	432.0	15.11
164	5.8	424.0	15.11
165	5.3	414.0	15.11
166	5.0	416.0	15.11
167	5.2	416.0	15.11
168	4.6	409.0	15.11
169	5.6	415.0	15.11
170	5.2	413.0	15.11
171	3.7	408.0	15.11
172	3.3	405.0	15.11
173	4.0	399.0	15.11
174	5.5	398.0	15.11
175	7.0	405.0	15.11
176	7.3	410.0	15.11
177	8.4	422.0	15.11
178	9.7	451.0	15.11
179	9.6	453.0	15.11
180	10.1	461.0	15.11
181	11.0	461.0	15.11
182	10.8	452.0	15.11
183	11.3	453.0	15.11
184	10.5	450.0	15.11
185	9.9	442.0	15.11
186	9.3	440.0	15.11
187	8.8	437.0	15.11
188	9.0	437.0	15.11
189	8.5	437.0	15.11
190	7.8	451.0	15.11
191	6.5	452.0	15.11
192	6.0	886.0	15.11
193	5.3	582.0	15.11
194	5.0	595.0	15.11
195	4.7	570.0	15.11
196	4.7	577.0	15.11
197	5.6	569.0	15.11
198	6.7	842.0	15.11
199	7.5	572.0	15.11
200	8.6	668.0	15.11
201	9.5	435.0	15.11
202	9.2	734.0	15.11
203	10.2	790.0	15.11
204	10.6	785.0	15.11
205	10.3	773.0	15.11
206	9.8	718.0	15.11
207	10.2	668.0	15.11
208	9.3	493.0	15.11
209	8.8	449.0	15.11
210	8.7	438.0	15.11
211	7.9	430.0	15.11
212	7.7	426.0	15.11
213	7.6	701.0	15.11
214	7.5	433.0	15.11
215	7.2	421.0	15.11
216	6.8	519.0	15.11
217	6.3	543.0	15.11
218	6.0	509.0	15.11
219	6.0	489.0	15.11
220	5.7	495.0	15.11
221	6.9	842.0	15.11
222	8.6	761.0	15.11
223	8.8	807.0	15.11
224	9.0	607.0	15.11
225	8.2	444.0	15.11
226	7.7	662.0	15.11
227	8.4	708.0	15.11
228	9.0	722.0	15.11
229	9.4	755.0	15.11
230	8.6	731.0	15.11
231	8.1	667.0	15.11
232	7.2	460.0	15.11
233	6.4	420.0	15.11
234	5.8	417.0	15.11
235	4.8	411.0	15.11
236	4.0	412.0	15.11
237	2.9	675.0	15.11
238	2.8	413.0	15.11
239	2.3	54.0	15.11
240	2.2	54.0	15.11
241	2.0	55.0	15.11
242	1.7	53.0	15.11
243	1.9	54.0	15.11
244	1.5	54.0	15.11
245	2.2	52.0	15.11
246	2.7	54.0	15.11
247	3.9	53.0	15.11
248	5.0	52.0	15.11
249	4.5	411.0	15.11
250	5.2	665.0	15.11
251	5.2	53.0	15.11
252	5.4	53.0	15.11
253	6.4	53.0	15.11
254	5.8	53.0	15.11
255	5.5	52.0	15.11
256	5.3	54.0	15.11
257	4.7	54.0	15.11
258	4.7	54.0	15.11
259	4.4	53.0	15.11
260	4.4	54.0	15.11
261	4.3	53.0	15.11
262	4.0	55.0	15.11
263	3.8	54.0	15.11
264	3.8	54.0	15.11
265	3.6	53.0	15.11
266	3.3	54.0	15.11
267	3.5	53.0	15.11
268	3.5	53.0	15.11
269	4.3	54.0	15.11
270	5.5	52.0	15.11
271	6.6	53.0	15.11
272	7.2	801.0	15.11
273	7.8	53.0	15.11
274	8.1	568.0	15.11
275	8.0	581.0	15.11
276	7.4	612.0	15.11
277	7.6	626.0	15.11
278	7.0	597.0	15.11
279	7.8	587.0	15.11
280	6.8	455.0	15.11
281	6.2	409.0	15.11
282	5.8	413.0	15.11
283	5.8	408.0	15.11
284	5.8	398.0	15.11
285	5.3	716.0	15.11
286	4.7	411.0	15.11
287	4.1	405.0	15.11
288	4.9	456.0	15.11
289	4.3	535.0	15.11
290	4.3	501.0	15.11
291	3.7	480.0	15.11
292	4.6	475.0	15.11
293	5.4	492.0	15.11
294	6.3	544.0	15.11
295	6.9	817.0	15.11
296	7.5	863.0	15.11
297	8.0	410.0	15.11
298	8.7	670.0	15.11
299	8.7	701.0	15.11
300	9.4	714.0	15.11
301	9.6	706.0	15.11
302	9.4	713.0	15.11
303	9.0	631.0	15.11
304	8.4	464.0	15.11
305	7.7	417.0	15.11
306	8.6	421.0	15.11
307	9.4	416.0	15.11
308	8.4	416.0	15.11
309	7.5	637.0	15.11
310	6.9	409.0	15.11
311	7.3	408.0	15.11
312	6.6	427.0	15.11
313	6.5	415.0	15.11
314	6.3	415.0	15.11
315	6.3	413.0	15.11
316	6.5	412.0	15.11
317	7.1	415.0	15.11
318	8.0	441.0	15.11
319	9.3	429.0	15.11
320	11.0	424.0	15.11
321	12.0	419.0	15.11
322	13.2	454.0	16.11
323	12.6	454.0	15.11
324	12.8	478.0	15.11
325	12.8	456.0	15.11
326	13.2	456.0	16.11
327	13.4	430.0	16.11
328	13.4	434.0	16.11
329	12.7	423.0	15.11
330	12.2	428.0	15.11
331	12.9	422.0	15.11
332	13.0	421.0	15.11
333	13.2	445.0	16.11
334	13.2	422.0	16.11
335	13.2	419.0	16.11
336	13.0	421.0	15.11
337	12.4	420.0	15.11
338	12.8	417.0	15.11
339	12.5	418.0	15.11
340	12.5	422.0	15.11
341	13.0	420.0	15.11
342	13.5	425.0	16.11
343	14.4	428.0	17.11
344	15.1	435.0	17.11
345	15.5	427.0	18.11
346	16.4	453.0	19.11
347	17.1	469.0	19.11
348	17.3	467.0	20.11
349	18.0	479.0	20.11
350	17.5	493.0	20.11
351	17.8	477.0	20.11
352	17.5	496.0	20.11
353	16.8	495.0	19.11
354	16.6	468.0	19.11
355	17.1	465.0	19.11
356	17.5	468.0	20.11
357	17.1	446.0	19.11
358	17.2	524.0	20.11
359	16.9	494.0	19.11
360	16.7	1290.0	19.11
361	16.4	1227.0	19.11
362	16.0	1140.0	19.11
363	15.6	1102.0	18.11
364	15.6	1098.0	18.11
365	16.8	1173.0	19.11
366	17.9	1263.0	21.11
367	18.2	1255.0	21.11
368	18.8	1348.0	21.11
369	19.4	462.0	22.11
370	19.9	1421.0	23.11
371	20.7	1457.0	23.11
372	20.0	1400.0	23.11
373	19.7	1394.0	22.11
374	19.5	1342.0	22.11
375	19.3	1300.0	22.11
376	18.9	622.0	21.11
377	18.5	515.0	21.11
378	18.5	501.0	21.11
379	18.2	494.0	21.11
380	18.1	493.0	20.11
381	17.8	1414.0	21.11
382	17.4	521.0	20.11
383	17.1	505.0	20.11
384	17.1	1260.0	20.11
385	16.4	1099.0	19.11
386	15.1	819.0	17.11
387	14.3	748.0	17.11
388	13.9	726.0	17.11
389	14.1	763.0	17.11
390	12.9	788.0	16.11
391	12.9	818.0	15.11
392	12.7	836.0	15.11
393	12.3	488.0	15.11
394	12.6	880.0	15.11
395	12.8	883.0	15.11
396	12.9	946.0	15.11
397	13.1	936.0	16.11
398	12.6	890.0	15.11
399	12.4	830.0	15.11
400	11.3	530.0	15.11
401	10.5	453.0	15.11
402	9.8	450.0	15.11
403	9.7	445.0	15.11
404	9.6	447.0	15.11
405	9.8	805.0	15.11
406	9.3	461.0	15.11
407	9.4	454.0	15.11
408	9.6	958.0	15.11
409	9.4	629.0	15.11
410	9.4	619.0	15.11
411	9.0	591.0	15.11
412	9.0	595.0	15.11
413	9.4	613.0	15.11
414	9.1	606.0	15.11
415	9.6	618.0	15.11
416	8.6	596.0	15.11
417	9.3	440.0	15.11
418	9.7	607.0	15.11
419	10.2	591.0	15.11
420	10.2	584.0	15.11
421	10.2	584.0	15.11
422	10.2	561.0	15.11
423	10.2	565.0	15.11
424	9.9	454.0	15.11
425	9.7	423.0	15.11
426	9.9	418.0	15.11
427	9.9	416.0	15.11
428	9.9	422.0	15.11
429	9.9	598.0	15.11
430	9.9	438.0	15.11
431	9.7	417.0	15.11
432	9.7	511.0	15.11
433	9.4	812.0	15.11
434	9.7	526.0	15.11
435	8.9	540.0	15.11
436	9.4	538.0	15.11
437	10.7	515.0	15.11
438	11.2	671.0	15.11
439	11.5	609.0	15.11
440	11.2	691.0	15.11
441	12.2	416.0	15.11
442	12.9	770.0	16.11
443	13.2	797.0	16.11
444	13.8	825.0	16.11
445	14.5	856.0	17.11
446	13.8	858.0	16.11
447	13.8	796.0	17.11
448	13.6	519.0	16.11
449	13.2	451.0	16.11
450	12.2	441.0	15.11
451	12.5	440.0	15.11
452	12.0	439.0	15.11
453	12.0	738.0	15.11
454	12.3	459.0	15.11
455	11.8	452.0	15.11
456	11.8	651.0	15.11
457	11.3	581.0	15.11
458	11.3	587.0	15.11
459	10.7	570.0	15.11
460	11.3	586.0	15.11
461	12.4	586.0	15.11
462	12.9	660.0	16.11
463	13.6	716.0	17.11
464	14.5	806.0	18.11
465	14.4	439.0	17.11
466	14.8	826.0	17.11
467	15.5	907.0	18.11
468	15.5	894.0	18.11
469	16.2	933.0	19.11
470	16.2	906.0	19.11
471	15.6	731.0	19.11
472	15.4	521.0	18.11
473	14.9	452.0	17.11
474	15.3	447.0	18.11
475	14.8	440.0	17.11
476	14.4	440.0	17.11
477	14.4	859.0	17.11
478	14.7	438.0	17.11
479	14.7	438.0	17.11
480	14.5	465.0	17.11
481	14.5	458.0	17.11
482	14.2	455.0	17.11
483	14.2	452.0	17.11
484	14.5	452.0	17.11
485	15.2	462.0	18.11
486	16.0	497.0	18.11
487	16.9	496.0	19.11
488	17.0	493.0	19.11
489	17.9	437.0	20.11
490	18.3	508.0	21.11
491	18.3	522.0	21.11
492	17.9	542.0	20.11
493	17.7	523.0	20.11
494	17.1	502.0	20.11
495	17.9	482.0	20.11
496	16.9	477.0	19.11
497	15.3	455.0	18.11
498	13.9	436.0	16.11
499	13.4	444.0	16.11
500	12.6	433.0	15.11
501	12.0	494.0	15.11
502	12.0	437.0	15.11
503	11.5	421.0	15.11
504	11.2	411.0	15.11
505	11.2	414.0	15.11
506	11.2	416.0	15.11
507	10.4	411.0	15.11
508	9.7	410.0	15.11
509	9.7	395.0	15.11
510	9.4	403.0	15.11
511	8.9	400.0	15.11
512	8.8	402.0	15.11
513	8.8	439.0	15.11
514	8.6	410.0	15.11
515	8.8	413.0	15.11
516	8.8	409.0	15.11
517	8.8	413.0	15.11
518	8.8	406.0	15.11
519	8.6	406.0	15.11
520	8.3	409.0	15.11
521	8.3	406.0	15.11
522	8.3	408.0	15.11
523	7.8	407.0	15.11
524	7.2	53.0	15.11
525	7.5	415.0	15.11
526	6.7	53.0	15.11
527	5.8	55.0	15.11
528	5.4	53.0	15.11
529	4.8	54.0	15.11
530	4.8	54.0	15.11
531	4.3	56.0	15.11
532	4.3	54.0	15.11
533	4.0	53.0	15.11
534	4.4	53.0	15.11
535	5.0	54.0	15.11
536	5.0	53.0	15.11
537	5.5	53.0	15.11
538	5.3	54.0	15.11
539	5.8	54.0	15.11
540	5.6	55.0	15.11
541	5.7	54.0	15.11
542	4.8	54.0	15.11
543	6.2	55.0	15.11
544	5.9	53.0	15.11
545	5.4	54.0	15.11
546	5.7	54.0	15.11
547	5.4	54.0	15.11
548	5.1	55.0	15.11
549	5.1	54.0	15.11
550	5.4	54.0	15.11
551	5.6	54.0	15.11
552	5.6	55.0	15.11
553	4.9	54.0	15.11
554	3.6	55.0	15.11
555	3.4	53.0	15.11
556	3.7	53.0	15.11
557	4.9	54.0	15.11
558	5.9	54.0	15.11
559	6.9	715.0	15.11
560	6.6	588.0	15.11
561	7.2	54.0	15.11
562	7.6	597.0	15.11
563	7.4	609.0	15.11
564	7.1	628.0	15.11
565	6.8	614.0	15.11
566	7.6	605.0	15.11
567	6.4	580.0	15.11
568	6.4	457.0	15.11
569	6.1	419.0	15.11
570	6.1	420.0	15.11
571	6.3	413.0	15.11
572	6.2	410.0	15.11
573	6.8	802.0	15.11
574	6.2	410.0	15.11
575	5.8	412.0	15.11
576	5.3	478.0	15.11
577	5.0	522.0	15.11
578	5.3	54.0	15.11
579	5.3	55.0	15.11
580	5.7	54.0	15.11
581	7.0	54.0	15.11
582	7.5	53.0	15.11
583	9.1	53.0	15.11
584	9.1	347.0	15.11
585	9.3	414.0	15.11
586	9.7	624.0	15.11
587	9.2	985.0	15.11
588	9.3	738.0	15.11
589	9.9	692.0	15.11
590	10.1	722.0	15.11
591	9.8	666.0	15.11
592	9.7	471.0	15.11
593	9.1	418.0	15.11
594	11.7	423.0	15.11
595	10.7	414.0	15.11
596	10.7	395.0	15.11
597	11.5	632.0	15.11
598	9.5	399.0	15.11
599	10.2	415.0	15.11
600	10.5	818.0	15.11
601	11.0	588.0	15.11
602	11.5	577.0	15.11
603	11.5	559.0	15.11
604	12.3	586.0	15.11
605	12.3	625.0	15.11
606	12.6	644.0	16.11
607	13.2	640.0	16.11
608	13.5	679.0	17.11
609	14.2	396.0	16.11
610	14.5	760.0	18.11
611	15.2	753.0	18.11
612	15.5	778.0	19.11
613	15.2	599.0	18.11
614	15.8	1025.0	18.11
615	16.0	1082.0	19.11
616	15.8	510.0	18.11
617	15.8	438.0	18.11
618	15.3	431.0	18.11
619	15.3	432.0	18.11
620	15.1	429.0	17.11
621	14.6	724.0	18.11
622	11.7	416.0	15.11
623	10.7	400.0	15.11
624	7.9	783.0	15.11
625	6.7	528.0	15.11
626	6.5	508.0	15.11
627	5.7	489.0	15.11
628	5.6	486.0	15.11
629	6.1	492.0	15.11
630	6.5	480.0	15.11
631	6.8	497.0	15.11
632	7.1	508.0	15.11
633	7.4	422.0	15.11
634	7.3	513.0	15.11
635	7.1	622.0	15.11
636	8.8	660.0	15.11
637	8.8	687.0	15.11
638	8.4	657.0	15.11
639	8.3	609.0	15.11
640	7.6	478.0	15.11
641	6.8	413.0	15.11
642	6.4	417.0	15.11
643	6.2	408.0	15.11
644	5.4	471.0	15.11
645	5.0	991.0	15.11
646	4.9	415.0	15.11
647	4.1	407.0	15.11
648	4.1	431.0	15.11
649	3.7	415.0	15.11
650	3.5	409.0	15.11
651	4.2	412.0	15.11
652	4.0	411.0	15.11
653	4.5	409.0	15.11
654	4.2	390.0	15.11
655	4.7	412.0	15.11
656	4.7	418.0	15.11
657	4.9	402.0	15.11
658	4.8	480.0	15.11
659	6.0	409.0	15.11
660	6.4	417.0	15.11
661	6.7	409.0	15.11
662	6.4	411.0	15.11
663	6.8	409.0	15.11
664	6.8	409.0	15.11
665	7.1	409.0	15.11
666	6.8	413.0	15.11
667	7.1	411.0	15.11
668	7.8	410.0	15.11
669	7.5	420.0	15.11
670	7.3	406.0	15.11
671	7.8	406.0	15.11
672	8.3	406.0	15.11
673	7.8	405.0	15.11
674	7.8	35.0	15.11
675	7.2	35.0	15.11
676	7.2	34.0	15.11
677	8.1	35.0	15.11
678	8.4	34.0	15.11
679	8.9	374.0	15.11
680	9.5	391.0	15.11
681	9.3	408.0	15.11
682	10.3	402.0	15.11
683	10.2	414.0	15.11
684	11.3	440.0	15.11
685	11.7	417.0	15.11
686	11.7	434.0	15.11
687	11.1	440.0	15.11
688	11.2	427.0	15.11
689	10.8	429.0	15.11
690	11.5	426.0	15.11
691	10.1	438.0	15.11
692	11.0	401.0	15.11
693	10.7	400.0	15.11
694	9.7	407.0	15.11
695	9.2	402.0	15.11
696	9.1	510.0	15.11
697	8.4	474.0	15.11
698	6.7	534.0	15.11
699	6.2	540.0	15.11
700	6.1	500.0	15.11
701	6.0	511.0	15.11
702	5.8	517.0	15.11
703	6.1	821.0	15.11
704	7.4	511.0	15.11
705	8.1	399.0	15.11
706	9.8	567.0	15.11
707	11.2	632.0	15.11
708	12.5	701.0	16.11
709	14.4	747.0	17.11
710	14.2	703.0	17.11
711	14.2	703.0	17.11
712	14.0	472.0	17.11
713	13.5	397.0	16.11
714	12.7	400.0	15.11
715	12.2	399.0	15.11
716	12.0	398.0	15.11
717	12.0	518.0	15.11
718	12.5	421.0	15.11
