	Twet	Load	Tset
0	21.1	947.0	23.11
1	21.1	946.0	23.11
2	20.8	940.0	23.11
3	20.6	946.0	23.11
4	20.8	946.0	23.11
5	21.1	1262.0	24.11
6	21.3	1169.0	24.11
7	21.7	1208.0	24.11
8	22.2	1277.0	25.11
9	22.4	1205.0	25.11
10	22.7	1282.0	25.11
11	23.3	1470.0	26.11
12	23.3	1487.0	26.11
13	23.5	1512.0	26.11
14	23.8	1544.0	26.11
15	23.2	1493.0	26.11
16	24.0	1391.0	26.11
17	23.4	1257.0	26.11
18	22.9	1208.0	25.11
19	22.7	1208.0	25.11
20	22.9	1191.0	25.11
21	22.7	1400.0	25.11
22	22.5	1179.0	25.11
23	22.3	1173.0	25.11
24	21.8	1146.0	24.11
25	22.2	1143.0	25.11
26	22.2	1150.0	25.11
27	22.5	1151.0	25.11
28	22.2	946.0	24.11
29	22.9	1362.0	25.11
30	23.4	1321.0	26.11
31	24.0	1421.0	26.11
32	24.2	1505.0	26.11
33	24.3	1364.0	26.11
34	23.8	1384.0	26.11
35	24.3	1590.0	26.11
36	23.6	1620.0	26.11
37	24.5	1574.0	26.11
38	23.5	1510.0	26.11
39	24.1	1462.0	26.11
40	24.5	1429.0	26.11
41	25.0	1386.0	26.11
42	24.4	1283.0	26.11
43	23.7	1239.0	26.11
44	22.7	1564.0	25.11
45	22.5	1189.0	25.11
46	22.7	1176.0	25.11
47	22.4	1143.0	25.11
48	22.4	1146.0	25.11
49	22.2	1149.0	25.11
50	21.6	1144.0	24.11
51	21.8	1172.0	24.11
52	22.2	1504.0	25.11
53	22.9	903.0	25.11
54	23.2	1582.0	26.11
55	23.4	1471.0	26.11
56	24.6	1356.0	26.11
57	24.6	1698.0	26.11
58	24.4	1724.0	26.11
59	24.6	1668.0	26.11
60	24.1	1540.0	26.11
61	24.9	1311.0	26.11
62	24.4	1290.0	26.11
63	24.6	1283.0	26.11
64	25.0	1329.0	26.11
65	24.8	1302.0	26.11
66	24.8	1290.0	26.11
67	24.3	1274.0	26.11
68	24.3	1235.0	26.11
69	24.1	1217.0	26.11
70	24.1	1252.0	26.11
71	24.4	1255.0	26.11
72	24.9	1284.0	26.11
73	25.0	1348.0	26.11
74	24.9	1398.0	26.11
75	23.8	1374.0	26.11
76	24.6	1313.0	26.11
77	24.3	1327.0	26.11
78	24.6	1352.0	26.11
79	24.4	1361.0	26.11
80	23.7	1338.0	26.11
81	23.7	1299.0	26.11
82	24.2	1270.0	26.11
83	24.3	1254.0	26.11
84	24.4	946.0	26.11
85	24.1	1252.0	26.11
86	24.2	1415.0	26.11
87	23.7	1227.0	26.11
88	24.1	1222.0	26.11
89	23.9	1219.0	26.11
90	23.8	1214.0	26.11
91	23.6	1218.0	26.11
92	23.6	1208.0	26.11
93	23.9	1212.0	26.11
94	24.3	1214.0	26.11
95	24.4	1232.0	26.11
96	24.9	1275.0	26.11
97	24.5	1332.0	26.11
98	24.8	1308.0	26.11
99	24.4	1388.0	26.11
100	23.8	1338.0	26.11
101	23.7	1279.0	26.11
102	22.2	1533.0	25.11
103	23.8	1217.0	26.11
104	23.8	1226.0	26.11
105	23.9	1226.0	26.11
106	24.3	1241.0	26.11
107	24.3	1379.0	26.11
108	24.3	1239.0	26.11
109	23.9	1225.0	26.11
110	23.9	946.0	26.11
111	23.9	1221.0	26.11
112	23.6	1224.0	26.11
113	23.4	1241.0	26.11
114	23.4	1265.0	26.11
115	22.9	1300.0	25.11
116	23.1	1321.0	26.11
117	22.9	1313.0	25.11
118	23.6	1333.0	26.11
119	24.0	1590.0	26.11
120	23.2	764.0	26.11
121	23.2	1462.0	26.11
122	23.5	1470.0	26.11
123	23.3	1641.0	26.11
124	22.7	946.0	25.11
125	22.3	946.0	25.11
126	22.3	940.0	25.11
127	23.9	947.0	26.11
128	23.9	946.0	26.11
129	23.7	939.0	26.11
130	23.6	937.0	26.11
131	23.7	1389.0	26.11
132	23.8	944.0	26.11
133	23.8	937.0	26.11
134	23.6	940.0	26.11
135	23.6	945.0	26.11
136	23.1	939.0	25.11
137	23.2	947.0	26.11
138	23.2	946.0	26.11
139	22.2	946.0	24.11
140	21.8	946.0	24.11
141	22.4	947.0	25.11
142	23.7	946.0	26.11
143	24.4	939.0	26.11
144	23.8	938.0	26.11
145	23.5	1764.0	26.11
146	23.5	1646.0	26.11
147	23.5	1584.0	26.11
148	24.4	1549.0	26.11
149	24.2	1466.0	26.11
150	23.4	1370.0	26.11
151	23.9	1269.0	26.11
152	23.9	1242.0	26.11
153	23.7	1229.0	26.11
154	23.6	1197.0	26.11
155	23.9	946.0	26.11
156	23.8	1228.0	26.11
157	23.9	1197.0	26.11
158	23.6	1191.0	26.11
159	23.6	1190.0	26.11
160	24.0	1196.0	26.11
161	23.4	1194.0	26.11
162	23.6	1228.0	26.11
163	24.1	1357.0	26.11
164	24.4	1405.0	26.11
165	24.2	1431.0	26.11
166	23.5	1603.0	26.11
167	23.5	645.0	26.11
168	23.4	1332.0	26.11
169	23.4	1441.0	26.11
170	23.5	1467.0	26.11
171	23.7	1486.0	26.11
172	23.2	1432.0	26.11
173	23.7	1363.0	26.11
174	23.2	1326.0	26.11
175	24.0	1264.0	26.11
176	23.4	1250.0	26.11
177	23.4	1239.0	26.11
178	23.4	1218.0	26.11
179	22.5	1533.0	25.11
180	23.6	1195.0	26.11
181	23.2	1208.0	26.11
182	23.6	1200.0	26.11
183	23.1	1229.0	26.11
184	23.3	1209.0	26.11
185	23.6	1252.0	26.11
186	22.2	1281.0	25.11
187	23.6	1317.0	26.11
188	23.7	1362.0	26.11
189	24.0	1448.0	26.11
190	23.8	1519.0	26.11
191	23.3	1381.0	26.11
192	23.5	1400.0	26.11
193	23.6	1567.0	26.11
194	23.6	1567.0	26.11
195	22.3	1534.0	25.11
196	23.2	1504.0	26.11
197	22.7	1531.0	25.11
198	23.8	1435.0	26.11
199	23.3	1252.0	26.11
200	20.6	1169.0	23.11
201	20.1	1079.0	22.11
202	20.1	1069.0	22.11
203	21.0	1539.0	24.11
204	21.5	946.0	24.11
205	21.5	1322.0	24.11
206	22.3	1145.0	25.11
207	23.9	1229.0	26.11
208	23.9	1232.0	26.11
209	23.8	1265.0	26.11
210	21.3	1181.0	24.11
211	21.3	1190.0	24.11
212	21.1	1212.0	24.11
213	21.5	1228.0	24.11
214	22.5	1294.0	25.11
215	22.3	1565.0	25.11
216	23.2	732.0	26.11
217	22.9	1385.0	25.11
218	23.0	1392.0	25.11
219	23.3	1379.0	26.11
220	23.2	1374.0	26.11
221	23.5	1355.0	26.11
222	23.7	1289.0	26.11
223	23.5	1234.0	26.11
224	23.0	1216.0	25.11
225	23.2	1221.0	26.11
226	23.4	1193.0	26.11
227	23.0	1344.0	25.11
228	22.0	1152.0	24.11
229	21.1	946.0	23.11
230	20.8	946.0	23.11
231	20.4	947.0	23.11
232	20.2	946.0	22.11
233	20.5	946.0	23.11
234	20.7	946.0	23.11
235	20.9	946.0	23.11
236	21.6	946.0	24.11
237	22.4	773.0	25.11
238	21.8	1320.0	24.11
239	22.9	1196.0	25.11
240	22.9	1195.0	25.11
241	23.0	1218.0	25.11
242	22.9	1496.0	25.11
243	22.5	1145.0	25.11
244	22.1	1525.0	25.11
245	22.9	646.0	25.11
246	22.2	1520.0	25.11
247	22.4	604.0	25.11
248	22.9	685.0	25.11
249	22.9	945.0	25.11
250	22.9	1151.0	25.11
251	22.9	946.0	25.11
252	20.1	1060.0	22.11
253	19.4	897.0	22.11
254	18.9	873.0	21.11
255	18.7	864.0	21.11
256	18.9	824.0	21.11
257	18.0	822.0	20.11
258	18.6	814.0	21.11
259	18.3	805.0	21.11
260	18.3	832.0	20.11
261	18.7	893.0	21.11
262	19.2	939.0	21.11
263	19.6	946.0	22.11
264	19.4	947.0	22.11
265	20.5	946.0	23.11
266	19.8	946.0	22.11
267	19.8	946.0	22.11
268	20.0	946.0	22.11
269	20.0	947.0	22.11
270	19.6	946.0	22.11
271	19.1	936.0	21.11
272	19.0	930.0	21.11
273	20.1	946.0	22.11
274	19.9	946.0	22.11
275	19.7	947.0	22.11
276	19.8	914.0	22.11
277	19.5	925.0	22.11
278	19.4	912.0	22.11
279	19.2	884.0	21.11
280	18.9	888.0	21.11
281	19.4	881.0	22.11
282	19.1	935.0	21.11
283	19.6	946.0	22.11
284	20.0	946.0	22.11
285	19.7	638.0	22.11
286	19.5	1210.0	22.11
287	19.8	1510.0	23.11
288	20.5	673.0	23.11
289	20.5	1285.0	23.11
290	20.0	1295.0	23.11
291	20.6	1293.0	23.11
292	20.1	1269.0	23.11
293	20.5	1232.0	23.11
294	21.9	1212.0	24.11
295	22.4	1186.0	25.11
296	22.5	1180.0	25.11
297	22.2	1161.0	25.11
298	21.9	932.0	24.11
299	21.8	1255.0	24.11
300	22.2	947.0	24.11
301	22.4	1126.0	25.11
302	22.7	1125.0	25.11
303	23.1	946.0	25.11
304	23.1	1198.0	26.11
305	23.4	1213.0	26.11
306	21.5	1163.0	24.11
307	20.9	1165.0	23.11
308	22.4	1782.0	25.11
309	22.2	1269.0	25.11
310	22.9	1327.0	25.11
311	22.7	927.0	25.11
312	22.2	1438.0	25.11
313	22.1	1478.0	25.11
314	22.1	1383.0	25.11
315	23.3	1445.0	26.11
316	22.4	1420.0	25.11
317	24.0	1379.0	26.11
318	23.7	1280.0	26.11
319	23.9	1246.0	26.11
320	24.4	1251.0	26.11
321	22.7	1212.0	25.11
322	22.4	1157.0	25.11
323	22.4	1389.0	25.11
324	21.0	1108.0	23.11
325	20.5	1055.0	23.11
326	20.7	1055.0	23.11
327	20.9	1082.0	23.11
328	21.1	1091.0	23.11
329	20.8	1114.0	23.11
330	20.4	1083.0	23.11
331	20.5	1131.0	23.11
332	21.2	1182.0	24.11
333	21.5	1259.0	24.11
334	21.7	1255.0	24.11
335	22.2	1141.0	25.11
336	21.7	1358.0	24.11
337	22.2	728.0	25.11
338	21.6	1346.0	24.11
339	21.7	1327.0	24.11
340	21.3	1312.0	24.11
341	21.4	1255.0	24.11
342	20.9	1189.0	23.11
343	21.1	1118.0	24.11
344	20.7	1110.0	23.11
345	20.5	929.0	23.11
346	20.5	930.0	23.11
347	20.3	1304.0	23.11
348	20.3	924.0	23.11
349	19.8	910.0	22.11
350	19.2	871.0	21.11
351	18.9	889.0	21.11
352	18.5	863.0	21.11
353	18.1	856.0	20.11
354	18.7	871.0	21.11
355	18.9	921.0	21.11
356	19.7	929.0	22.11
357	20.3	625.0	23.11
358	20.2	1207.0	23.11
359	19.4	1516.0	22.11
360	19.5	649.0	22.11
361	19.5	1258.0	22.11
362	19.9	1269.0	22.11
363	20.3	1279.0	23.11
364	20.2	1271.0	23.11
365	20.4	1240.0	23.11
366	20.2	1180.0	23.11
367	19.8	929.0	22.11
368	19.5	923.0	22.11
369	20.0	919.0	22.11
370	19.8	921.0	22.11
371	19.6	1216.0	22.11
372	19.4	918.0	22.11
373	19.5	919.0	22.11
374	19.0	918.0	21.11
375	18.8	880.0	21.11
376	19.8	891.0	22.11
377	19.6	875.0	22.11
378	19.4	917.0	22.11
379	20.1	929.0	22.11
380	20.3	722.0	23.11
381	20.4	1308.0	23.11
382	21.2	1239.0	24.11
383	21.7	1524.0	24.11
384	22.1	684.0	25.11
385	21.8	1310.0	24.11
386	22.2	1345.0	25.11
387	21.3	1306.0	24.11
388	20.7	1372.0	23.11
389	21.1	646.0	24.11
390	21.2	1203.0	24.11
391	21.4	1134.0	24.11
392	21.4	1120.0	24.11
393	21.3	1135.0	24.11
394	21.8	883.0	24.11
395	21.1	1317.0	24.11
396	20.9	929.0	23.11
397	20.9	923.0	23.11
398	20.5	1131.0	23.11
399	20.7	1063.0	23.11
400	18.5	870.0	21.11
401	18.6	798.0	21.11
402	19.0	812.0	21.11
403	19.0	840.0	21.11
404	19.4	840.0	22.11
405	19.5	876.0	22.11
406	19.6	924.0	22.11
407	20.0	929.0	22.11
408	19.3	929.0	22.11
409	18.6	929.0	21.11
410	19.4	929.0	22.11
411	19.2	928.0	21.11
412	19.0	929.0	21.11
413	19.0	929.0	21.11
414	18.1	918.0	20.11
415	18.0	904.0	20.11
416	17.8	854.0	20.11
417	19.2	865.0	21.11
418	19.2	872.0	21.11
419	18.8	929.0	21.11
420	18.4	818.0	21.11
421	18.6	802.0	21.11
422	18.4	797.0	21.11
423	17.3	796.0	20.11
424	17.6	783.0	20.11
425	17.7	787.0	21.11
426	17.9	792.0	21.11
427	18.4	792.0	21.11
428	19.2	792.0	22.11
429	21.0	806.0	24.11
430	21.3	891.0	24.11
431	21.0	853.0	23.11
432	19.8	919.0	22.11
433	20.9	920.0	23.11
434	20.1	867.0	22.11
435	18.8	857.0	21.11
436	19.3	840.0	21.11
437	20.4	909.0	23.11
438	20.2	877.0	22.11
439	19.9	867.0	22.11
440	19.6	842.0	22.11
441	19.5	850.0	22.11
442	19.5	816.0	22.11
443	18.5	910.0	21.11
444	19.0	790.0	22.11
445	19.3	778.0	22.11
446	19.1	792.0	22.11
447	19.5	816.0	22.11
448	19.1	810.0	21.11
449	19.3	813.0	21.11
450	18.6	840.0	21.11
451	19.2	860.0	21.11
452	19.0	618.0	22.11
453	19.2	644.0	22.11
454	19.4	358.0	21.11
455	19.8	799.0	23.11
456	18.9	673.0	22.11
457	19.9	922.0	22.11
458	20.3	632.0	23.11
459	20.4	1176.0	23.11
460	20.3	1146.0	23.11
461	20.4	1478.0	23.11
462	20.5	918.0	23.11
463	19.7	909.0	22.11
464	19.8	877.0	22.11
465	19.1	842.0	21.11
466	19.3	820.0	21.11
467	19.0	670.0	22.11
468	18.8	820.0	21.11
469	18.8	817.0	21.11
470	18.6	797.0	21.11
471	18.0	776.0	21.11
472	17.7	774.0	21.11
473	17.2	770.0	20.11
474	17.2	773.0	20.11
475	18.4	841.0	21.11
476	18.4	881.0	21.11
477	18.9	929.0	21.11
478	19.2	710.0	22.11
479	19.3	1462.0	22.11
480	18.8	633.0	21.11
481	19.1	1201.0	22.11
482	19.5	1240.0	22.11
483	19.0	1231.0	22.11
484	19.3	1218.0	22.11
485	19.5	1514.0	22.11
486	20.3	600.0	23.11
487	19.2	1095.0	22.11
488	19.6	932.0	22.11
489	20.1	937.0	22.11
490	20.6	938.0	23.11
491	19.9	1165.0	22.11
492	20.4	911.0	23.11
493	19.7	886.0	22.11
494	19.5	878.0	22.11
495	19.2	858.0	21.11
496	17.9	817.0	20.11
497	18.4	818.0	21.11
498	18.9	857.0	21.11
499	19.7	910.0	22.11
500	19.6	938.0	22.11
501	20.7	946.0	23.11
502	20.7	637.0	23.11
503	21.1	1488.0	24.11
504	21.1	672.0	24.11
505	21.2	1260.0	24.11
506	20.9	1257.0	23.11
507	21.2	1300.0	24.11
508	21.2	1282.0	24.11
509	21.0	1204.0	23.11
510	20.4	1494.0	23.11
511	21.0	946.0	23.11
512	19.8	934.0	22.11
513	19.9	937.0	22.11
514	19.9	930.0	22.11
515	20.9	1249.0	23.11
516	20.6	888.0	23.11
517	20.0	867.0	22.11
518	19.9	861.0	22.11
519	20.2	849.0	22.11
520	20.0	857.0	22.11
521	19.9	833.0	22.11
522	20.0	857.0	22.11
523	19.9	916.0	22.11
524	21.0	946.0	23.11
525	22.0	663.0	25.11
526	21.9	1280.0	24.11
527	21.5	1498.0	24.11
528	19.9	671.0	23.11
529	21.3	1287.0	24.11
530	21.6	1322.0	24.11
531	21.6	1319.0	24.11
532	21.2	1285.0	24.11
533	20.9	1243.0	23.11
534	20.2	1170.0	23.11
535	20.2	1071.0	23.11
536	20.7	927.0	23.11
537	20.8	920.0	23.11
538	20.0	882.0	22.11
539	20.2	1232.0	23.11
540	20.0	875.0	22.11
541	19.8	874.0	22.11
542	20.0	880.0	22.11
543	20.1	895.0	22.11
544	19.8	868.0	22.11
545	20.2	857.0	22.11
546	20.4	889.0	23.11
547	20.8	946.0	23.11
548	20.8	946.0	23.11
549	21.1	641.0	24.11
550	21.0	1238.0	23.11
551	21.2	1452.0	24.11
552	20.6	657.0	23.11
553	21.1	1277.0	24.11
554	20.8	1325.0	23.11
555	21.5	1308.0	24.11
556	21.3	1247.0	24.11
557	20.8	1196.0	23.11
558	22.0	1152.0	24.11
559	21.2	1167.0	24.11
560	21.4	947.0	24.11
561	20.8	947.0	23.11
562	20.9	946.0	23.11
563	21.0	1256.0	24.11
564	20.9	947.0	23.11
565	21.3	946.0	24.11
566	21.1	946.0	23.11
567	20.2	935.0	22.11
568	20.0	916.0	22.11
569	20.1	925.0	22.11
570	20.4	923.0	23.11
571	20.4	915.0	23.11
572	21.0	935.0	23.11
573	21.3	935.0	24.11
574	21.2	945.0	23.11
575	21.5	943.0	24.11
576	21.2	947.0	23.11
577	20.0	938.0	22.11
578	19.5	909.0	22.11
579	20.1	942.0	22.11
580	20.8	943.0	23.11
581	21.1	943.0	23.11
582	20.3	937.0	23.11
583	20.2	927.0	22.11
584	20.4	923.0	23.11
585	20.0	886.0	22.11
586	20.4	883.0	23.11
587	20.4	946.0	23.11
588	21.3	915.0	24.11
589	21.3	914.0	24.11
590	21.3	927.0	24.11
591	21.3	911.0	24.11
592	21.1	907.0	23.11
593	21.3	920.0	24.11
594	20.7	906.0	23.11
595	21.1	910.0	23.11
596	21.8	897.0	24.11
597	22.0	946.0	24.11
598	22.9	946.0	25.11
599	23.4	888.0	26.11
600	23.7	643.0	26.11
601	22.9	1201.0	25.11
602	21.5	1500.0	24.11
603	21.5	946.0	24.11
604	21.6	946.0	24.11
605	21.8	946.0	24.11
606	21.3	947.0	24.11
607	21.3	945.0	24.11
608	21.3	938.0	24.11
609	20.9	930.0	23.11
610	20.5	909.0	23.11
611	20.4	1177.0	23.11
612	20.4	894.0	23.11
613	20.7	894.0	23.11
614	20.7	904.0	23.11
615	20.5	905.0	23.11
616	20.2	890.0	22.11
617	20.7	897.0	23.11
618	20.7	944.0	23.11
619	21.3	946.0	24.11
620	21.6	946.0	24.11
621	22.2	656.0	25.11
622	23.2	1299.0	26.11
623	23.2	1539.0	26.11
624	23.4	726.0	26.11
625	23.0	1395.0	25.11
626	23.0	1413.0	25.11
627	23.7	1437.0	26.11
628	23.7	1410.0	26.11
629	22.6	1334.0	25.11
630	22.9	1269.0	25.11
631	23.7	1204.0	26.11
632	23.9	1202.0	26.11
633	23.6	1173.0	26.11
634	23.8	1190.0	26.11
635	23.6	1379.0	26.11
636	24.0	1209.0	26.11
637	23.4	1197.0	26.11
638	23.1	1171.0	26.11
639	22.5	1165.0	25.11
640	22.2	947.0	24.11
641	22.0	1130.0	24.11
642	22.0	1176.0	24.11
643	22.0	1196.0	24.11
644	22.5	1232.0	25.11
645	23.1	1273.0	26.11
646	22.7	1323.0	25.11
647	23.2	1273.0	26.11
648	22.9	1298.0	25.11
649	22.6	1399.0	25.11
650	22.1	1380.0	25.11
651	20.9	1361.0	23.11
652	20.2	1316.0	23.11
653	20.2	1242.0	23.11
654	20.4	1195.0	23.11
655	19.9	1132.0	22.11
656	19.5	946.0	22.11
657	19.5	946.0	22.11
658	19.6	943.0	22.11
659	19.4	1395.0	22.11
660	20.1	933.0	22.11
661	18.9	935.0	21.11
662	18.9	909.0	21.11
663	18.5	858.0	21.11
664	18.0	849.0	20.11
665	17.8	821.0	20.11
666	17.8	837.0	20.11
667	18.6	896.0	21.11
668	18.9	945.0	21.11
669	19.0	727.0	22.11
670	19.4	1266.0	22.11
671	19.3	1491.0	22.11
672	19.8	650.0	22.11
673	19.6	1235.0	22.11
674	20.0	1256.0	23.11
675	20.0	1281.0	23.11
676	19.0	1258.0	22.11
677	19.4	1205.0	22.11
678	19.2	1184.0	22.11
679	19.8	1114.0	22.11
680	19.1	1085.0	22.11
681	18.1	912.0	20.11
682	18.3	880.0	21.11
683	18.4	1250.0	21.11
684	19.1	896.0	21.11
685	18.6	884.0	21.11
686	18.5	874.0	21.11
687	18.7	874.0	21.11
688	18.5	876.0	21.11
689	18.5	856.0	21.11
690	19.0	886.0	21.11
691	19.4	936.0	22.11
692	19.6	946.0	22.11
693	19.9	688.0	23.11
694	20.5	1296.0	23.11
695	20.0	1486.0	23.11
696	20.7	681.0	23.11
697	21.2	1343.0	24.11
698	21.5	1390.0	24.11
699	22.6	1403.0	25.11
700	22.0	1366.0	25.11
701	20.7	1299.0	23.11
702	20.6	1214.0	23.11
703	21.2	1151.0	24.11
704	21.9	1180.0	24.11
705	22.2	1181.0	25.11
706	22.0	1175.0	24.11
707	22.5	1284.0	25.11
708	22.7	1151.0	25.11
709	23.1	1151.0	26.11
710	22.9	1163.0	25.11
711	22.4	1148.0	25.11
712	21.8	947.0	24.11
713	21.8	1132.0	24.11
714	21.3	1163.0	24.11
715	21.8	825.0	24.11
716	22.5	1407.0	25.11
717	23.6	1311.0	26.11
718	23.5	1396.0	26.11
719	20.6	1282.0	23.11
720	20.4	1222.0	23.11
721	20.9	1300.0	23.11
722	21.4	1329.0	24.11
723	22.0	1353.0	25.11
724	21.9	1344.0	24.11
725	22.2	1334.0	25.11
726	22.5	1312.0	25.11
727	22.4	1248.0	25.11
728	22.9	1266.0	25.11
729	23.0	1231.0	25.11
730	23.4	1217.0	26.11
731	23.0	1259.0	25.11
732	22.5	1204.0	25.11
