Tset	Date	Twet	Load	Hour(s)	TimeStamp(s)
24.11	8/1/2011 0:00	22.5	58.2	0	1312156800
24.11	8/1/2011 1:00	22	620.8	3600	1312160400
24.11	8/1/2011 2:00	21.6	611.1	7200	1312164000
24.11	8/1/2011 3:00	21.6	640.2	10800	1312167600
24.11	8/1/2011 4:00	21.1	649.9	14400	1312171200
24.11	8/1/2011 5:00	21.3	669.3	18000	1312174800
25.11	8/1/2011 6:00	22.4	756.6	21600	1312178400
25.11	8/1/2011 7:00	22.1	756.6	25200	1312182000
25.11	8/1/2011 8:00	22.2	688.7	28800	1312185600
25.11	8/1/2011 9:00	22.3	543.2	32400	1312189200
25.11	8/1/2011 10:00	22.9	58.2	36000	1312192800
25.11	8/1/2011 11:00	23.1	436.5	39600	1312196400
24.11	8/1/2011 12:00	22.6	58.2	43200	1312200000
24.11	8/1/2011 13:00	22.5	58.2	46800	1312203600
25.11	8/1/2011 14:00	22.2	494.7	50400	1312207200
23.11	8/1/2011 15:00	21.8	58.2	54000	1312210800
24.11	8/1/2011 16:00	21.4	455.9	57600	1312214400
23.11	8/1/2011 17:00	21.6	58.2	61200	1312218000
23.11	8/1/2011 18:00	21.1	58.2	64800	1312221600
23.11	8/1/2011 19:00	20.9	455.9	68400	1312225200
23.11	8/1/2011 20:00	21.2	58.2	72000	1312228800
22.11	8/1/2011 21:00	20.6	58.2	75600	1312232400
22.11	8/1/2011 22:00	20.5	58.2	79200	1312236000
23.11	8/1/2011 23:00	20.3	446.2	82800	1312239600
22.11	8/2/2011 0:00	20.3	58.2	0	1312243200
22.11	8/2/2011 1:00	20.4	58.2	3600	1312246800
22.11	8/2/2011 2:00	20.2	58.2	7200	1312250400
21.11	8/2/2011 3:00	19.5	58.2	10800	1312254000
21.11	8/2/2011 4:00	19.3	58.2	14400	1312257600
21.11	8/2/2011 5:00	19.7	58.2	18000	1312261200
22.11	8/2/2011 6:00	20.8	58.2	21600	1312264800
23.11	8/2/2011 7:00	21.5	58.2	25200	1312268400
23.11	8/2/2011 8:00	21.6	58.2	28800	1312272000
23.11	8/2/2011 9:00	21.2	58.2	32400	1312275600
23.11	8/2/2011 10:00	21.2	58.2	36000	1312279200
22.11	8/2/2011 11:00	20.7	58.2	39600	1312282800
22.11	8/2/2011 12:00	20.1	58.2	43200	1312286400
23.11	8/2/2011 13:00	20.1	766.3	46800	1312290000
23.11	8/2/2011 14:00	20.2	572.3	50400	1312293600
23.11	8/2/2011 15:00	20.9	494.7	54000	1312297200
23.11	8/2/2011 16:00	20.7	582	57600	1312300800
23.11	8/2/2011 17:00	20.9	601.4	61200	1312304400
24.11	8/2/2011 18:00	21.8	591.7	64800	1312308000
24.11	8/2/2011 19:00	21.1	601.4	68400	1312311600
23.11	8/2/2011 20:00	20.9	58.2	72000	1312315200
23.11	8/2/2011 21:00	21.5	58.2	75600	1312318800
23.11	8/2/2011 22:00	21.7	58.2	79200	1312322400
23.11	8/2/2011 23:00	21.7	58.2	82800	1312326000
23.11	8/3/2011 0:00	21.2	58.2	0	1312329600
23.11	8/3/2011 1:00	21.2	58.2	3600	1312333200
23.11	8/3/2011 2:00	21.2	58.2	7200	1312336800
23.11	8/3/2011 3:00	21	58.2	10800	1312340400
23.11	8/3/2011 4:00	21.1	58.2	14400	1312344000
23.11	8/3/2011 5:00	21.5	58.2	18000	1312347600
23.11	8/3/2011 6:00	21.8	58.2	21600	1312351200
25.11	8/3/2011 7:00	22.9	58.2	25200	1312354800
26.11	8/3/2011 8:00	23.8	58.2	28800	1312358400
25.11	8/3/2011 9:00	23.4	58.2	32400	1312362000
24.11	8/3/2011 10:00	22.3	58.2	36000	1312365600
25.11	8/3/2011 11:00	22.7	776	39600	1312369200
24.11	8/3/2011 12:00	22.7	58.2	43200	1312372800
24.11	8/3/2011 13:00	22	426.8	46800	1312376400
25.11	8/3/2011 14:00	22.7	446.2	50400	1312380000
25.11	8/3/2011 15:00	22.3	446.2	54000	1312383600
24.11	8/3/2011 16:00	21.8	455.9	57600	1312387200
24.11	8/3/2011 17:00	22	426.8	61200	1312390800
24.11	8/3/2011 18:00	22	572.3	64800	1312394400
24.11	8/3/2011 19:00	22.2	58.2	68400	1312398000
25.11	8/3/2011 20:00	22.9	426.8	72000	1312401600
25.11	8/3/2011 21:00	22.9	417.1	75600	1312405200
25.11	8/3/2011 22:00	23.1	58.2	79200	1312408800
25.11	8/3/2011 23:00	23.1	58.2	82800	1312412400
25.11	8/4/2011 0:00	23.1	58.2	0	1312416000
25.11	8/4/2011 1:00	23.1	58.2	3600	1312419600
25.11	8/4/2011 2:00	23.1	417.1	7200	1312423200
26.11	8/4/2011 3:00	23.5	446.2	10800	1312426800
25.11	8/4/2011 4:00	23.5	58.2	14400	1312430400
25.11	8/4/2011 5:00	23.1	58.2	18000	1312434000
24.11	8/4/2011 6:00	22.7	58.2	21600	1312437600
24.11	8/4/2011 7:00	22	58.2	25200	1312441200
23.11	8/4/2011 8:00	21.8	58.2	28800	1312444800
24.11	8/4/2011 9:00	22.3	58.2	32400	1312448400
24.11	8/4/2011 10:00	22	58.2	36000	1312452000
24.11	8/4/2011 11:00	22.2	58.2	39600	1312455600
25.11	8/4/2011 12:00	22.3	514.1	43200	1312459200
25.11	8/4/2011 13:00	22.3	620.8	46800	1312462800
25.11	8/4/2011 14:00	22.7	640.2	50400	1312466400
25.11	8/4/2011 15:00	22.9	659.6	54000	1312470000
25.11	8/4/2011 16:00	22	669.3	57600	1312473600
25.11	8/4/2011 17:00	22	659.6	61200	1312477200
24.11	8/4/2011 18:00	21.6	640.2	64800	1312480800
24.11	8/4/2011 19:00	21.3	630.5	68400	1312484400
22.11	8/4/2011 20:00	20.8	58.2	72000	1312488000
23.11	8/4/2011 21:00	20.3	630.5	75600	1312491600
22.11	8/4/2011 22:00	19.9	630.5	79200	1312495200
21.11	8/4/2011 23:00	19.3	58.2	82800	1312498800
21.11	8/5/2011 0:00	19.5	58.2	0	1312502400
21.11	8/5/2011 1:00	19.1	58.2	3600	1312506000
20.11	8/5/2011 2:00	18.7	58.2	7200	1312509600
20.11	8/5/2011 3:00	18.4	58.2	10800	1312513200
20.11	8/5/2011 4:00	17.9	58.2	14400	1312516800
21.11	8/5/2011 5:00	19.5	58.2	18000	1312520400
22.11	8/5/2011 6:00	20	58.2	21600	1312524000
22.11	8/5/2011 7:00	20.6	58.2	25200	1312527600
22.11	8/5/2011 8:00	20.8	58.2	28800	1312531200
23.11	8/5/2011 9:00	21.1	58.2	32400	1312534800
22.11	8/5/2011 10:00	20.4	58.2	36000	1312538400
23.11	8/5/2011 11:00	21.6	58.2	39600	1312542000
24.11	8/5/2011 12:00	21.4	417.1	43200	1312545600
23.11	8/5/2011 13:00	21.1	494.7	46800	1312549200
24.11	8/5/2011 14:00	21.8	426.8	50400	1312552800
24.11	8/5/2011 15:00	21.9	455.9	54000	1312556400
24.11	8/5/2011 16:00	21.7	446.2	57600	1312560000
24.11	8/5/2011 17:00	21.9	485	61200	1312563600
23.11	8/5/2011 18:00	21.5	58.2	64800	1312567200
23.11	8/5/2011 19:00	21.2	465.6	68400	1312570800
23.11	8/5/2011 20:00	21	58.2	72000	1312574400
22.11	8/5/2011 21:00	20.8	58.2	75600	1312578000
22.11	8/5/2011 22:00	20.6	58.2	79200	1312581600
23.11	8/5/2011 23:00	20.6	388	82800	1312585200
22.11	8/6/2011 0:00	20.6	58.2	0	1312588800
22.11	8/6/2011 1:00	20.6	58.2	3600	1312592400
22.11	8/6/2011 2:00	20.4	58.2	7200	1312596000
22.11	8/6/2011 3:00	20.2	58.2	10800	1312599600
21.11	8/6/2011 4:00	19.7	58.2	14400	1312603200
22.11	8/6/2011 5:00	20.3	58.2	18000	1312606800
23.11	8/6/2011 6:00	21.3	58.2	21600	1312610400
24.11	8/6/2011 7:00	22.4	58.2	25200	1312614000
25.11	8/6/2011 8:00	23.2	58.2	28800	1312617600
25.11	8/6/2011 9:00	23.2	58.2	32400	1312621200
25.11	8/6/2011 10:00	23.7	58.2	36000	1312624800
26.11	8/6/2011 11:00	23.7	1028.2	39600	1312628400
26.11	8/6/2011 12:00	24.2	717.8	43200	1312632000
26.11	8/6/2011 13:00	24.8	814.8	46800	1312635600
26.11	8/6/2011 14:00	24.7	873	50400	1312639200
26.11	8/6/2011 15:00	24.5	853.6	54000	1312642800
26.11	8/6/2011 16:00	23.9	882.7	57600	1312646400
26.11	8/6/2011 17:00	23.8	776	61200	1312650000
26.11	8/6/2011 18:00	24	756.6	64800	1312653600
26.11	8/6/2011 19:00	23.6	698.4	68400	1312657200
25.11	8/6/2011 20:00	23.6	58.2	72000	1312660800
26.11	8/6/2011 21:00	23.6	620.8	75600	1312664400
26.11	8/6/2011 22:00	23.6	611.1	79200	1312668000
26.11	8/6/2011 23:00	23.6	611.1	82800	1312671600
25.11	8/7/2011 0:00	23.6	58.2	0	1312675200
25.11	8/7/2011 1:00	23.6	58.2	3600	1312678800
25.11	8/7/2011 2:00	23.6	58.2	7200	1312682400
25.11	8/7/2011 3:00	23.6	58.2	10800	1312686000
25.11	8/7/2011 4:00	23.5	58.2	14400	1312689600
25.11	8/7/2011 5:00	23.5	58.2	18000	1312693200
26.11	8/7/2011 6:00	24.2	58.2	21600	1312696800
26.11	8/7/2011 7:00	24.3	58.2	25200	1312700400
26.11	8/7/2011 8:00	25	58.2	28800	1312704000
26.11	8/7/2011 9:00	25.3	58.2	32400	1312707600
26.11	8/7/2011 10:00	25.9	58.2	36000	1312711200
26.11	8/7/2011 11:00	25.7	58.2	39600	1312714800
26.11	8/7/2011 12:00	25.6	58.2	43200	1312718400
26.11	8/7/2011 13:00	25.3	436.5	46800	1312722000
26.11	8/7/2011 14:00	25.5	58.2	50400	1312725600
26.11	8/7/2011 15:00	24.5	58.2	54000	1312729200
25.11	8/7/2011 16:00	25.5	475.3	57600	1312732800
26.11	8/7/2011 17:00	25.4	58.2	61200	1312736400
26.11	8/7/2011 18:00	25.7	58.2	64800	1312740000
26.11	8/7/2011 19:00	25	58.2	68400	1312743600
26.11	8/7/2011 20:00	24.9	58.2	72000	1312747200
26.11	8/7/2011 21:00	23.8	58.2	75600	1312750800
26.11	8/7/2011 22:00	23.8	58.2	79200	1312754400
26.11	8/7/2011 23:00	23.8	58.2	82800	1312758000
25.11	8/8/2011 0:00	23.3	58.2	0	1312761600
25.11	8/8/2011 1:00	23.3	58.2	3600	1312765200
24.11	8/8/2011 2:00	22.7	58.2	7200	1312768800
24.11	8/8/2011 3:00	22.7	58.2	10800	1312772400
24.11	8/8/2011 4:00	22.3	58.2	14400	1312776000
24.11	8/8/2011 5:00	22.5	58.2	18000	1312779600
24.11	8/8/2011 6:00	22.7	58.2	21600	1312783200
24.11	8/8/2011 7:00	22.7	58.2	25200	1312786800
25.11	8/8/2011 8:00	22.8	58.2	28800	1312790400
25.11	8/8/2011 9:00	23.3	58.2	32400	1312794000
26.11	8/8/2011 10:00	23.7	776	36000	1312797600
26.11	8/8/2011 11:00	23.8	960.3	39600	1312801200
26.11	8/8/2011 12:00	23.6	805.1	43200	1312804800
26.11	8/8/2011 13:00	24.1	902.1	46800	1312808400
26.11	8/8/2011 14:00	23.6	979.7	50400	1312812000
26.11	8/8/2011 15:00	23.6	970	54000	1312815600
26.11	8/8/2011 16:00	23.2	921.5	57600	1312819200
25.11	8/8/2011 17:00	23	853.6	61200	1312822800
25.11	8/8/2011 18:00	22.7	795.4	64800	1312826400
25.11	8/8/2011 19:00	22.8	688.7	68400	1312830000
24.11	8/8/2011 20:00	22.3	58.2	72000	1312833600
25.11	8/8/2011 21:00	22.3	640.2	75600	1312837200
25.11	8/8/2011 22:00	22.3	630.5	79200	1312840800
24.11	8/8/2011 23:00	22	620.8	82800	1312844400
24.11	8/9/2011 0:00	21.6	601.4	0	1312848000
23.11	8/9/2011 1:00	21.5	58.2	3600	1312851600
23.11	8/9/2011 2:00	21.3	58.2	7200	1312855200
23.11	8/9/2011 3:00	21.1	58.2	10800	1312858800
23.11	8/9/2011 4:00	21.1	58.2	14400	1312862400
23.11	8/9/2011 5:00	21.6	58.2	18000	1312866000
24.11	8/9/2011 6:00	22.2	58.2	21600	1312869600
25.11	8/9/2011 7:00	22.9	58.2	25200	1312873200
25.11	8/9/2011 8:00	23.7	58.2	28800	1312876800
26.11	8/9/2011 9:00	23.9	58.2	32400	1312880400
26.11	8/9/2011 10:00	23.9	446.2	36000	1312884000
26.11	8/9/2011 11:00	23.4	436.5	39600	1312887600
26.11	8/9/2011 12:00	24.3	485	43200	1312891200
26.11	8/9/2011 13:00	24.1	485	46800	1312894800
26.11	8/9/2011 14:00	23.8	902.1	50400	1312898400
25.11	8/9/2011 15:00	22.3	465.6	54000	1312902000
26.11	8/9/2011 16:00	24.4	504.4	57600	1312905600
26.11	8/9/2011 17:00	24	407.4	61200	1312909200
26.11	8/9/2011 18:00	24.2	455.9	64800	1312912800
25.11	8/9/2011 19:00	23.2	58.2	68400	1312916400
24.11	8/9/2011 20:00	22.2	58.2	72000	1312920000
23.11	8/9/2011 21:00	21.6	58.2	75600	1312923600
23.11	8/9/2011 22:00	21.3	58.2	79200	1312927200
22.11	8/9/2011 23:00	20.4	58.2	82800	1312930800
22.11	8/10/2011 0:00	20.1	58.2	0	1312934400
21.11	8/10/2011 1:00	19	58.2	3600	1312938000
22.11	8/10/2011 2:00	19.6	611.1	7200	1312941600
21.11	8/10/2011 3:00	19.2	58.2	10800	1312945200
21.11	8/10/2011 4:00	19.2	58.2	14400	1312948800
21.11	8/10/2011 5:00	19.7	58.2	18000	1312952400
22.11	8/10/2011 6:00	20.8	58.2	21600	1312956000
23.11	8/10/2011 7:00	21.5	58.2	25200	1312959600
23.11	8/10/2011 8:00	20.9	1076.7	28800	1312963200
23.11	8/10/2011 9:00	21.2	58.2	32400	1312966800
23.11	8/10/2011 10:00	20.7	1125.2	36000	1312970400
23.11	8/10/2011 11:00	20.7	882.7	39600	1312974000
23.11	8/10/2011 12:00	20.4	727.5	43200	1312977600
22.11	8/10/2011 13:00	19.8	824.5	46800	1312981200
23.11	8/10/2011 14:00	20.4	853.6	50400	1312984800
21.11	8/10/2011 15:00	19.3	853.6	54000	1312988400
21.11	8/10/2011 16:00	18.9	824.5	57600	1312992000
21.11	8/10/2011 17:00	18	776	61200	1312995600
17.11	8/10/2011 18:00	17.9	727.5	64800	1312999200
20.11	8/10/2011 19:00	17.6	669.3	68400	1313002800
19.11	8/10/2011 20:00	17.5	58.2	72000	1313006400
20.11	8/10/2011 21:00	17.2	649.9	75600	1313010000
20.11	8/10/2011 22:00	17.4	620.8	79200	1313013600
20.11	8/10/2011 23:00	17.3	523.8	82800	1313017200
20.11	8/11/2011 0:00	17.3	514.1	0	1313020800
19.11	8/11/2011 1:00	17.4	58.2	3600	1313024400
19.11	8/11/2011 2:00	17.3	58.2	7200	1313028000
18.11	8/11/2011 3:00	16.2	58.2	10800	1313031600
19.11	8/11/2011 4:00	17	58.2	14400	1313035200
19.11	8/11/2011 5:00	17	58.2	18000	1313038800
20.11	8/11/2011 6:00	17.8	58.2	21600	1313042400
19.11	8/11/2011 7:00	17.7	58.2	25200	1313046000
20.11	8/11/2011 8:00	17.8	58.2	28800	1313049600
19.11	8/11/2011 9:00	17.7	58.2	32400	1313053200
20.11	8/11/2011 10:00	18.1	426.8	36000	1313056800
21.11	8/11/2011 11:00	18.4	465.6	39600	1313060400
20.11	8/11/2011 12:00	18.1	843.9	43200	1313064000
17.11	8/11/2011 13:00	17.8	805.1	46800	1313067600
20.11	8/11/2011 14:00	17.9	523.8	50400	1313071200
20.11	8/11/2011 15:00	17.6	514.1	54000	1313074800
20.11	8/11/2011 16:00	17.4	523.8	57600	1313078400
20.11	8/11/2011 17:00	17.3	494.7	61200	1313082000
19.11	8/11/2011 18:00	16.9	494.7	64800	1313085600
19.11	8/11/2011 19:00	17	58.2	68400	1313089200
18.11	8/11/2011 20:00	16.2	58.2	72000	1313092800
18.11	8/11/2011 21:00	15.4	572.3	75600	1313096400
18.11	8/11/2011 22:00	16.1	58.2	79200	1313100000
17.11	8/11/2011 23:00	15.7	58.2	82800	1313103600
17.11	8/12/2011 0:00	15.2	58.2	0	1313107200
17.11	8/12/2011 1:00	15.1	58.2	3600	1313110800
17.11	8/12/2011 2:00	14.3	455.9	7200	1313114400
16.11	8/12/2011 3:00	14.5	58.2	10800	1313118000
16.11	8/12/2011 4:00	13.8	455.9	14400	1313121600
17.11	8/12/2011 5:00	14.7	58.2	18000	1313125200
18.11	8/12/2011 6:00	15.9	58.2	21600	1313128800
18.11	8/12/2011 7:00	15.9	58.2	25200	1313132400
19.11	8/12/2011 8:00	16.7	378.3	28800	1313136000
19.11	8/12/2011 9:00	16.9	58.2	32400	1313139600
19.11	8/12/2011 10:00	16.8	58.2	36000	1313143200
19.11	8/12/2011 11:00	16.8	58.2	39600	1313146800
20.11	8/12/2011 12:00	17.2	1134.9	43200	1313150400
19.11	8/12/2011 13:00	17.6	58.2	46800	1313154000
21.11	8/12/2011 14:00	18.1	611.1	50400	1313157600
20.11	8/12/2011 15:00	18.3	814.8	54000	1313161200
20.11	8/12/2011 16:00	17.4	916.65	57600	1313164800
20.11	8/12/2011 17:00	17.4	887.55	61200	1313168400
19.11	8/12/2011 18:00	17.7	58.2	64800	1313172000
19.11	8/12/2011 19:00	17	58.2	68400	1313175600
18.11	8/12/2011 20:00	16.2	58.2	72000	1313179200
18.11	8/12/2011 21:00	16.3	58.2	75600	1313182800
18.11	8/12/2011 22:00	15.8	58.2	79200	1313186400
18.11	8/12/2011 23:00	15.9	58.2	82800	1313190000
18.11	8/13/2011 0:00	16.1	58.2	0	1313193600
18.11	8/13/2011 1:00	16	58.2	3600	1313197200
17.11	8/13/2011 2:00	15.5	58.2	7200	1313200800
18.11	8/13/2011 3:00	15.8	58.2	10800	1313204400
18.11	8/13/2011 4:00	16	58.2	14400	1313208000
19.11	8/13/2011 5:00	16.8	58.2	18000	1313211600
20.11	8/13/2011 6:00	18.2	58.2	21600	1313215200
22.11	8/13/2011 7:00	20.5	58.2	25200	1313218800
23.11	8/13/2011 8:00	21.5	58.2	28800	1313222400
24.11	8/13/2011 9:00	22.2	58.2	32400	1313226000
25.11	8/13/2011 10:00	23.4	58.2	36000	1313229600
25.11	8/13/2011 11:00	23.6	58.2	39600	1313233200
25.11	8/13/2011 12:00	22.9	58.2	43200	1313236800
24.11	8/13/2011 13:00	22	58.2	46800	1313240400
24.11	8/13/2011 14:00	22.5	58.2	50400	1313244000
25.11	8/13/2011 15:00	23.4	58.2	54000	1313247600
23.11	8/13/2011 16:00	21.4	58.2	57600	1313251200
23.11	8/13/2011 17:00	21.6	58.2	61200	1313254800
24.11	8/13/2011 18:00	22	58.2	64800	1313258400
24.11	8/13/2011 19:00	22	58.2	68400	1313262000
23.11	8/13/2011 20:00	21.6	58.2	72000	1313265600
24.11	8/13/2011 21:00	22	58.2	75600	1313269200
24.11	8/13/2011 22:00	22	58.2	79200	1313272800
24.11	8/13/2011 23:00	22	58.2	82800	1313276400
23.11	8/14/2011 0:00	21.4	58.2	0	1313280000
23.11	8/14/2011 1:00	21.4	58.2	3600	1313283600
23.11	8/14/2011 2:00	21.4	58.2	7200	1313287200
23.11	8/14/2011 3:00	21.8	58.2	10800	1313290800
23.11	8/14/2011 4:00	21.8	58.2	14400	1313294400
23.11	8/14/2011 5:00	21.8	58.2	18000	1313298000
24.11	8/14/2011 6:00	22	58.2	21600	1313301600
24.11	8/14/2011 7:00	22.5	58.2	25200	1313305200
25.11	8/14/2011 8:00	23.1	58.2	28800	1313308800
25.11	8/14/2011 9:00	23.1	58.2	32400	1313312400
24.11	8/14/2011 10:00	22.2	58.2	36000	1313316000
26.11	8/14/2011 11:00	23.8	58.2	39600	1313319600
24.11	8/14/2011 12:00	22.2	58.2	43200	1313323200
24.11	8/14/2011 13:00	22.2	58.2	46800	1313326800
25.11	8/14/2011 14:00	23.1	58.2	50400	1313330400
24.11	8/14/2011 15:00	22.7	58.2	54000	1313334000
25.11	8/14/2011 16:00	23.2	58.2	57600	1313337600
26.11	8/14/2011 17:00	23.8	58.2	61200	1313341200
25.11	8/14/2011 18:00	22.9	58.2	64800	1313344800
25.11	8/14/2011 19:00	22.9	58.2	68400	1313348400
24.11	8/14/2011 20:00	22.7	58.2	72000	1313352000
21.11	8/14/2011 21:00	19.6	58.2	75600	1313355600
21.11	8/14/2011 22:00	19.8	58.2	79200	1313359200
21.11	8/14/2011 23:00	19.8	58.2	82800	1313362800
21.11	8/15/2011 0:00	19	58.2	0	1313366400
21.11	8/15/2011 1:00	19.6	58.2	3600	1313370000
21.11	8/15/2011 2:00	19.8	58.2	7200	1313373600
21.11	8/15/2011 3:00	19.8	58.2	10800	1313377200
21.11	8/15/2011 4:00	19.6	58.2	14400	1313380800
22.11	8/15/2011 5:00	20.7	58.2	18000	1313384400
22.11	8/15/2011 6:00	20.3	58.2	21600	1313388000
21.11	8/15/2011 7:00	19.1	58.2	25200	1313391600
22.11	8/15/2011 8:00	20.2	58.2	28800	1313395200
24.11	8/15/2011 9:00	22	58.2	32400	1313398800
24.11	8/15/2011 10:00	22	58.2	36000	1313402400
23.11	8/15/2011 11:00	21.8	58.2	39600	1313406000
21.11	8/15/2011 12:00	19.8	58.2	43200	1313409600
25.11	8/15/2011 13:00	22.3	1018.5	46800	1313413200
23.11	8/15/2011 14:00	21.1	970	50400	1313416800
22.11	8/15/2011 15:00	19.8	979.7	54000	1313420400
22.11	8/15/2011 16:00	20.7	58.2	57600	1313424000
24.11	8/15/2011 17:00	21.6	999.1	61200	1313427600
22.11	8/15/2011 18:00	20.6	58.2	64800	1313431200
22.11	8/15/2011 19:00	20.5	58.2	68400	1313434800
21.11	8/15/2011 20:00	19.3	58.2	72000	1313438400
21.11	8/15/2011 21:00	19.1	58.2	75600	1313442000
21.11	8/15/2011 22:00	18.9	58.2	79200	1313445600
21.11	8/15/2011 23:00	19.1	58.2	82800	1313449200
20.11	8/16/2011 0:00	18.4	58.2	0	1313452800
20.11	8/16/2011 1:00	18.4	58.2	3600	1313456400
20.11	8/16/2011 2:00	18.2	58.2	7200	1313460000
20.11	8/16/2011 3:00	18	58.2	10800	1313463600
20.11	8/16/2011 4:00	18	58.2	14400	1313467200
20.11	8/16/2011 5:00	18	58.2	18000	1313470800
21.11	8/16/2011 6:00	19.2	58.2	21600	1313474400
21.11	8/16/2011 7:00	19.8	58.2	25200	1313478000
21.11	8/16/2011 8:00	19.6	58.2	28800	1313481600
22.11	8/16/2011 9:00	20.7	58.2	32400	1313485200
22.11	8/16/2011 10:00	20.1	58.2	36000	1313488800
22.11	8/16/2011 11:00	20.7	58.2	39600	1313492400
23.11	8/16/2011 12:00	20.9	58.2	43200	1313496000
22.11	8/16/2011 13:00	20.8	58.2	46800	1313499600
22.11	8/16/2011 14:00	20.4	58.2	50400	1313503200
22.11	8/16/2011 15:00	20.7	58.2	54000	1313506800
22.11	8/16/2011 16:00	20.8	58.2	57600	1313510400
22.11	8/16/2011 17:00	20.5	58.2	61200	1313514000
22.11	8/16/2011 18:00	19.9	58.2	64800	1313517600
22.11	8/16/2011 19:00	19.9	58.2	68400	1313521200
21.11	8/16/2011 20:00	19.2	58.2	72000	1313524800
21.11	8/16/2011 21:00	19.1	58.2	75600	1313528400
21.11	8/16/2011 22:00	19.7	58.2	79200	1313532000
22.11	8/16/2011 23:00	20.4	58.2	82800	1313535600
22.11	8/17/2011 0:00	20.7	58.2	0	1313539200
22.11	8/17/2011 1:00	20	58.2	3600	1313542800
21.11	8/17/2011 2:00	19.3	58.2	7200	1313546400
21.11	8/17/2011 3:00	19.3	58.2	10800	1313550000
20.11	8/17/2011 4:00	18.5	58.2	14400	1313553600
20.11	8/17/2011 5:00	18.5	58.2	18000	1313557200
22.11	8/17/2011 6:00	19.9	58.2	21600	1313560800
23.11	8/17/2011 7:00	21	58.2	25200	1313564400
23.11	8/17/2011 8:00	21.2	58.2	28800	1313568000
23.11	8/17/2011 9:00	21.2	58.2	32400	1313571600
24.11	8/17/2011 10:00	22.1	446.2	36000	1313575200
24.11	8/17/2011 11:00	21.6	455.9	39600	1313578800
24.11	8/17/2011 12:00	21.5	494.7	43200	1313582400
24.11	8/17/2011 13:00	21.8	494.7	46800	1313586000
25.11	8/17/2011 14:00	22.4	494.7	50400	1313589600
25.11	8/17/2011 15:00	22.7	494.7	54000	1313593200
24.11	8/17/2011 16:00	22.1	485	57600	1313596800
24.11	8/17/2011 17:00	22	446.2	61200	1313600400
24.11	8/17/2011 18:00	22	446.2	64800	1313604000
23.11	8/17/2011 19:00	21.7	58.2	68400	1313607600
23.11	8/17/2011 20:00	21	58.2	72000	1313611200
23.11	8/17/2011 21:00	21.1	58.2	75600	1313614800
23.11	8/17/2011 22:00	20.6	417.1	79200	1313618400
22.11	8/17/2011 23:00	20.1	58.2	82800	1313622000
22.11	8/18/2011 0:00	19.9	514.1	0	1313625600
21.11	8/18/2011 1:00	19.1	58.2	3600	1313629200
21.11	8/18/2011 2:00	19.1	58.2	7200	1313632800
21.11	8/18/2011 3:00	19.4	58.2	10800	1313636400
21.11	8/18/2011 4:00	19.5	58.2	14400	1313640000
21.11	8/18/2011 5:00	19.8	58.2	18000	1313643600
21.11	8/18/2011 6:00	19.8	58.2	21600	1313647200
23.11	8/18/2011 7:00	20.8	669.3	25200	1313650800
24.11	8/18/2011 8:00	21.5	417.1	28800	1313654400
24.11	8/18/2011 9:00	22.2	58.2	32400	1313658000
24.11	8/18/2011 10:00	22.4	58.2	36000	1313661600
25.11	8/18/2011 11:00	22.9	58.2	39600	1313665200
24.11	8/18/2011 12:00	22.7	58.2	43200	1313668800
25.11	8/18/2011 13:00	22.9	58.2	46800	1313672400
24.11	8/18/2011 14:00	22.1	58.2	50400	1313676000
22.11	8/18/2011 15:00	20.6	58.2	54000	1313679600
22.11	8/18/2011 16:00	20.8	58.2	57600	1313683200
22.11	8/18/2011 17:00	20.1	58.2	61200	1313686800
21.11	8/18/2011 18:00	19.6	58.2	64800	1313690400
21.11	8/18/2011 19:00	19.8	58.2	68400	1313694000
21.11	8/18/2011 20:00	19.6	58.2	72000	1313697600
21.11	8/18/2011 21:00	19.8	58.2	75600	1313701200
22.11	8/18/2011 22:00	20.1	58.2	79200	1313704800
23.11	8/18/2011 23:00	20.9	58.2	82800	1313708400
22.11	8/19/2011 0:00	20.5	58.2	0	1313712000
22.11	8/19/2011 1:00	20.3	58.2	3600	1313715600
22.11	8/19/2011 2:00	20.3	58.2	7200	1313719200
21.11	8/19/2011 3:00	19.8	58.2	10800	1313722800
21.11	8/19/2011 4:00	19.8	58.2	14400	1313726400
21.11	8/19/2011 5:00	19.6	58.2	18000	1313730000
23.11	8/19/2011 6:00	21.3	58.2	21600	1313733600
24.11	8/19/2011 7:00	22	58.2	25200	1313737200
24.11	8/19/2011 8:00	22.2	58.2	28800	1313740800
25.11	8/19/2011 9:00	23	407.4	32400	1313744400
25.11	8/19/2011 10:00	23.2	58.2	36000	1313748000
26.11	8/19/2011 11:00	23.7	426.8	39600	1313751600
26.11	8/19/2011 12:00	24.3	58.2	43200	1313755200
26.11	8/19/2011 13:00	23.9	446.2	46800	1313758800
25.11	8/19/2011 14:00	23	58.2	50400	1313762400
25.11	8/19/2011 15:00	23.3	58.2	54000	1313766000
26.11	8/19/2011 16:00	23.3	465.6	57600	1313769600
22.11	8/19/2011 17:00	19.2	630.5	61200	1313773200
20.11	8/19/2011 18:00	18.6	58.2	64800	1313776800
21.11	8/19/2011 19:00	18.4	465.6	68400	1313780400
20.11	8/19/2011 20:00	18.6	58.2	72000	1313784000
20.11	8/19/2011 21:00	18.4	58.2	75600	1313787600
20.11	8/19/2011 22:00	18.4	58.2	79200	1313791200
20.11	8/19/2011 23:00	18.4	58.2	82800	1313794800
20.11	8/20/2011 0:00	17.8	58.2	0	1313798400
20.11	8/20/2011 1:00	18.2	455.9	3600	1313802000
20.11	8/20/2011 2:00	17.8	426.8	7200	1313805600
20.11	8/20/2011 3:00	17.6	746.9	10800	1313809200
19.11	8/20/2011 4:00	17.1	58.2	14400	1313812800
19.11	8/20/2011 5:00	16.8	465.6	18000	1313816400
21.11	8/20/2011 6:00	18.9	407.4	21600	1313820000
22.11	8/20/2011 7:00	20.2	58.2	25200	1313823600
23.11	8/20/2011 8:00	20.5	465.6	28800	1313827200
23.11	8/20/2011 9:00	20.9	58.2	32400	1313830800
23.11	8/20/2011 10:00	21.7	58.2	36000	1313834400
23.11	8/20/2011 11:00	21.7	58.2	39600	1313838000
24.11	8/20/2011 12:00	22.1	814.8	43200	1313841600
23.11	8/20/2011 13:00	21.3	58.2	46800	1313845200
25.11	8/20/2011 14:00	22.5	834.2	50400	1313848800
25.11	8/20/2011 15:00	22.9	543.2	54000	1313852400
25.11	8/20/2011 16:00	22.5	591.7	57600	1313856000
24.11	8/20/2011 17:00	21.9	58.2	61200	1313859600
23.11	8/20/2011 18:00	21.7	58.2	64800	1313863200
24.11	8/20/2011 19:00	22	58.2	68400	1313866800
23.11	8/20/2011 20:00	21.8	58.2	72000	1313870400
23.11	8/20/2011 21:00	21.3	58.2	75600	1313874000
23.11	8/20/2011 22:00	21.1	58.2	79200	1313877600
23.11	8/20/2011 23:00	20.9	58.2	82800	1313881200
22.11	8/21/2011 0:00	20.7	58.2	0	1313884800
22.11	8/21/2011 1:00	20.7	58.2	3600	1313888400
22.11	8/21/2011 2:00	20.7	58.2	7200	1313892000
23.11	8/21/2011 3:00	21.1	58.2	10800	1313895600
23.11	8/21/2011 4:00	21.1	58.2	14400	1313899200
23.11	8/21/2011 5:00	21.6	58.2	18000	1313902800
23.11	8/21/2011 6:00	21.6	58.2	21600	1313906400
24.11	8/21/2011 7:00	22.4	58.2	25200	1313910000
25.11	8/21/2011 8:00	23.4	58.2	28800	1313913600
25.11	8/21/2011 9:00	23.6	58.2	32400	1313917200
26.11	8/21/2011 10:00	24.7	58.2	36000	1313920800
26.11	8/21/2011 11:00	24.7	611.1	39600	1313924400
24.11	8/21/2011 12:00	21.3	455.9	43200	1313928000
23.11	8/21/2011 13:00	21.3	58.2	46800	1313931600
24.11	8/21/2011 14:00	21.8	485	50400	1313935200
25.11	8/21/2011 15:00	22.5	475.3	54000	1313938800
26.11	8/21/2011 16:00	23.4	465.6	57600	1313942400
25.11	8/21/2011 17:00	22.5	533.5	61200	1313946000
24.11	8/21/2011 18:00	22.2	58.2	64800	1313949600
24.11	8/21/2011 19:00	22.5	58.2	68400	1313953200
23.11	8/21/2011 20:00	21.8	58.2	72000	1313956800
25.11	8/21/2011 21:00	22.5	485	75600	1313960400
24.11	8/21/2011 22:00	22.5	58.2	79200	1313964000
24.11	8/21/2011 23:00	22.2	58.2	82800	1313967600
23.11	8/22/2011 0:00	21.6	58.2	0	1313971200
23.11	8/22/2011 1:00	21.3	58.2	3600	1313974800
23.11	8/22/2011 2:00	20.9	58.2	7200	1313978400
22.11	8/22/2011 3:00	20.2	58.2	10800	1313982000
21.11	8/22/2011 4:00	18.8	58.2	14400	1313985600
20.11	8/22/2011 5:00	18.3	58.2	18000	1313989200
20.11	8/22/2011 6:00	18.5	58.2	21600	1313992800
21.11	8/22/2011 7:00	18.8	58.2	25200	1313996400
19.11	8/22/2011 8:00	17	58.2	28800	1314000000
19.11	8/22/2011 9:00	17.1	58.2	32400	1314003600
19.11	8/22/2011 10:00	17	58.2	36000	1314007200
19.11	8/22/2011 11:00	17.2	58.2	39600	1314010800
19.11	8/22/2011 12:00	17.2	58.2	43200	1314014400
19.11	8/22/2011 13:00	17.4	58.2	46800	1314018000
19.11	8/22/2011 14:00	17.6	58.2	50400	1314021600
19.11	8/22/2011 15:00	17.1	58.2	54000	1314025200
18.11	8/22/2011 16:00	16.4	58.2	57600	1314028800
18.11	8/22/2011 17:00	16.3	58.2	61200	1314032400
18.11	8/22/2011 18:00	16.2	58.2	64800	1314036000
18.11	8/22/2011 19:00	16.3	58.2	68400	1314039600
18.11	8/22/2011 20:00	16.1	58.2	72000	1314043200
17.11	8/22/2011 21:00	15.3	58.2	75600	1314046800
16.11	8/22/2011 22:00	14.5	58.2	79200	1314050400
16.11	8/22/2011 23:00	14.3	58.2	82800	1314054000
16.11	8/23/2011 0:00	13.8	58.2	0	1314057600
15.11	8/23/2011 1:00	13.3	58.2	3600	1314061200
15.11	8/23/2011 2:00	12.8	58.2	7200	1314064800
15.11	8/23/2011 3:00	12.2	58.2	10800	1314068400
15.11	8/23/2011 4:00	12.1	58.2	14400	1314072000
15.11	8/23/2011 5:00	12.3	58.2	18000	1314075600
16.11	8/23/2011 6:00	14.6	58.2	21600	1314079200
17.11	8/23/2011 7:00	15.6	58.2	25200	1314082800
17.11	8/23/2011 8:00	15.5	58.2	28800	1314086400
17.11	8/23/2011 9:00	15.7	58.2	32400	1314090000
17.11	8/23/2011 10:00	15.6	58.2	36000	1314093600
18.11	8/23/2011 11:00	16.3	58.2	39600	1314097200
19.11	8/23/2011 12:00	16.8	562.6	43200	1314100800
19.11	8/23/2011 13:00	16.5	485	46800	1314104400
19.11	8/23/2011 14:00	16.7	494.7	50400	1314108000
19.11	8/23/2011 15:00	16.2	475.3	54000	1314111600
19.11	8/23/2011 16:00	16.7	494.7	57600	1314115200
20.11	8/23/2011 17:00	17.7	475.3	61200	1314118800
19.11	8/23/2011 18:00	17.1	455.9	64800	1314122400
19.11	8/23/2011 19:00	16.8	552.9	68400	1314126000
18.11	8/23/2011 20:00	16.1	58.2	72000	1314129600
18.11	8/23/2011 21:00	15.5	407.4	75600	1314133200
17.11	8/23/2011 22:00	15.3	58.2	79200	1314136800
16.11	8/23/2011 23:00	14.6	58.2	82800	1314140400
16.11	8/24/2011 0:00	14.3	58.2	0	1314144000
17.11	8/24/2011 1:00	14.8	58.2	3600	1314147600
16.11	8/24/2011 2:00	14.2	58.2	7200	1314151200
16.11	8/24/2011 3:00	14	58.2	10800	1314154800
16.11	8/24/2011 4:00	13.8	58.2	14400	1314158400
16.11	8/24/2011 5:00	14	58.2	18000	1314162000
18.11	8/24/2011 6:00	16.3	58.2	21600	1314165600
19.11	8/24/2011 7:00	17.3	58.2	25200	1314169200
21.11	8/24/2011 8:00	19.1	58.2	28800	1314172800
21.11	8/24/2011 9:00	19.8	58.2	32400	1314176400
22.11	8/24/2011 10:00	20.1	58.2	36000	1314180000
23.11	8/24/2011 11:00	20.7	1154.3	39600	1314183600
23.11	8/24/2011 12:00	20.6	494.7	43200	1314187200
23.11	8/24/2011 13:00	20.5	669.3	46800	1314190800
23.11	8/24/2011 14:00	20.4	727.5	50400	1314194400
23.11	8/24/2011 15:00	20.8	746.9	54000	1314198000
24.11	8/24/2011 16:00	21.1	746.9	57600	1314201600
23.11	8/24/2011 17:00	20.7	727.5	61200	1314205200
24.11	8/24/2011 18:00	21.2	727.5	64800	1314208800
23.11	8/24/2011 19:00	20.8	465.6	68400	1314212400
22.11	8/24/2011 20:00	20.5	58.2	72000	1314216000
22.11	8/24/2011 21:00	20.3	426.8	75600	1314219600
23.11	8/24/2011 22:00	20.4	417.1	79200	1314223200
23.11	8/24/2011 23:00	20.8	426.8	82800	1314226800
23.11	8/25/2011 0:00	20.6	426.8	0	1314230400
22.11	8/25/2011 1:00	20.6	58.2	3600	1314234000
22.11	8/25/2011 2:00	20.6	58.2	7200	1314237600
22.11	8/25/2011 3:00	20.6	58.2	10800	1314241200
23.11	8/25/2011 4:00	20.9	58.2	14400	1314244800
23.11	8/25/2011 5:00	21.5	58.2	18000	1314248400
23.11	8/25/2011 6:00	21.8	58.2	21600	1314252000
24.11	8/25/2011 7:00	22	58.2	25200	1314255600
24.11	8/25/2011 8:00	22.5	58.2	28800	1314259200
24.11	8/25/2011 9:00	22.7	58.2	32400	1314262800
25.11	8/25/2011 10:00	23	58.2	36000	1314266400
24.11	8/25/2011 11:00	22.7	58.2	39600	1314270000
25.11	8/25/2011 12:00	22.5	514.1	43200	1314273600
25.11	8/25/2011 13:00	22.9	407.4	46800	1314277200
25.11	8/25/2011 14:00	23.1	562.6	50400	1314280800
25.11	8/25/2011 16:00	23.3	58.2	57600	1314288000
25.11	8/25/2011 17:00	23.3	58.2	61200	1314291600
25.11	8/25/2011 18:00	22.7	436.5	64800	1314295200
23.11	8/25/2011 19:00	20.9	58.2	68400	1314298800
22.11	8/25/2011 20:00	20.5	58.2	72000	1314302400
22.11	8/25/2011 21:00	20	58.2	75600	1314306000
22.11	8/25/2011 22:00	19.6	485	79200	1314309600
22.11	8/25/2011 23:00	20	58.2	82800	1314313200
22.11	8/26/2011 0:00	19.2	543.2	0	1314316800
21.11	8/26/2011 1:00	19.2	58.2	3600	1314320400
21.11	8/26/2011 2:00	19	58.2	7200	1314324000
20.11	8/26/2011 3:00	18.7	58.2	10800	1314327600
20.11	8/26/2011 4:00	18.7	58.2	14400	1314331200
21.11	8/26/2011 5:00	19	58.2	18000	1314334800
22.11	8/26/2011 6:00	20	58.2	21600	1314338400
23.11	8/26/2011 7:00	21.3	58.2	25200	1314342000
24.11	8/26/2011 8:00	22.4	58.2	28800	1314345600
24.11	8/26/2011 9:00	22.5	58.2	32400	1314349200
25.11	8/26/2011 10:00	23.2	417.1	36000	1314352800
25.11	8/26/2011 11:00	23.5	58.2	39600	1314356400
26.11	8/26/2011 12:00	23.9	58.2	43200	1314360000
26.11	8/26/2011 13:00	24	58.2	46800	1314363600
25.11	8/26/2011 14:00	23.7	58.2	50400	1314367200
25.11	8/26/2011 15:00	23.7	58.2	54000	1314370800
26.11	8/26/2011 16:00	24.1	58.2	57600	1314374400
26.11	8/26/2011 17:00	23.9	58.2	61200	1314378000
26.11	8/26/2011 18:00	23.9	58.2	64800	1314381600
26.11	8/26/2011 19:00	23.8	58.2	68400	1314385200
25.11	8/26/2011 20:00	23.6	58.2	72000	1314388800
26.11	8/26/2011 21:00	23.4	446.2	75600	1314392400
25.11	8/26/2011 22:00	23.4	58.2	79200	1314396000
25.11	8/26/2011 23:00	23.6	58.2	82800	1314399600
25.11	8/27/2011 0:00	23.6	58.2	0	1314403200
25.11	8/27/2011 1:00	23.6	58.2	3600	1314406800
26.11	8/27/2011 2:00	23.3	436.5	7200	1314410400
26.11	8/27/2011 3:00	23.3	446.2	10800	1314414000
26.11	8/27/2011 4:00	23.6	940.9	14400	1314417600
26.11	8/27/2011 5:00	23.8	620.8	18000	1314421200
26.11	8/27/2011 6:00	23.4	620.8	21600	1314424800
26.11	8/27/2011 7:00	23.4	591.7	25200	1314428400
26.11	8/27/2011 8:00	23.1	620.8	28800	1314432000
25.11	8/27/2011 9:00	23.2	58.2	32400	1314435600
24.11	8/27/2011 10:00	22	58.2	36000	1314439200
25.11	8/27/2011 11:00	22.2	485	39600	1314442800
24.11	8/27/2011 12:00	22	455.9	43200	1314446400
24.11	8/27/2011 13:00	21.6	407.4	46800	1314450000
23.11	8/27/2011 14:00	21.1	455.9	50400	1314453600
23.11	8/27/2011 15:00	21.6	58.2	54000	1314457200
24.11	8/27/2011 16:00	21.6	475.3	57600	1314460800
24.11	8/27/2011 17:00	22	475.3	61200	1314464400
24.11	8/27/2011 18:00	22	58.2	64800	1314468000
24.11	8/27/2011 19:00	21.6	426.8	68400	1314471600
24.11	8/27/2011 20:00	21.6	485	72000	1314475200
23.11	8/27/2011 22:00	20.9	407.4	79200	1314482400
23.11	8/27/2011 23:00	20.5	446.2	82800	1314486000
23.11	8/28/2011 0:00	20.9	58.2	0	1314489600
22.11	8/28/2011 1:00	20.5	58.2	3600	1314493200
22.11	8/28/2011 2:00	20	58.2	7200	1314496800
22.11	8/28/2011 3:00	20	504.4	10800	1314500400
21.11	8/28/2011 4:00	19.8	58.2	14400	1314504000
22.11	8/28/2011 5:00	20	58.2	18000	1314507600
21.11	8/28/2011 6:00	19.8	58.2	21600	1314511200
22.11	8/28/2011 7:00	19.8	582	25200	1314514800
22.11	8/28/2011 8:00	20.2	58.2	28800	1314518400
21.11	8/28/2011 9:00	19.8	58.2	32400	1314522000
22.11	8/28/2011 10:00	19.9	58.2	36000	1314525600
21.11	8/28/2011 11:00	19.7	58.2	39600	1314529200
23.11	8/28/2011 12:00	21.3	58.2	43200	1314532800
23.11	8/28/2011 13:00	20.9	58.2	46800	1314536400
22.11	8/28/2011 14:00	20.2	58.2	50400	1314540000
22.11	8/28/2011 15:00	19.9	58.2	54000	1314543600
21.11	8/28/2011 16:00	19.4	58.2	57600	1314547200
21.11	8/28/2011 17:00	19.3	58.2	61200	1314550800
20.11	8/28/2011 18:00	18.3	58.2	64800	1314554400
20.11	8/28/2011 19:00	18.5	58.2	68400	1314558000
20.11	8/28/2011 20:00	18.2	58.2	72000	1314561600
20.11	8/28/2011 21:00	17.8	58.2	75600	1314565200
19.11	8/28/2011 22:00	17.2	58.2	79200	1314568800
18.11	8/28/2011 23:00	16.1	58.2	82800	1314572400
18.11	8/29/2011 0:00	15.9	58.2	0	1314576000
17.11	8/29/2011 1:00	15.3	58.2	3600	1314579600
17.11	8/29/2011 2:00	15.1	58.2	7200	1314583200
17.11	8/29/2011 3:00	14.9	58.2	10800	1314586800
17.11	8/29/2011 4:00	15.6	58.2	14400	1314590400
17.11	8/29/2011 5:00	15.6	58.2	18000	1314594000
18.11	8/29/2011 6:00	16	58.2	21600	1314597600
18.11	8/29/2011 7:00	16.3	58.2	25200	1314601200
18.11	8/29/2011 8:00	15.8	58.2	28800	1314604800
17.11	8/29/2011 9:00	15.7	58.2	32400	1314608400
19.11	8/29/2011 10:00	16.6	494.7	36000	1314612000
19.11	8/29/2011 11:00	16.2	475.3	39600	1314615600
19.11	8/29/2011 12:00	16.6	494.7	43200	1314619200
19.11	8/29/2011 13:00	16.6	504.4	46800	1314622800
19.11	8/29/2011 14:00	17	514.1	50400	1314626400
20.11	8/29/2011 15:00	17.2	523.8	54000	1314630000
19.11	8/29/2011 16:00	16.2	543.2	57600	1314633600
19.11	8/29/2011 17:00	16.8	543.2	61200	1314637200
18.11	8/29/2011 18:00	15.8	523.8	64800	1314640800
18.11	8/29/2011 19:00	15.9	533.5	68400	1314644400
18.11	8/29/2011 20:00	15.8	455.9	72000	1314648000
18.11	8/29/2011 21:00	15.6	659.6	75600	1314651600
17.11	8/29/2011 22:00	14.5	494.7	79200	1314655200
17.11	8/29/2011 23:00	14.8	58.2	82800	1314658800
17.11	8/30/2011 0:00	14.2	446.2	0	1314662400
17.11	8/30/2011 1:00	14.2	436.5	3600	1314666000
16.11	8/30/2011 2:00	13.5	446.2	7200	1314669600
15.11	8/30/2011 3:00	12.7	494.7	10800	1314673200
16.11	8/30/2011 4:00	13.2	475.3	14400	1314676800
16.11	8/30/2011 5:00	13.2	465.6	18000	1314680400
17.11	8/30/2011 6:00	14.7	455.9	21600	1314684000
19.11	8/30/2011 7:00	16.3	465.6	25200	1314687600
19.11	8/30/2011 8:00	17	504.4	28800	1314691200
19.11	8/30/2011 9:00	16.3	465.6	32400	1314694800
19.11	8/30/2011 10:00	16.8	58.2	36000	1314698400
19.11	8/30/2011 11:00	17.5	58.2	39600	1314702000
19.11	8/30/2011 12:00	17.7	58.2	43200	1314705600
19.11	8/30/2011 13:00	17.5	58.2	46800	1314709200
19.11	8/30/2011 14:00	17.3	58.2	50400	1314712800
19.11	8/30/2011 15:00	17.7	58.2	54000	1314716400
19.11	8/30/2011 16:00	17.3	58.2	57600	1314720000
19.11	8/30/2011 17:00	17.1	58.2	61200	1314723600
18.11	8/30/2011 18:00	16.7	58.2	64800	1314727200
18.11	8/30/2011 19:00	16.4	58.2	68400	1314730800
17.11	8/30/2011 20:00	15.7	58.2	72000	1314734400
18.11	8/30/2011 21:00	15.8	58.2	75600	1314738000
17.11	8/30/2011 22:00	15.6	58.2	79200	1314741600
17.11	8/30/2011 23:00	14.9	58.2	82800	1314745200
16.11	8/31/2011 0:00	14.3	58.2	0	1314748800
16.11	8/31/2011 1:00	14.6	58.2	3600	1314752400
16.11	8/31/2011 2:00	14.6	58.2	7200	1314756000
16.11	8/31/2011 3:00	13.8	58.2	10800	1314759600
16.11	8/31/2011 4:00	14	58.2	14400	1314763200
16.11	8/31/2011 5:00	13.8	58.2	18000	1314766800
18.11	8/31/2011 6:00	16.1	58.2	21600	1314770400
20.11	8/31/2011 7:00	17.9	58.2	25200	1314774000
20.11	8/31/2011 8:00	18.6	58.2	28800	1314777600
20.11	8/31/2011 9:00	18.4	58.2	32400	1314781200
21.11	8/31/2011 10:00	18.1	688.7	36000	1314784800
21.11	8/31/2011 11:00	18.2	562.6	39600	1314788400
22.11	8/31/2011 12:00	18.9	640.2	43200	1314792000
21.11	8/31/2011 13:00	18.9	523.8	46800	1314795600
22.11	8/31/2011 14:00	19.5	562.6	50400	1314799200
21.11	8/31/2011 15:00	18.7	572.3	54000	1314802800
21.11	8/31/2011 16:00	18.8	543.2	57600	1314806400
21.11	8/31/2011 17:00	18.2	620.8	61200	1314810000
20.11	8/31/2011 18:00	17.8	446.2	64800	1314813600
20.11	8/31/2011 19:00	17.4	446.2	68400	1314817200
19.11	8/31/2011 20:00	16.9	552.9	72000	1314820800
19.11	8/31/2011 21:00	17.1	446.2	75600	1314824400
18.11	8/31/2011 22:00	16.2	58.2	79200	1314828000
18.11	8/31/2011 23:00	16.2	58.2	82800	1314831600