Tset	Date	Twet	Load	Hour(s)	TimeStamp(s)
15.11	12/1/2011 0:00	0.80	58.2	0	1322697600
15.11	12/1/2011 1:00	0.60	58.2	3600	1322701200
15.11	12/1/2011 2:00	0.20	58.2	7200	1322704800
15.11	12/1/2011 3:00	0.20	58.2	10800	1322708400
15.11	12/1/2011 4:00	0.20	58.2	14400	1322712000
15.11	12/1/2011 5:00	0.20	58.2	18000	1322715600
15.11	12/1/2011 6:00	0.40	58.2	21600	1322719200
15.11	12/1/2011 7:00	0.80	58.2	25200	1322722800
15.11	12/1/2011 8:00	1.90	58.2	28800	1322726400
15.11	12/1/2011 9:00	3.40	746.9	32400	1322730000
15.11	12/1/2011 10:00	4.10	58.2	36000	1322733600
15.11	12/1/2011 11:00	5.00	58.2	39600	1322737200
15.11	12/1/2011 12:00	4.90	58.2	43200	1322740800
15.11	12/1/2011 13:00	5.60	698.4	46800	1322744400
15.11	12/1/2011 14:00	5.60	649.9	50400	1322748000
15.11	12/1/2011 15:00	5.70	649.9	54000	1322751600
15.11	12/1/2011 16:00	4.40	698.4	57600	1322755200
15.11	12/1/2011 17:00	2.80	58.2	61200	1322758800
15.11	12/1/2011 18:00	2.80	58.2	64800	1322762400
15.11	12/1/2011 19:00	2.20	58.2	68400	1322766000
15.11	12/1/2011 20:00	1.90	58.2	72000	1322769600
15.11	12/1/2011 21:00	0.30	58.2	75600	1322773200
15.11	12/1/2011 22:00	-0.10	58.2	79200	1322776800
15.11	12/1/2011 23:00	-0.60	58.2	82800	1322780400
15.11	12/2/2011 0:00	-0.80	58.2	0	1322784000
15.11	12/2/2011 1:00	-0.80	58.2	3600	1322787600
15.11	12/2/2011 2:00	-1.70	58.2	7200	1322791200
15.11	12/2/2011 3:00	-2.80	58.2	10800	1322794800
15.11	12/2/2011 4:00	-2.20	58.2	14400	1322798400
15.11	12/2/2011 5:00	-3.10	58.2	18000	1322802000
15.11	12/2/2011 6:00	-2.40	58.2	21600	1322805600
15.11	12/2/2011 7:00	-2.20	58.2	25200	1322809200
15.11	12/2/2011 8:00	1.70	58.2	28800	1322812800
15.11	12/2/2011 9:00	4.40	58.2	32400	1322816400
15.11	12/2/2011 10:00	5.40	58.2	36000	1322820000
15.11	12/2/2011 11:00	5.80	58.2	39600	1322823600
15.11	12/2/2011 12:00	6.50	58.2	43200	1322827200
15.11	12/2/2011 13:00	7.00	58.2	46800	1322830800
15.11	12/2/2011 14:00	6.50	58.2	50400	1322834400
15.11	12/2/2011 15:00	5.20	58.2	54000	1322838000
15.11	12/2/2011 16:00	4.80	58.2	57600	1322841600
15.11	12/2/2011 17:00	4.20	58.2	61200	1322845200
15.11	12/2/2011 18:00	3.90	58.2	64800	1322848800
15.11	12/2/2011 19:00	4.10	58.2	68400	1322852400
15.11	12/2/2011 20:00	3.50	58.2	72000	1322856000
15.11	12/2/2011 21:00	2.90	58.2	75600	1322859600
15.11	12/2/2011 22:00	2.20	58.2	79200	1322863200
15.11	12/2/2011 23:00	1.00	58.2	82800	1322866800
15.11	12/3/2011 0:00	0.00	58.2	0	1322870400
15.11	12/3/2011 1:00	-0.60	58.2	3600	1322874000
15.11	12/3/2011 2:00	-0.60	58.2	7200	1322877600
15.11	12/3/2011 3:00	-1.20	58.2	10800	1322881200
15.11	12/3/2011 4:00	-1.50	58.2	14400	1322884800
15.11	12/3/2011 5:00	-2.40	58.2	18000	1322888400
15.11	12/3/2011 6:00	-2.00	58.2	21600	1322892000
15.11	12/3/2011 7:00	0.00	58.2	25200	1322895600
15.11	12/3/2011 8:00	2.20	58.2	28800	1322899200
15.11	12/3/2011 9:00	2.40	58.2	32400	1322902800
15.11	12/3/2011 10:00	3.40	58.2	36000	1322906400
15.11	12/3/2011 11:00	3.70	58.2	39600	1322910000
15.11	12/3/2011 12:00	3.80	58.2	43200	1322913600
15.11	12/3/2011 13:00	4.30	552.9	46800	1322917200
15.11	12/3/2011 14:00	4.20	58.2	50400	1322920800
15.11	12/3/2011 15:00	4.50	446.2	54000	1322924400
15.11	12/3/2011 16:00	2.90	58.2	57600	1322928000
15.11	12/3/2011 17:00	2.80	465.6	61200	1322931600
15.11	12/3/2011 18:00	2.70	417.1	64800	1322935200
15.11	12/3/2011 19:00	1.50	475.3	68400	1322938800
15.11	12/3/2011 20:00	1.10	58.2	72000	1322942400
15.11	12/3/2011 21:00	2.80	58.2	75600	1322946000
15.11	12/3/2011 22:00	1.80	58.2	79200	1322949600
15.11	12/3/2011 23:00	1.00	58.2	82800	1322953200
15.11	12/4/2011 0:00	0.40	58.2	0	1322956800
15.11	12/4/2011 1:00	-0.40	58.2	3600	1322960400
15.11	12/4/2011 2:00	-0.40	58.2	7200	1322964000
15.11	12/4/2011 3:00	-0.90	58.2	10800	1322967600
15.11	12/4/2011 4:00	-2.00	58.2	14400	1322971200
15.11	12/4/2011 5:00	-1.50	58.2	18000	1322974800
15.11	12/4/2011 6:00	-0.90	58.2	21600	1322978400
15.11	12/4/2011 7:00	-0.40	58.2	25200	1322982000
15.11	12/4/2011 8:00	3.10	58.2	28800	1322985600
15.11	12/4/2011 9:00	6.40	58.2	32400	1322989200
15.11	12/4/2011 10:00	7.60	58.2	36000	1322992800
15.11	12/4/2011 11:00	8.70	58.2	39600	1322996400
15.11	12/4/2011 12:00	7.80	58.2	43200	1323000000
15.11	12/4/2011 13:00	8.60	58.2	46800	1323003600
15.11	12/4/2011 14:00	8.80	58.2	50400	1323007200
15.11	12/4/2011 15:00	9.20	58.2	54000	1323010800
15.11	12/4/2011 16:00	8.40	58.2	57600	1323014400
15.11	12/4/2011 17:00	7.60	58.2	61200	1323018000
15.11	12/4/2011 18:00	6.20	58.2	64800	1323021600
15.11	12/4/2011 19:00	5.90	58.2	68400	1323025200
15.11	12/4/2011 20:00	4.80	58.2	72000	1323028800
15.11	12/4/2011 21:00	4.50	58.2	75600	1323032400
15.11	12/4/2011 22:00	3.90	58.2	79200	1323036000
15.11	12/4/2011 23:00	3.90	58.2	82800	1323039600
15.11	12/5/2011 0:00	2.80	58.2	0	1323043200
15.11	12/5/2011 1:00	3.00	58.2	3600	1323046800
15.11	12/5/2011 2:00	2.80	58.2	7200	1323050400
15.11	12/5/2011 3:00	2.80	58.2	10800	1323054000
15.11	12/5/2011 4:00	2.80	58.2	14400	1323057600
15.11	12/5/2011 5:00	3.00	58.2	18000	1323061200
15.11	12/5/2011 6:00	3.80	58.2	21600	1323064800
15.11	12/5/2011 7:00	3.80	58.2	25200	1323068400
15.11	12/5/2011 8:00	5.50	58.2	28800	1323072000
15.11	12/5/2011 9:00	8.00	58.2	32400	1323075600
15.11	12/5/2011 10:00	8.90	58.2	36000	1323079200
15.11	12/5/2011 11:00	9.70	58.2	39600	1323082800
15.11	12/5/2011 12:00	10.20	58.2	43200	1323086400
15.11	12/5/2011 13:00	11.00	58.2	46800	1323090000
15.11	12/5/2011 14:00	11.20	58.2	50400	1323093600
15.11	12/5/2011 15:00	11.00	58.2	54000	1323097200
15.11	12/5/2011 16:00	10.70	58.2	57600	1323100800
15.11	12/5/2011 17:00	10.50	58.2	61200	1323104400
15.11	12/5/2011 18:00	10.50	58.2	64800	1323108000
15.11	12/5/2011 19:00	10.20	58.2	68400	1323111600
15.11	12/5/2011 20:00	10.50	58.2	72000	1323115200
15.11	12/5/2011 21:00	12.10	58.2	75600	1323118800
15.11	12/5/2011 22:00	12.90	58.2	79200	1323122400
15.11	12/5/2011 23:00	13.50	58.2	82800	1323126000
15.11	12/6/2011 0:00	13.50	58.2	0	1323129600
15.11	12/6/2011 1:00	13.50	58.2	3600	1323133200
16.11	12/6/2011 2:00	13.80	58.2	7200	1323136800
15.11	12/6/2011 3:00	13.00	58.2	10800	1323140400
15.11	12/6/2011 4:00	13.00	58.2	14400	1323144000
15.11	12/6/2011 5:00	13.20	58.2	18000	1323147600
16.11	12/6/2011 6:00	14.60	58.2	21600	1323151200
16.11	12/6/2011 7:00	14.60	58.2	25200	1323154800
17.11	12/6/2011 8:00	14.90	58.2	28800	1323158400
17.11	12/6/2011 9:00	15.10	58.2	32400	1323162000
17.11	12/6/2011 10:00	15.40	58.2	36000	1323165600
17.11	12/6/2011 11:00	15.40	58.2	39600	1323169200
17.11	12/6/2011 12:00	15.70	58.2	43200	1323172800
18.11	12/6/2011 13:00	16.00	58.2	46800	1323176400
18.11	12/6/2011 14:00	16.00	58.2	50400	1323180000
18.11	12/6/2011 15:00	16.00	58.2	54000	1323183600
18.11	12/6/2011 16:00	16.00	58.2	57600	1323187200
18.11	12/6/2011 17:00	16.00	58.2	61200	1323190800
18.11	12/6/2011 18:00	16.00	58.2	64800	1323194400
18.11	12/6/2011 19:00	16.20	58.2	68400	1323198000
18.11	12/6/2011 20:00	16.50	58.2	72000	1323201600
18.11	12/6/2011 21:00	16.30	58.2	75600	1323205200
18.11	12/6/2011 22:00	16.30	58.2	79200	1323208800
19.11	12/6/2011 23:00	16.30	727.5	82800	1323212400
18.11	12/7/2011 0:00	16.30	58.2	0	1323216000
17.11	12/7/2011 1:00	15.70	58.2	3600	1323219600
17.11	12/7/2011 2:00	15.70	58.2	7200	1323223200
18.11	12/7/2011 3:00	16.00	58.2	10800	1323226800
18.11	12/7/2011 4:00	16.00	58.2	14400	1323230400
17.11	12/7/2011 5:00	15.70	58.2	18000	1323234000
16.11	12/7/2011 6:00	14.60	58.2	21600	1323237600
16.11	12/7/2011 7:00	14.30	58.2	25200	1323241200
16.11	12/7/2011 8:00	14.10	58.2	28800	1323244800
15.11	12/7/2011 9:00	13.20	58.2	32400	1323248400
15.11	12/7/2011 10:00	12.90	58.2	36000	1323252000
15.11	12/7/2011 11:00	13.00	58.2	39600	1323255600
15.11	12/7/2011 12:00	12.40	58.2	43200	1323259200
15.11	12/7/2011 13:00	12.40	58.2	46800	1323262800
15.11	12/7/2011 14:00	11.60	58.2	50400	1323266400
15.11	12/7/2011 15:00	11.00	562.6	54000	1323270000
15.11	12/7/2011 16:00	10.80	543.2	57600	1323273600
15.11	12/7/2011 17:00	9.40	717.8	61200	1323277200
15.11	12/7/2011 18:00	8.30	766.3	64800	1323280800
15.11	12/7/2011 19:00	6.90	756.6	68400	1323284400
15.11	12/7/2011 20:00	5.80	58.2	72000	1323288000
15.11	12/7/2011 21:00	4.00	58.2	75600	1323291600
15.11	12/7/2011 22:00	2.60	58.2	79200	1323295200
15.11	12/7/2011 23:00	2.60	58.2	82800	1323298800
15.11	12/8/2011 0:00	2.70	58.2	0	1323302400
15.11	12/8/2011 1:00	2.80	58.2	3600	1323306000
15.11	12/8/2011 2:00	1.30	58.2	7200	1323309600
15.11	12/8/2011 3:00	0.70	58.2	10800	1323313200
15.11	12/8/2011 4:00	-0.20	58.2	14400	1323316800
15.11	12/8/2011 5:00	-0.30	58.2	18000	1323320400
15.11	12/8/2011 6:00	-0.80	58.2	21600	1323324000
15.11	12/8/2011 7:00	-0.50	58.2	25200	1323327600
15.11	12/8/2011 8:00	0.40	58.2	28800	1323331200
15.11	12/8/2011 9:00	0.70	58.2	32400	1323334800
15.11	12/8/2011 10:00	1.70	58.2	36000	1323338400
15.11	12/8/2011 11:00	2.00	58.2	39600	1323342000
15.11	12/8/2011 12:00	2.40	58.2	43200	1323345600
15.11	12/8/2011 13:00	2.70	1154.3	46800	1323349200
15.11	12/8/2011 14:00	2.70	543.2	50400	1323352800
15.11	12/8/2011 15:00	2.40	834.2	54000	1323356400
15.11	12/8/2011 16:00	1.20	717.8	57600	1323360000
15.11	12/8/2011 17:00	0.90	766.3	61200	1323363600
15.11	12/8/2011 18:00	0.80	688.7	64800	1323367200
15.11	12/8/2011 19:00	-0.30	679	68400	1323370800
15.11	12/8/2011 20:00	-0.30	475.3	72000	1323374400
15.11	12/8/2011 21:00	-0.80	58.2	75600	1323378000
15.11	12/8/2011 22:00	-0.80	407.4	79200	1323381600
15.11	12/8/2011 23:00	-1.10	417.1	82800	1323385200
15.11	12/9/2011 0:00	-1.50	407.4	0	1323388800
15.11	12/9/2011 1:00	-1.70	407.4	3600	1323392400
15.11	12/9/2011 2:00	-2.00	58.2	7200	1323396000
15.11	12/9/2011 3:00	-2.00	58.2	10800	1323399600
15.11	12/9/2011 4:00	-2.20	58.2	14400	1323403200
15.11	12/9/2011 5:00	-2.60	58.2	18000	1323406800
15.11	12/9/2011 6:00	-2.60	58.2	21600	1323410400
15.11	12/9/2011 7:00	-1.70	58.2	25200	1323414000
15.11	12/9/2011 8:00	1.60	58.2	28800	1323417600
15.11	12/9/2011 9:00	3.50	58.2	32400	1323421200
15.11	12/9/2011 10:00	5.00	58.2	36000	1323424800
15.11	12/9/2011 11:00	5.90	58.2	39600	1323428400
15.11	12/9/2011 12:00	6.30	58.2	43200	1323432000
15.11	12/9/2011 13:00	5.90	58.2	46800	1323435600
15.11	12/9/2011 14:00	5.70	58.2	50400	1323439200
15.11	12/9/2011 15:00	5.70	58.2	54000	1323442800
15.11	12/9/2011 16:00	4.80	58.2	57600	1323446400
15.11	12/9/2011 17:00	2.90	58.2	61200	1323450000
15.11	12/9/2011 18:00	2.30	58.2	64800	1323453600
15.11	12/9/2011 19:00	1.10	58.2	68400	1323457200
15.11	12/9/2011 20:00	1.60	58.2	72000	1323460800
15.11	12/9/2011 21:00	1.30	58.2	75600	1323464400
15.11	12/9/2011 22:00	0.70	58.2	79200	1323468000
15.11	12/9/2011 23:00	1.10	58.2	82800	1323471600
15.11	12/10/2011 0:00	1.10	58.2	0	1323475200
15.11	12/10/2011 1:00	0.50	58.2	3600	1323478800
15.11	12/10/2011 2:00	0.00	58.2	7200	1323482400
15.11	12/10/2011 3:00	0.30	436.5	10800	1323486000
15.11	12/10/2011 4:00	0.70	436.5	14400	1323489600
15.11	12/10/2011 5:00	0.90	58.2	18000	1323493200
15.11	12/10/2011 6:00	0.60	58.2	21600	1323496800
15.11	12/10/2011 7:00	0.80	58.2	25200	1323500400
15.11	12/10/2011 8:00	2.00	58.2	28800	1323504000
15.11	12/10/2011 9:00	2.90	58.2	32400	1323507600
15.11	12/10/2011 10:00	3.50	58.2	36000	1323511200
15.11	12/10/2011 11:00	3.30	698.4	39600	1323514800
15.11	12/10/2011 12:00	2.60	766.3	43200	1323518400
15.11	12/10/2011 13:00	2.30	766.3	46800	1323522000
15.11	12/10/2011 14:00	2.30	727.5	50400	1323525600
15.11	12/10/2011 15:00	0.80	834.2	54000	1323529200
15.11	12/10/2011 16:00	-0.30	834.2	57600	1323532800
15.11	12/10/2011 17:00	-0.80	892.4	61200	1323536400
15.11	12/10/2011 18:00	-2.00	940.9	64800	1323540000
15.11	12/10/2011 20:00	-2.40	824.5	72000	1323547200
15.11	12/10/2011 21:00	-3.40	58.2	75600	1323550800
15.11	12/10/2011 22:00	-3.50	727.5	79200	1323554400
15.11	12/10/2011 23:00	-3.10	58.2	82800	1323558000
15.11	12/11/2011 0:00	-3.10	58.2	0	1323561600
15.11	12/11/2011 1:00	-3.30	58.2	3600	1323565200
15.11	12/11/2011 2:00	-3.30	58.2	7200	1323568800
15.11	12/11/2011 3:00	-3.60	58.2	10800	1323572400
15.11	12/11/2011 4:00	-5.40	58.2	14400	1323576000
15.11	12/11/2011 5:00	-5.40	58.2	18000	1323579600
15.11	12/11/2011 6:00	-5.80	58.2	21600	1323583200
15.11	12/11/2011 7:00	-4.90	58.2	25200	1323586800
15.11	12/11/2011 8:00	-2.00	58.2	28800	1323590400
15.11	12/11/2011 9:00	-0.60	58.2	32400	1323594000
15.11	12/11/2011 10:00	-0.50	417.1	36000	1323597600
15.11	12/11/2011 11:00	-0.30	58.2	39600	1323601200
15.11	12/11/2011 12:00	-0.40	58.2	43200	1323604800
15.11	12/11/2011 13:00	-0.10	1057.3	46800	1323608400
15.11	12/11/2011 14:00	0.10	475.3	50400	1323612000
15.11	12/11/2011 15:00	-0.10	902.1	54000	1323615600
15.11	12/11/2011 16:00	-0.90	824.5	57600	1323619200
15.11	12/11/2011 17:00	-1.50	640.2	61200	1323622800
15.11	12/11/2011 18:00	-2.10	669.3	64800	1323626400
15.11	12/11/2011 19:00	-2.90	640.2	68400	1323630000
15.11	12/11/2011 20:00	-3.60	446.2	72000	1323633600
15.11	12/11/2011 21:00	-3.60	426.8	75600	1323637200
15.11	12/11/2011 22:00	-4.00	397.7	79200	1323640800
15.11	12/11/2011 23:00	-4.00	397.7	82800	1323644400
15.11	12/12/2011 0:00	-4.30	58.2	0	1323648000
15.11	12/12/2011 1:00	-5.10	58.2	3600	1323651600
15.11	12/12/2011 2:00	-5.10	388	7200	1323655200
15.11	12/12/2011 3:00	-5.10	494.7	10800	1323658800
15.11	12/12/2011 4:00	-5.60	58.2	14400	1323662400
15.11	12/12/2011 5:00	-5.10	58.2	18000	1323666000
15.11	12/12/2011 6:00	-5.60	58.2	21600	1323669600
15.11	12/12/2011 7:00	-5.10	58.2	25200	1323673200
15.11	12/12/2011 8:00	-2.00	58.2	28800	1323676800
15.11	12/12/2011 9:00	-0.30	58.2	32400	1323680400
15.11	12/12/2011 10:00	1.70	58.2	36000	1323684000
15.11	12/12/2011 11:00	1.20	58.2	39600	1323687600
15.11	12/12/2011 12:00	1.90	58.2	43200	1323691200
15.11	12/12/2011 13:00	2.80	58.2	46800	1323694800
15.11	12/12/2011 14:00	3.30	426.8	50400	1323698400
15.11	12/12/2011 15:00	2.70	58.2	54000	1323702000
15.11	12/12/2011 16:00	1.50	58.2	57600	1323705600
15.11	12/12/2011 17:00	0.30	58.2	61200	1323709200
15.11	12/12/2011 18:00	-0.50	58.2	64800	1323712800
15.11	12/12/2011 19:00	-0.30	785.7	68400	1323716400
15.11	12/12/2011 20:00	-1.50	58.2	72000	1323720000
15.11	12/12/2011 21:00	-1.50	58.2	75600	1323723600
15.11	12/12/2011 22:00	-1.90	58.2	79200	1323727200
15.11	12/12/2011 23:00	-2.20	58.2	82800	1323730800
15.11	12/13/2011 0:00	-2.40	58.2	0	1323734400
15.11	12/13/2011 1:00	-2.70	58.2	3600	1323738000
15.11	12/13/2011 2:00	-3.30	58.2	7200	1323741600
15.11	12/13/2011 3:00	-4.20	58.2	10800	1323745200
15.11	12/13/2011 4:00	-4.80	58.2	14400	1323748800
15.11	12/13/2011 5:00	-4.40	58.2	18000	1323752400
15.11	12/13/2011 6:00	-4.80	58.2	21600	1323756000
15.11	12/13/2011 7:00	-2.60	58.2	25200	1323759600
15.11	12/13/2011 8:00	0.50	58.2	28800	1323763200
15.11	12/13/2011 9:00	2.90	58.2	32400	1323766800
15.11	12/13/2011 10:00	3.40	58.2	36000	1323770400
15.11	12/13/2011 11:00	4.00	58.2	39600	1323774000
15.11	12/13/2011 12:00	3.60	58.2	43200	1323777600
15.11	12/13/2011 13:00	3.60	58.2	46800	1323781200
15.11	12/13/2011 14:00	4.30	58.2	50400	1323784800
15.11	12/13/2011 15:00	3.70	58.2	54000	1323788400
15.11	12/13/2011 16:00	2.20	58.2	57600	1323792000
15.11	12/13/2011 17:00	1.90	58.2	61200	1323795600
15.11	12/13/2011 18:00	0.90	58.2	64800	1323799200
15.11	12/13/2011 19:00	0.10	58.2	68400	1323802800
15.11	12/13/2011 20:00	0.30	746.9	72000	1323806400
15.11	12/13/2011 21:00	1.20	58.2	75600	1323810000
15.11	12/13/2011 22:00	0.00	407.4	79200	1323813600
15.11	12/13/2011 23:00	-0.70	417.1	82800	1323817200
15.11	12/14/2011 0:00	-0.80	436.5	0	1323820800
15.11	12/14/2011 1:00	0.10	417.1	3600	1323824400
15.11	12/14/2011 2:00	0.00	58.2	7200	1323828000
15.11	12/14/2011 3:00	-0.50	58.2	10800	1323831600
15.11	12/14/2011 4:00	-0.30	58.2	14400	1323835200
15.11	12/14/2011 5:00	0.70	58.2	18000	1323838800
15.11	12/14/2011 6:00	0.50	58.2	21600	1323842400
15.11	12/14/2011 7:00	1.70	58.2	25200	1323846000
15.11	12/14/2011 8:00	3.20	58.2	28800	1323849600
15.11	12/14/2011 9:00	4.60	58.2	32400	1323853200
15.11	12/14/2011 10:00	5.10	58.2	36000	1323856800
15.11	12/14/2011 11:00	5.60	58.2	39600	1323860400
15.11	12/14/2011 12:00	6.10	58.2	43200	1323864000
15.11	12/14/2011 13:00	6.10	620.8	46800	1323867600
15.11	12/14/2011 14:00	5.80	58.2	50400	1323871200
15.11	12/14/2011 15:00	5.50	58.2	54000	1323874800
15.11	12/14/2011 16:00	5.20	436.5	57600	1323878400
15.11	12/14/2011 17:00	5.20	601.4	61200	1323882000
15.11	12/14/2011 18:00	5.20	601.4	64800	1323885600
15.11	12/14/2011 19:00	5.20	58.2	68400	1323889200
15.11	12/14/2011 20:00	4.90	58.2	72000	1323892800
15.11	12/14/2011 21:00	5.10	58.2	75600	1323896400
15.11	12/14/2011 22:00	5.40	58.2	79200	1323900000
15.11	12/14/2011 23:00	4.90	58.2	82800	1323903600
15.11	12/15/2011 0:00	4.40	58.2	0	1323907200
15.11	12/15/2011 1:00	4.10	58.2	3600	1323910800
15.11	12/15/2011 2:00	4.30	58.2	7200	1323914400
15.11	12/15/2011 3:00	5.30	58.2	10800	1323918000
15.11	12/15/2011 4:00	5.50	58.2	14400	1323921600
15.11	12/15/2011 5:00	5.50	58.2	18000	1323925200
15.11	12/15/2011 6:00	5.00	58.2	21600	1323928800
15.11	12/15/2011 7:00	5.10	58.2	25200	1323932400
15.11	12/15/2011 8:00	6.10	58.2	28800	1323936000
15.11	12/15/2011 9:00	7.70	58.2	32400	1323939600
15.11	12/15/2011 10:00	9.00	58.2	36000	1323943200
15.11	12/15/2011 11:00	10.00	58.2	39600	1323946800
15.11	12/15/2011 12:00	11.00	58.2	43200	1323950400
15.11	12/15/2011 13:00	11.20	58.2	46800	1323954000
15.11	12/15/2011 14:00	11.70	58.2	50400	1323957600
15.11	12/15/2011 15:00	11.70	58.2	54000	1323961200
15.11	12/15/2011 16:00	12.00	58.2	57600	1323964800
15.11	12/15/2011 17:00	12.50	58.2	61200	1323968400
15.11	12/15/2011 18:00	12.50	58.2	64800	1323972000
15.11	12/15/2011 19:00	12.50	58.2	68400	1323975600
15.11	12/15/2011 20:00	12.70	58.2	72000	1323979200
15.11	12/15/2011 21:00	12.50	58.2	75600	1323982800
15.11	12/15/2011 22:00	12.50	58.2	79200	1323986400
15.11	12/15/2011 23:00	12.50	58.2	82800	1323990000
15.11	12/16/2011 0:00	12.30	58.2	0	1323993600
15.11	12/16/2011 1:00	11.80	58.2	3600	1323997200
15.11	12/16/2011 2:00	11.80	58.2	7200	1324000800
15.11	12/16/2011 3:00	9.30	58.2	10800	1324004400
15.11	12/16/2011 4:00	7.90	58.2	14400	1324008000
15.11	12/16/2011 5:00	5.30	58.2	18000	1324011600
15.11	12/16/2011 6:00	4.40	58.2	21600	1324015200
15.11	12/16/2011 7:00	3.60	58.2	25200	1324018800
15.11	12/16/2011 8:00	3.80	58.2	28800	1324022400
15.11	12/16/2011 9:00	3.90	58.2	32400	1324026000
15.11	12/16/2011 10:00	3.10	58.2	36000	1324029600
15.11	12/16/2011 11:00	2.50	58.2	39600	1324033200
15.11	12/16/2011 12:00	2.60	58.2	43200	1324036800
15.11	12/16/2011 13:00	2.60	58.2	46800	1324040400
15.11	12/16/2011 14:00	2.50	58.2	50400	1324044000
15.11	12/16/2011 15:00	2.20	58.2	54000	1324047600
15.11	12/16/2011 16:00	2.00	58.2	57600	1324051200
15.11	12/16/2011 17:00	2.00	58.2	61200	1324054800
15.11	12/16/2011 18:00	2.20	58.2	64800	1324058400
15.11	12/16/2011 19:00	2.00	58.2	68400	1324062000
15.11	12/16/2011 20:00	1.90	58.2	72000	1324065600
15.11	12/16/2011 21:00	2.00	58.2	75600	1324069200
15.11	12/16/2011 22:00	1.60	58.2	79200	1324072800
15.11	12/16/2011 23:00	1.70	58.2	82800	1324076400
15.11	12/17/2011 0:00	1.40	58.2	0	1324080000
15.11	12/17/2011 1:00	1.40	58.2	3600	1324083600
15.11	12/17/2011 2:00	0.60	58.2	7200	1324087200
15.11	12/17/2011 3:00	0.10	58.2	10800	1324090800
15.11	12/17/2011 4:00	-0.30	58.2	14400	1324094400
15.11	12/17/2011 5:00	0.00	58.2	18000	1324098000
15.11	12/17/2011 6:00	0.10	58.2	21600	1324101600
15.11	12/17/2011 7:00	0.10	58.2	25200	1324105200
15.11	12/17/2011 8:00	0.40	58.2	28800	1324108800
15.11	12/17/2011 9:00	0.90	58.2	32400	1324112400
15.11	12/17/2011 10:00	0.70	58.2	36000	1324116000
15.11	12/17/2011 11:00	0.70	58.2	39600	1324119600
15.11	12/17/2011 12:00	1.20	58.2	43200	1324123200
15.11	12/17/2011 13:00	1.50	58.2	46800	1324126800
15.11	12/17/2011 14:00	1.00	58.2	50400	1324130400
15.11	12/17/2011 15:00	0.70	58.2	54000	1324134000
15.11	12/17/2011 16:00	0.70	58.2	57600	1324137600
15.11	12/17/2011 18:00	0.10	58.2	64800	1324144800
15.11	12/17/2011 19:00	-0.10	58.2	68400	1324148400
15.11	12/17/2011 20:00	-0.80	58.2	72000	1324152000
15.11	12/17/2011 21:00	-1.30	58.2	75600	1324155600
15.11	12/17/2011 22:00	-1.90	58.2	79200	1324159200
15.11	12/17/2011 23:00	-1.30	58.2	82800	1324162800
15.11	12/18/2011 0:00	-1.90	58.2	0	1324166400
15.11	12/18/2011 1:00	-1.00	58.2	3600	1324170000
15.11	12/18/2011 2:00	-1.20	58.2	7200	1324173600
15.11	12/18/2011 3:00	-1.30	58.2	10800	1324177200
15.11	12/18/2011 4:00	-1.30	58.2	14400	1324180800
15.11	12/18/2011 5:00	-2.40	58.2	18000	1324184400
15.11	12/18/2011 6:00	-2.40	58.2	21600	1324188000
15.11	12/18/2011 7:00	-1.30	58.2	25200	1324191600
15.11	12/18/2011 8:00	-0.80	58.2	28800	1324195200
15.11	12/18/2011 9:00	0.40	58.2	32400	1324198800
15.11	12/18/2011 10:00	0.10	58.2	36000	1324202400
15.11	12/18/2011 11:00	0.60	58.2	39600	1324206000
15.11	12/18/2011 12:00	1.70	58.2	43200	1324209600
15.11	12/18/2011 13:00	0.60	58.2	46800	1324213200
15.11	12/18/2011 14:00	1.20	58.2	50400	1324216800
15.11	12/18/2011 15:00	0.60	58.2	54000	1324220400
15.11	12/18/2011 16:00	0.00	58.2	57600	1324224000
15.11	12/18/2011 17:00	-1.40	58.2	61200	1324227600
15.11	12/18/2011 18:00	-1.70	58.2	64800	1324231200
15.11	12/18/2011 19:00	-2.00	58.2	68400	1324234800
15.11	12/18/2011 20:00	-2.80	58.2	72000	1324238400
15.11	12/18/2011 21:00	-2.80	58.2	75600	1324242000
15.11	12/18/2011 22:00	-3.50	58.2	79200	1324245600
15.11	12/18/2011 23:00	-3.50	58.2	82800	1324249200
15.11	12/19/2011 0:00	-3.50	58.2	0	1324252800
15.11	12/19/2011 1:00	-4.40	58.2	3600	1324256400
15.11	12/19/2011 2:00	-4.00	58.2	7200	1324260000
15.11	12/19/2011 3:00	-4.60	58.2	10800	1324263600
15.11	12/19/2011 4:00	-3.50	58.2	14400	1324267200
15.11	12/19/2011 5:00	-4.00	58.2	18000	1324270800
15.11	12/19/2011 6:00	-3.10	58.2	21600	1324274400
15.11	12/19/2011 7:00	-2.60	58.2	25200	1324278000
15.11	12/19/2011 8:00	-0.80	58.2	28800	1324281600
15.11	12/19/2011 9:00	0.60	58.2	32400	1324285200
15.11	12/19/2011 10:00	1.90	58.2	36000	1324288800
15.11	12/19/2011 11:00	3.20	58.2	39600	1324292400
15.11	12/19/2011 12:00	3.60	58.2	43200	1324296000
15.11	12/19/2011 13:00	4.20	58.2	46800	1324299600
15.11	12/19/2011 14:00	4.10	58.2	50400	1324303200
15.11	12/19/2011 15:00	4.50	58.2	54000	1324306800
15.11	12/19/2011 16:00	4.40	58.2	57600	1324310400
15.11	12/19/2011 17:00	4.50	58.2	61200	1324314000
15.11	12/19/2011 18:00	4.20	58.2	64800	1324317600
15.11	12/19/2011 19:00	4.50	58.2	68400	1324321200
15.11	12/19/2011 20:00	4.80	58.2	72000	1324324800
15.11	12/19/2011 21:00	5.00	58.2	75600	1324328400
15.11	12/19/2011 22:00	5.20	58.2	79200	1324332000
15.11	12/19/2011 23:00	5.20	58.2	82800	1324335600
15.11	12/20/2011 0:00	4.90	58.2	0	1324339200
15.11	12/20/2011 1:00	5.10	58.2	3600	1324342800
15.11	12/20/2011 2:00	5.30	58.2	7200	1324346400
15.11	12/20/2011 3:00	5.30	58.2	10800	1324350000
15.11	12/20/2011 4:00	5.70	58.2	14400	1324353600
15.11	12/20/2011 5:00	6.40	58.2	18000	1324357200
15.11	12/20/2011 6:00	6.70	58.2	21600	1324360800
15.11	12/20/2011 7:00	6.90	58.2	25200	1324364400
15.11	12/20/2011 8:00	7.30	58.2	28800	1324368000
15.11	12/20/2011 9:00	7.60	58.2	32400	1324371600
15.11	12/20/2011 10:00	7.70	58.2	36000	1324375200
15.11	12/20/2011 11:00	7.70	58.2	39600	1324378800
15.11	12/20/2011 12:00	8.10	58.2	43200	1324382400
15.11	12/20/2011 13:00	8.20	58.2	46800	1324386000
15.11	12/20/2011 14:00	7.90	58.2	50400	1324389600
15.11	12/20/2011 15:00	7.70	931.2	54000	1324393200
15.11	12/20/2011 16:00	6.80	494.7	57600	1324396800
15.11	12/20/2011 17:00	5.70	640.2	61200	1324400400
15.11	12/20/2011 18:00	6.20	601.4	64800	1324404000
15.11	12/20/2011 19:00	6.40	591.7	68400	1324407600
15.11	12/20/2011 20:00	5.60	58.2	72000	1324411200
15.11	12/20/2011 21:00	6.10	58.2	75600	1324414800
15.11	12/20/2011 22:00	5.90	58.2	79200	1324418400
15.11	12/20/2011 23:00	5.90	58.2	82800	1324422000
15.11	12/21/2011 0:00	5.60	58.2	0	1324425600
15.11	12/21/2011 1:00	5.60	58.2	3600	1324429200
15.11	12/21/2011 2:00	6.10	58.2	7200	1324432800
15.11	12/21/2011 3:00	5.90	58.2	10800	1324436400
15.11	12/21/2011 4:00	6.40	58.2	14400	1324440000
15.11	12/21/2011 5:00	6.40	58.2	18000	1324443600
15.11	12/21/2011 6:00	6.10	58.2	21600	1324447200
15.11	12/21/2011 7:00	6.40	58.2	25200	1324450800
15.11	12/21/2011 8:00	7.80	58.2	28800	1324454400
15.11	12/21/2011 9:00	9.10	58.2	32400	1324458000
15.11	12/21/2011 10:00	10.20	58.2	36000	1324461600
15.11	12/21/2011 11:00	13.10	58.2	39600	1324465200
16.11	12/21/2011 12:00	13.70	58.2	43200	1324468800
16.11	12/21/2011 13:00	13.70	940.9	46800	1324472400
16.11	12/21/2011 14:00	14.00	58.2	50400	1324476000
17.11	12/21/2011 15:00	14.60	465.6	54000	1324479600
17.11	12/21/2011 16:00	14.90	58.2	57600	1324483200
17.11	12/21/2011 17:00	14.90	426.8	61200	1324486800
17.11	12/21/2011 18:00	15.60	58.2	64800	1324490400
17.11	12/21/2011 19:00	15.60	58.2	68400	1324494000
17.11	12/21/2011 20:00	15.60	58.2	72000	1324497600
17.11	12/21/2011 21:00	15.10	58.2	75600	1324501200
16.11	12/21/2011 22:00	14.60	58.2	79200	1324504800
15.11	12/21/2011 23:00	12.90	58.2	82800	1324508400
15.11	12/22/2011 0:00	11.90	58.2	0	1324512000
15.11	12/22/2011 1:00	10.80	58.2	3600	1324515600
15.11	12/22/2011 2:00	10.70	58.2	7200	1324519200
15.11	12/22/2011 3:00	8.80	58.2	10800	1324522800
15.11	12/22/2011 4:00	8.00	58.2	14400	1324526400
15.11	12/22/2011 5:00	7.50	58.2	18000	1324530000
15.11	12/22/2011 6:00	6.90	58.2	21600	1324533600
15.11	12/22/2011 7:00	6.10	58.2	25200	1324537200
15.11	12/22/2011 8:00	8.30	58.2	28800	1324540800
15.11	12/22/2011 9:00	9.70	58.2	32400	1324544400
15.11	12/22/2011 10:00	10.20	58.2	36000	1324548000
15.11	12/22/2011 11:00	11.00	58.2	39600	1324551600
15.11	12/22/2011 12:00	11.00	58.2	43200	1324555200
15.11	12/22/2011 13:00	11.00	989.4	46800	1324558800
15.11	12/22/2011 14:00	10.70	582	50400	1324562400
15.11	12/22/2011 15:00	10.50	873	54000	1324566000
15.11	12/22/2011 16:00	9.40	601.4	57600	1324569600
15.11	12/22/2011 17:00	8.40	523.8	61200	1324573200
15.11	12/22/2011 18:00	8.60	630.5	64800	1324576800
15.11	12/22/2011 19:00	8.90	601.4	68400	1324580400
15.11	12/22/2011 20:00	9.40	446.2	72000	1324584000
15.11	12/22/2011 21:00	8.80	58.2	75600	1324587600
15.11	12/22/2011 22:00	9.10	417.1	79200	1324591200
15.11	12/22/2011 23:00	9.10	58.2	82800	1324594800
15.11	12/23/2011 0:00	9.10	58.2	0	1324598400
15.11	12/23/2011 1:00	9.10	58.2	3600	1324602000
15.11	12/23/2011 2:00	9.10	58.2	7200	1324605600
15.11	12/23/2011 3:00	9.10	58.2	10800	1324609200
15.11	12/23/2011 4:00	8.60	58.2	14400	1324612800
15.11	12/23/2011 5:00	8.30	58.2	18000	1324616400
15.11	12/23/2011 6:00	8.60	58.2	21600	1324620000
15.11	12/23/2011 7:00	8.30	58.2	25200	1324623600
15.11	12/23/2011 8:00	8.10	58.2	28800	1324627200
15.11	12/23/2011 9:00	8.10	58.2	32400	1324630800
15.11	12/23/2011 10:00	7.70	58.2	36000	1324634400
15.11	12/23/2011 11:00	6.70	58.2	39600	1324638000
15.11	12/23/2011 12:00	6.20	58.2	43200	1324641600
15.11	12/23/2011 13:00	6.40	58.2	46800	1324645200
15.11	12/23/2011 14:00	5.60	58.2	50400	1324648800
15.11	12/23/2011 15:00	5.10	58.2	54000	1324652400
15.11	12/23/2011 16:00	4.20	58.2	57600	1324656000
15.11	12/23/2011 17:00	3.40	58.2	61200	1324659600
15.11	12/23/2011 18:00	2.70	58.2	64800	1324663200
15.11	12/23/2011 19:00	2.40	58.2	68400	1324666800
15.11	12/23/2011 20:00	1.40	58.2	72000	1324670400
15.11	12/23/2011 21:00	1.80	58.2	75600	1324674000
15.11	12/23/2011 22:00	3.00	58.2	79200	1324677600
15.11	12/23/2011 23:00	3.10	58.2	82800	1324681200
15.11	12/24/2011 0:00	2.90	58.2	0	1324684800
15.11	12/24/2011 1:00	2.30	58.2	3600	1324688400
15.11	12/24/2011 2:00	2.80	58.2	7200	1324692000
15.11	12/24/2011 3:00	2.70	58.2	10800	1324695600
15.11	12/24/2011 4:00	2.30	58.2	14400	1324699200
15.11	12/24/2011 5:00	2.40	58.2	18000	1324702800
15.11	12/24/2011 6:00	2.40	58.2	21600	1324706400
15.11	12/24/2011 7:00	1.70	58.2	25200	1324710000
15.11	12/24/2011 8:00	3.10	58.2	28800	1324713600
15.11	12/24/2011 9:00	1.40	58.2	32400	1324717200
15.11	12/24/2011 10:00	1.40	58.2	36000	1324720800
15.11	12/24/2011 11:00	2.00	58.2	39600	1324724400
15.11	12/24/2011 12:00	1.60	58.2	43200	1324728000
15.11	12/24/2011 13:00	1.90	58.2	46800	1324731600
15.11	12/24/2011 14:00	1.70	58.2	50400	1324735200
15.11	12/24/2011 15:00	1.60	58.2	54000	1324738800
15.11	12/24/2011 16:00	0.60	58.2	57600	1324742400
15.11	12/24/2011 17:00	-0.30	58.2	61200	1324746000
15.11	12/24/2011 18:00	-1.00	58.2	64800	1324749600
15.11	12/24/2011 19:00	-1.20	58.2	68400	1324753200
15.11	12/24/2011 20:00	-1.20	58.2	72000	1324756800
15.11	12/24/2011 21:00	-2.20	58.2	75600	1324760400
15.11	12/24/2011 22:00	-2.00	58.2	79200	1324764000
15.11	12/24/2011 23:00	-3.10	58.2	82800	1324767600
15.11	12/25/2011 0:00	-2.80	58.2	0	1324771200
15.11	12/25/2011 1:00	-2.90	58.2	3600	1324774800
15.11	12/25/2011 2:00	-2.90	58.2	7200	1324778400
15.11	12/25/2011 3:00	-3.30	58.2	10800	1324782000
15.11	12/25/2011 4:00	-3.70	58.2	14400	1324785600
15.11	12/25/2011 5:00	-3.50	58.2	18000	1324789200
15.11	12/25/2011 6:00	-3.80	58.2	21600	1324792800
15.11	12/25/2011 7:00	-3.50	58.2	25200	1324796400
15.11	12/25/2011 8:00	0.00	58.2	28800	1324800000
15.11	12/25/2011 9:00	1.90	58.2	32400	1324803600
15.11	12/25/2011 10:00	2.80	58.2	36000	1324807200
15.11	12/25/2011 11:00	3.40	58.2	39600	1324810800
15.11	12/25/2011 12:00	4.00	58.2	43200	1324814400
15.11	12/25/2011 13:00	4.60	58.2	46800	1324818000
15.11	12/25/2011 14:00	4.50	58.2	50400	1324821600
15.11	12/25/2011 15:00	4.30	58.2	54000	1324825200
15.11	12/25/2011 16:00	3.50	58.2	57600	1324828800
15.11	12/25/2011 17:00	2.30	58.2	61200	1324832400
15.11	12/25/2011 18:00	1.50	58.2	64800	1324836000
15.11	12/25/2011 19:00	0.30	58.2	68400	1324839600
15.11	12/25/2011 20:00	-0.80	58.2	72000	1324843200
15.11	12/25/2011 21:00	-0.60	58.2	75600	1324846800
15.11	12/25/2011 22:00	1.30	58.2	79200	1324850400
15.11	12/25/2011 23:00	1.50	58.2	82800	1324854000
15.11	12/26/2011 0:00	1.10	58.2	0	1324857600
15.11	12/26/2011 1:00	2.80	58.2	3600	1324861200
15.11	12/26/2011 2:00	3.50	58.2	7200	1324864800
15.11	12/26/2011 3:00	3.00	58.2	10800	1324868400
15.11	12/26/2011 4:00	2.50	58.2	14400	1324872000
15.11	12/26/2011 5:00	1.50	58.2	18000	1324875600
15.11	12/26/2011 6:00	0.90	58.2	21600	1324879200
15.11	12/26/2011 7:00	1.20	58.2	25200	1324882800
15.11	12/26/2011 8:00	2.90	58.2	28800	1324886400
15.11	12/26/2011 9:00	3.60	58.2	32400	1324890000
15.11	12/26/2011 10:00	3.30	58.2	36000	1324893600
15.11	12/26/2011 11:00	3.60	58.2	39600	1324897200
15.11	12/26/2011 12:00	3.40	58.2	43200	1324900800
15.11	12/26/2011 13:00	4.20	58.2	46800	1324904400
15.11	12/26/2011 14:00	4.20	58.2	50400	1324908000
15.11	12/26/2011 15:00	3.60	58.2	54000	1324911600
15.11	12/26/2011 16:00	2.40	58.2	57600	1324915200
15.11	12/26/2011 17:00	1.40	58.2	61200	1324918800
15.11	12/26/2011 18:00	-0.10	58.2	64800	1324922400
15.11	12/26/2011 19:00	-0.10	58.2	68400	1324926000
15.11	12/26/2011 20:00	-1.30	58.2	72000	1324929600
15.11	12/26/2011 21:00	-1.20	58.2	75600	1324933200
15.11	12/26/2011 22:00	-1.50	58.2	79200	1324936800
15.11	12/26/2011 23:00	-2.00	58.2	82800	1324940400
15.11	12/27/2011 0:00	-1.00	58.2	0	1324944000
15.11	12/27/2011 1:00	0.50	58.2	3600	1324947600
15.11	12/27/2011 2:00	2.00	58.2	7200	1324951200
15.11	12/27/2011 3:00	2.30	58.2	10800	1324954800
15.11	12/27/2011 4:00	2.60	58.2	14400	1324958400
15.11	12/27/2011 5:00	2.60	58.2	18000	1324962000
15.11	12/27/2011 6:00	2.40	58.2	21600	1324965600
15.11	12/27/2011 7:00	2.40	58.2	25200	1324969200
15.11	12/27/2011 8:00	3.00	58.2	28800	1324972800
15.11	12/27/2011 9:00	3.20	58.2	32400	1324976400
15.11	12/27/2011 10:00	4.10	58.2	36000	1324980000
15.11	12/27/2011 11:00	5.10	58.2	39600	1324983600
15.11	12/27/2011 12:00	5.30	58.2	43200	1324987200
15.11	12/27/2011 13:00	5.30	58.2	46800	1324990800
15.11	12/27/2011 14:00	6.40	58.2	50400	1324994400
15.11	12/27/2011 15:00	11.60	58.2	54000	1324998000
15.11	12/27/2011 16:00	11.30	58.2	57600	1325001600
15.11	12/27/2011 17:00	11.30	58.2	61200	1325005200
15.11	12/27/2011 18:00	9.10	58.2	64800	1325008800
15.11	12/27/2011 19:00	7.50	58.2	68400	1325012400
15.11	12/27/2011 20:00	6.90	58.2	72000	1325016000
15.11	12/27/2011 21:00	6.10	58.2	75600	1325019600
15.11	12/27/2011 22:00	6.40	58.2	79200	1325023200
15.11	12/27/2011 23:00	6.10	58.2	82800	1325026800
15.11	12/28/2011 0:00	5.10	58.2	0	1325030400
15.11	12/28/2011 1:00	3.50	58.2	3600	1325034000
15.11	12/28/2011 2:00	2.90	58.2	7200	1325037600
15.11	12/28/2011 3:00	2.30	58.2	10800	1325041200
15.11	12/28/2011 4:00	2.30	58.2	14400	1325044800
15.11	12/28/2011 5:00	3.20	58.2	18000	1325048400
15.11	12/28/2011 6:00	2.70	58.2	21600	1325052000
15.11	12/28/2011 7:00	2.70	58.2	25200	1325055600
15.11	12/28/2011 8:00	3.60	58.2	28800	1325059200
15.11	12/28/2011 9:00	3.30	58.2	32400	1325062800
15.11	12/28/2011 10:00	2.80	58.2	36000	1325066400
15.11	12/28/2011 11:00	3.00	58.2	39600	1325070000
15.11	12/28/2011 12:00	2.40	58.2	43200	1325073600
15.11	12/28/2011 13:00	1.70	58.2	46800	1325077200
15.11	12/28/2011 14:00	1.00	58.2	50400	1325080800
15.11	12/28/2011 15:00	0.10	58.2	54000	1325084400
15.11	12/28/2011 16:00	-0.60	58.2	57600	1325088000
15.11	12/28/2011 17:00	-1.60	58.2	61200	1325091600
15.11	12/28/2011 18:00	-2.30	58.2	64800	1325095200
15.11	12/28/2011 19:00	-2.30	58.2	68400	1325098800
15.11	12/28/2011 20:00	-2.50	58.2	72000	1325102400
15.11	12/28/2011 21:00	-2.50	58.2	75600	1325106000
15.11	12/28/2011 22:00	-2.80	58.2	79200	1325109600
15.11	12/28/2011 23:00	-3.20	58.2	82800	1325113200
15.11	12/29/2011 0:00	-3.20	58.2	0	1325116800
15.11	12/29/2011 1:00	-4.00	58.2	3600	1325120400
15.11	12/29/2011 2:00	-3.40	58.2	7200	1325124000
15.11	12/29/2011 3:00	-4.00	58.2	10800	1325127600
15.11	12/29/2011 4:00	-4.50	58.2	14400	1325131200
15.11	12/29/2011 5:00	-5.10	58.2	18000	1325134800
15.11	12/29/2011 6:00	-4.70	58.2	21600	1325138400
15.11	12/29/2011 7:00	-3.80	58.2	25200	1325142000
15.11	12/29/2011 8:00	-2.20	58.2	28800	1325145600
15.11	12/29/2011 9:00	-0.80	58.2	32400	1325149200
15.11	12/29/2011 10:00	-0.20	58.2	36000	1325152800
15.11	12/29/2011 11:00	0.20	58.2	39600	1325156400
15.11	12/29/2011 12:00	0.40	58.2	43200	1325160000
15.11	12/29/2011 13:00	1.00	58.2	46800	1325163600
15.11	12/29/2011 14:00	1.40	58.2	50400	1325167200
15.11	12/29/2011 15:00	1.80	58.2	54000	1325170800
15.11	12/29/2011 16:00	0.60	58.2	57600	1325174400
15.11	12/29/2011 17:00	0.30	58.2	61200	1325178000
15.11	12/29/2011 18:00	-0.60	58.2	64800	1325181600
15.11	12/29/2011 19:00	-0.60	58.2	68400	1325185200
15.11	12/29/2011 20:00	-0.60	58.2	72000	1325188800
15.11	12/29/2011 21:00	-0.80	58.2	75600	1325192400
15.11	12/29/2011 22:00	-0.20	58.2	79200	1325196000
15.11	12/29/2011 23:00	0.70	58.2	82800	1325199600
15.11	12/30/2011 0:00	-0.20	426.8	0	1325203200
15.11	12/30/2011 1:00	-1.70	756.6	3600	1325206800
15.11	12/30/2011 2:00	-1.70	814.8	7200	1325210400
15.11	12/30/2011 3:00	-2.60	843.9	10800	1325214000
15.11	12/30/2011 4:00	-2.20	863.3	14400	1325217600
15.11	12/30/2011 5:00	-2.80	921.5	18000	1325221200
15.11	12/30/2011 6:00	-1.70	911.8	21600	1325224800
15.11	12/30/2011 7:00	-1.10	950.6	25200	1325228400
15.11	12/30/2011 8:00	1.60	737.2	28800	1325232000
15.11	12/30/2011 9:00	3.60	708.1	32400	1325235600
15.11	12/30/2011 10:00	4.70	485	36000	1325239200
15.11	12/30/2011 11:00	5.40	465.6	39600	1325242800
15.11	12/30/2011 12:00	6.40	417.1	43200	1325246400
15.11	12/30/2011 13:00	6.40	417.1	46800	1325250000
15.11	12/30/2011 14:00	6.40	426.8	50400	1325253600
15.11	12/30/2011 15:00	6.00	426.8	54000	1325257200
15.11	12/30/2011 16:00	4.40	475.3	57600	1325260800
15.11	12/30/2011 17:00	4.30	659.6	61200	1325264400
15.11	12/30/2011 18:00	4.20	737.2	64800	1325268000
15.11	12/30/2011 19:00	3.50	698.4	68400	1325271600
15.11	12/30/2011 20:00	3.80	1037.9	72000	1325275200
15.11	12/30/2011 21:00	4.00	911.8	75600	1325278800
15.11	12/30/2011 22:00	4.30	970	79200	1325282400
15.11	12/30/2011 23:00	4.80	649.9	82800	1325286000
15.11	12/31/2011 0:00	5.10	58.2	0	1325289600
15.11	12/31/2011 1:00	6.20	58.2	3600	1325293200
15.11	12/31/2011 2:00	7.90	58.2	7200	1325296800
15.11	12/31/2011 3:00	7.60	58.2	10800	1325300400
15.11	12/31/2011 4:00	5.70	58.2	14400	1325304000
15.11	12/31/2011 5:00	5.10	58.2	18000	1325307600
15.11	12/31/2011 6:00	5.60	58.2	21600	1325311200
15.11	12/31/2011 7:00	5.30	58.2	25200	1325314800
15.11	12/31/2011 8:00	8.30	58.2	28800	1325318400
15.11	12/31/2011 9:00	9.40	58.2	32400	1325322000
15.11	12/31/2011 10:00	9.70	58.2	36000	1325325600
15.11	12/31/2011 11:00	10.00	58.2	39600	1325329200
15.11	12/31/2011 12:00	9.00	58.2	43200	1325332800
15.11	12/31/2011 13:00	8.20	58.2	46800	1325336400
15.11	12/31/2011 14:00	8.00	58.2	50400	1325340000
15.11	12/31/2011 15:00	7.70	58.2	54000	1325343600
15.11	12/31/2011 16:00	7.40	58.2	57600	1325347200
15.11	12/31/2011 18:00	6.90	58.2	64800	1325354400
15.11	12/31/2011 19:00	7.40	58.2	68400	1325358000
15.11	12/31/2011 20:00	7.10	58.2	72000	1325361600
15.11	12/31/2011 21:00	6.30	58.2	75600	1325365200
15.11	12/31/2011 22:00	5.20	58.2	79200	1325368800
15.11	12/31/2011 23:00	4.70	58.2	82800	1325372400