	Twet	Load	Tset
0	2.8	54.0	15.11
1	3.0	55.0	15.11
2	2.7	55.0	15.11
3	2.2	54.0	15.11
4	2.2	55.0	15.11
5	1.8	55.0	15.11
6	1.8	54.0	15.11
7	3.4	54.0	15.11
8	4.2	54.0	15.11
9	4.8	54.0	15.11
10	5.7	54.0	15.11
11	6.3	55.0	15.11
12	7.1	55.0	15.11
13	7.6	55.0	15.11
14	7.4	55.0	15.11
15	6.2	55.0	15.11
16	6.2	56.0	15.11
17	5.9	55.0	15.11
18	5.4	54.0	15.11
19	5.1	55.0	15.11
20	5.0	55.0	15.11
21	5.6	55.0	15.11
22	5.1	55.0	15.11
23	5.0	55.0	15.11
24	5.0	55.0	15.11
25	4.2	55.0	15.11
26	3.4	55.0	15.11
27	3.4	55.0	15.11
28	3.1	53.0	15.11
29	2.8	54.0	15.11
30	2.8	53.0	15.11
31	3.9	55.0	15.11
32	5.0	54.0	15.11
33	5.6	54.0	15.11
34	6.7	53.0	15.11
35	8.1	54.0	15.11
36	9.4	54.0	15.11
37	9.9	53.0	15.11
38	9.9	53.0	15.11
39	8.9	54.0	15.11
40	10.5	55.0	15.11
41	9.7	54.0	15.11
42	10.2	53.0	15.11
43	10.7	55.0	15.11
44	10.7	54.0	15.11
45	10.5	54.0	15.11
46	10.5	54.0	15.11
47	9.7	54.0	15.11
48	10.2	53.0	15.11
49	8.8	776.0	15.11
50	8.6	54.0	15.11
51	7.2	55.0	15.11
52	8.6	661.0	15.11
53	7.5	53.0	15.11
54	8.3	55.0	15.11
55	9.9	54.0	15.11
56	11.0	54.0	15.11
57	12.6	876.0	15.11
58	13.5	54.0	15.11
59	14.9	866.0	17.11
60	15.1	787.0	18.11
61	15.7	797.0	19.11
62	14.9	765.0	18.11
63	13.0	724.0	16.11
64	12.5	686.0	16.11
65	12.8	54.0	15.11
66	11.8	55.0	17.11
67	11.5	55.0	21.11
68	10.7	54.0	15.11
69	10.5	54.0	15.11
70	11.0	795.0	15.11
71	10.7	54.0	15.11
72	11.0	55.0	15.11
73	10.2	54.0	15.11
74	10.2	589.0	15.11
75	11.6	637.0	15.11
76	8.8	678.0	15.11
77	10.8	655.0	15.11
78	12.1	53.0	23.11
79	12.3	54.0	15.11
80	12.6	54.0	15.11
81	12.8	1350.0	16.11
82	13.8	55.0	16.11
83	14.3	37.0	16.11
84	14.7	852.0	17.11
85	14.4	898.0	17.11
86	14.1	887.0	17.11
87	12.5	55.0	15.11
88	12.2	1468.0	15.11
89	12.0	55.0	24.11
90	12.2	54.0	15.11
91	12.0	54.0	15.11
92	12.0	55.0	24.11
93	11.7	55.0	23.11
94	12.0	218.0	15.11
95	12.2	55.0	15.11
96	11.0	54.0	15.11
97	11.7	55.0	23.11
98	11.5	656.0	15.11
99	11.7	54.0	20.11
100	10.2	54.0	15.11
101	9.7	54.0	15.11
102	9.2	55.0	15.11
103	8.3	55.0	15.11
104	7.9	55.0	15.11
105	7.5	580.0	15.11
106	7.3	54.0	15.11
107	8.0	54.0	15.11
108	7.9	54.0	15.11
109	7.8	1648.0	15.11
110	7.3	644.0	15.11
111	6.3	54.0	15.11
112	5.6	54.0	15.11
113	4.9	54.0	15.11
114	3.6	54.0	15.11
115	3.3	54.0	15.11
116	2.3	53.0	15.11
117	1.7	54.0	15.11
118	0.7	54.0	15.11
119	0.2	54.0	15.11
120	-0.2	54.0	15.11
121	-0.5	54.0	15.11
122	-0.5	53.0	15.11
123	-0.7	53.0	15.11
124	-1.0	53.0	15.11
125	-1.2	53.0	15.11
126	-0.8	52.0	15.11
127	-0.5	53.0	15.11
128	0.0	55.0	15.11
129	0.6	54.0	15.11
130	0.8	55.0	15.11
131	1.1	53.0	15.11
132	1.5	526.0	15.11
133	1.9	55.0	15.11
134	2.2	55.0	15.11
135	1.5	54.0	15.11
136	1.1	55.0	15.11
137	1.1	55.0	15.11
138	0.6	55.0	15.11
139	0.3	54.0	15.11
140	0.4	55.0	15.11
141	0.4	55.0	15.11
142	0.6	532.0	15.11
143	1.3	56.0	15.11
144	2.1	55.0	15.11
145	2.8	54.0	15.11
146	2.3	54.0	15.11
147	2.8	54.0	15.11
148	3.3	54.0	15.11
149	3.8	56.0	15.11
150	4.1	54.0	15.11
151	4.5	55.0	15.11
152	4.8	55.0	15.11
153	5.1	55.0	15.11
154	5.7	54.0	15.11
155	6.1	54.0	15.11
156	6.6	56.0	15.11
157	7.1	54.0	15.11
158	7.3	802.0	15.11
159	7.3	55.0	15.11
160	7.6	55.0	15.11
161	7.8	55.0	15.11
162	8.1	56.0	15.11
163	8.6	55.0	15.11
164	8.6	55.0	15.11
165	8.8	54.0	15.11
166	8.8	963.0	15.11
167	8.6	56.0	15.11
168	8.8	55.0	15.11
169	8.8	56.0	15.11
170	8.8	55.0	15.11
171	8.6	54.0	15.11
172	8.8	55.0	15.11
173	9.1	56.0	15.11
174	9.4	55.0	15.11
175	9.4	55.0	15.11
176	9.7	55.0	15.11
177	9.9	54.0	15.11
178	9.7	56.0	15.11
179	9.7	55.0	15.11
180	10.2	55.0	15.11
181	10.5	55.0	15.11
182	10.7	55.0	15.11
183	9.1	54.0	15.11
184	10.2	55.0	15.11
185	9.7	56.0	15.11
186	9.7	54.0	15.11
187	8.6	55.0	15.11
188	9.4	56.0	15.11
189	10.2	56.0	15.11
190	9.4	55.0	15.11
191	9.9	55.0	15.11
192	9.9	56.0	15.11
193	9.9	56.0	15.11
194	9.7	54.0	15.11
195	9.9	56.0	15.11
196	10.2	56.0	15.11
197	9.9	56.0	15.11
198	9.9	55.0	15.11
199	10.2	55.0	15.11
200	9.9	56.0	15.11
201	9.9	55.0	15.11
202	9.4	54.0	15.11
203	8.9	55.0	15.11
204	8.8	55.0	15.11
205	9.1	56.0	15.11
206	8.8	54.0	15.11
207	8.8	55.0	15.11
208	8.8	56.0	15.11
209	9.1	55.0	15.11
210	9.1	55.0	15.11
211	9.1	54.0	15.11
212	9.1	54.0	15.11
213	9.1	55.0	15.11
214	9.1	55.0	15.11
215	9.1	55.0	15.11
216	9.1	57.0	15.11
217	9.7	55.0	15.11
218	9.7	54.0	15.11
219	9.7	54.0	15.11
220	9.7	55.0	15.11
221	9.7	55.0	15.11
222	11.3	54.0	21.11
223	12.4	55.0	15.11
224	11.9	55.0	16.11
225	13.2	55.0	15.11
226	14.1	55.0	16.11
227	13.5	946.0	16.11
228	15.4	910.0	18.11
229	14.8	921.0	17.11
230	15.1	54.0	17.11
231	14.0	55.0	16.11
232	13.2	941.0	16.11
233	14.9	56.0	17.11
234	12.9	55.0	15.11
235	13.5	55.0	15.11
236	14.5	55.0	16.11
237	12.9	55.0	15.11
238	13.7	55.0	16.11
239	9.1	55.0	15.11
240	8.1	55.0	15.11
241	7.0	54.0	15.11
242	6.2	55.0	15.11
243	5.7	55.0	15.11
244	5.5	56.0	15.11
245	5.0	55.0	15.11
246	4.8	55.0	15.11
247	5.1	627.0	15.11
248	5.4	390.0	15.11
249	5.0	420.0	15.11
250	5.3	427.0	15.11
251	5.6	55.0	15.11
252	5.4	462.0	15.11
253	5.5	466.0	15.11
254	5.3	466.0	15.11
255	4.3	452.0	15.11
256	4.0	417.0	15.11
257	3.8	417.0	15.11
258	3.2	55.0	15.11
259	3.0	387.0	15.11
260	2.7	55.0	15.11
261	2.5	480.0	15.11
262	2.2	466.0	15.11
263	2.1	54.0	15.11
264	1.9	422.0	15.11
265	1.4	404.0	15.11
266	1.3	700.0	15.11
267	1.6	55.0	15.11
268	1.6	440.0	15.11
269	1.6	378.0	15.11
270	1.8	410.0	15.11
271	2.1	54.0	15.11
272	2.7	440.0	15.11
273	3.2	54.0	15.11
274	3.5	398.0	15.11
275	3.0	380.0	15.11
276	3.6	415.0	15.11
277	3.8	55.0	15.11
278	3.5	55.0	15.11
279	3.4	436.0	15.11
280	2.9	589.0	15.11
281	2.7	55.0	15.11
282	2.6	55.0	15.11
283	2.2	56.0	15.11
284	2.2	55.0	15.11
285	1.7	55.0	15.11
286	1.6	54.0	15.11
287	1.6	55.0	15.11
288	1.2	55.0	15.11
289	1.2	55.0	15.11
290	0.9	55.0	15.11
291	1.1	54.0	15.11
292	0.7	54.0	15.11
293	0.4	56.0	15.11
294	0.4	54.0	16.11
295	1.6	54.0	15.11
296	2.5	54.0	15.11
297	3.1	56.0	15.11
298	3.6	570.0	15.11
299	3.6	55.0	15.11
300	3.6	56.0	15.11
301	3.4	453.0	15.11
302	3.1	441.0	15.11
303	2.5	433.0	15.11
304	2.2	499.0	15.11
305	1.6	55.0	15.11
306	1.5	454.0	15.11
307	1.2	55.0	15.11
308	1.1	55.0	15.11
309	1.1	54.0	15.11
310	0.0	428.0	15.11
311	0.0	55.0	15.11
312	-0.1	54.0	15.11
313	-1.0	55.0	15.11
314	-0.8	54.0	15.11
315	-1.2	54.0	15.11
316	-1.7	53.0	15.11
317	-1.0	55.0	15.11
318	-0.7	55.0	15.11
319	1.4	53.0	15.11
320	2.5	54.0	15.11
321	4.0	54.0	15.11
322	4.6	54.0	15.11
323	5.1	55.0	15.11
324	5.7	450.0	15.11
325	5.9	462.0	15.11
326	6.0	448.0	15.11
327	4.7	461.0	15.11
328	4.6	442.0	15.11
329	4.5	430.0	15.11
330	4.1	381.0	15.11
331	3.8	54.0	15.11
332	3.3	55.0	15.11
333	3.1	54.0	15.11
334	3.4	524.0	15.11
335	2.8	55.0	15.11
336	3.0	56.0	15.11
337	1.9	57.0	15.11
338	2.2	55.0	15.11
339	2.6	55.0	15.11
340	1.7	53.0	15.11
341	1.4	54.0	15.11
342	2.6	54.0	15.11
343	2.6	54.0	15.11
344	4.1	55.0	15.11
345	4.9	55.0	15.11
346	5.6	54.0	15.11
347	6.0	55.0	15.11
348	6.3	55.0	15.11
349	6.7	55.0	15.11
350	6.4	396.0	15.11
351	6.3	493.0	15.11
352	6.2	494.0	15.11
353	6.2	55.0	15.11
354	5.7	508.0	15.11
355	5.6	55.0	15.11
356	5.9	54.0	15.11
357	5.6	415.0	15.11
358	5.9	55.0	15.11
359	6.3	373.0	15.11
360	6.7	55.0	15.11
361	6.9	477.0	15.11
362	6.9	54.0	15.11
363	6.9	55.0	15.11
364	6.9	55.0	15.11
365	7.2	549.0	15.11
366	7.2	395.0	15.11
367	7.8	56.0	15.11
368	7.8	55.0	15.11
369	8.0	451.0	15.11
370	8.3	424.0	15.11
371	8.1	55.0	15.11
372	8.1	426.0	15.11
373	8.3	54.0	15.11
374	8.3	445.0	15.11
375	8.3	443.0	15.11
376	8.6	55.0	15.11
377	8.6	402.0	15.11
378	8.6	383.0	15.11
379	8.6	414.0	15.11
380	8.6	55.0	15.11
381	9.1	55.0	15.11
382	9.1	377.0	15.11
383	9.1	616.0	15.11
384	9.4	422.0	15.11
385	8.8	463.0	15.11
386	9.1	450.0	15.11
387	9.1	437.0	15.11
388	8.8	430.0	15.11
389	8.8	435.0	15.11
390	9.1	435.0	15.11
391	9.7	475.0	15.11
392	9.1	440.0	15.11
393	9.7	445.0	15.11
394	9.9	465.0	15.11
395	9.7	467.0	15.11
396	10.2	485.0	15.11
397	10.7	494.0	15.11
398	10.5	509.0	15.11
399	10.5	505.0	15.11
400	10.2	493.0	15.11
401	10.7	500.0	15.11
402	11.3	464.0	15.11
403	11.3	55.0	26.11
404	11.3	415.0	15.11
405	11.6	410.0	15.11
406	11.0	476.0	15.11
407	12.1	418.0	15.11
408	11.8	415.0	15.11
409	11.8	447.0	15.11
410	10.5	484.0	15.11
411	9.1	440.0	15.11
412	8.8	429.0	15.11
413	8.3	415.0	15.11
414	9.4	419.0	15.11
415	9.9	845.0	15.11
416	11.2	532.0	15.11
417	11.2	600.0	15.11
418	10.5	55.0	15.11
419	9.6	1114.0	15.11
420	9.0	537.0	15.11
421	8.1	509.0	15.11
422	7.0	584.0	15.11
423	6.2	416.0	15.11
424	5.4	421.0	15.11
425	5.4	516.0	15.11
426	4.8	55.0	15.11
427	4.6	55.0	15.11
428	3.8	401.0	15.11
429	3.8	54.0	15.11
430	3.1	491.0	15.11
431	3.2	55.0	15.11
432	2.7	54.0	15.11
433	2.6	56.0	15.11
434	1.2	55.0	15.11
435	2.2	55.0	15.11
436	1.7	55.0	15.11
437	2.3	54.0	15.11
438	2.4	55.0	15.11
439	3.3	54.0	15.11
440	4.7	55.0	15.11
441	6.8	464.0	15.11
442	6.8	390.0	15.11
443	7.1	455.0	15.11
444	7.6	465.0	15.11
445	7.6	461.0	15.11
446	7.3	460.0	15.11
447	6.4	462.0	15.11
448	5.6	448.0	15.11
449	5.6	538.0	15.11
450	5.5	367.0	15.11
451	5.1	56.0	15.11
452	4.8	55.0	15.11
453	4.0	447.0	15.11
454	3.8	437.0	15.11
455	4.0	55.0	15.11
456	4.0	463.0	15.11
457	3.9	55.0	15.11
458	3.9	437.0	15.11
459	3.7	55.0	15.11
460	3.5	55.0	15.11
461	3.7	55.0	15.11
462	3.6	55.0	15.11
463	3.7	55.0	15.11
464	4.3	372.0	15.11
465	4.4	466.0	15.11
466	5.0	55.0	15.11
467	5.2	409.0	15.11
468	5.0	425.0	15.11
469	4.7	415.0	15.11
470	4.2	461.0	15.11
471	5.0	55.0	15.11
472	5.8	437.0	15.11
473	5.5	497.0	15.11
474	6.0	55.0	15.11
475	6.7	393.0	15.11
476	7.5	591.0	15.11
477	9.4	55.0	15.11
478	10.7	55.0	15.11
479	12.1	421.0	15.11
480	13.2	432.0	16.11
481	13.5	564.0	16.11
482	10.2	520.0	15.11
483	6.2	54.0	15.11
484	4.4	388.0	15.11
485	3.9	438.0	15.11
486	3.4	55.0	15.11
487	2.5	55.0	15.11
488	2.1	55.0	15.11
489	2.1	56.0	15.11
490	1.9	461.0	15.11
491	1.9	55.0	15.11
492	1.9	55.0	15.11
493	1.5	54.0	15.11
494	1.3	55.0	15.11
495	1.0	54.0	15.11
496	0.9	54.0	15.11
497	0.8	55.0	15.11
498	0.5	55.0	15.11
499	0.1	55.0	15.11
500	0.2	55.0	15.11
501	0.4	54.0	16.11
502	0.4	54.0	16.11
503	0.4	54.0	16.11
504	0.4	55.0	15.11
505	0.5	55.0	15.11
506	0.7	54.0	15.11
507	0.5	55.0	15.11
508	0.4	54.0	16.11
509	0.2	55.0	15.11
510	0.4	55.0	15.11
511	0.5	55.0	15.11
512	0.5	54.0	15.11
513	0.7	55.0	15.11
514	1.1	55.0	15.11
515	1.8	55.0	15.11
516	1.8	786.0	15.11
517	1.4	54.0	15.11
518	1.2	54.0	15.11
519	0.6	54.0	15.11
520	0.2	55.0	15.11
521	-0.3	55.0	15.11
522	-0.7	55.0	15.11
523	-1.0	55.0	15.11
524	-1.0	54.0	15.11
525	-1.3	55.0	15.11
526	-1.5	54.0	15.11
527	-1.5	54.0	15.11
528	-1.8	54.0	15.11
529	-2.0	54.0	15.11
530	-2.1	56.0	15.11
531	-2.3	54.0	15.11
532	-1.9	55.0	15.11
533	-2.6	54.0	15.11
534	-3.3	54.0	15.11
535	-1.7	54.0	15.11
536	0.0	54.0	15.11
537	0.1	54.0	15.11
538	1.2	54.0	15.11
539	2.0	54.0	15.11
540	2.3	390.0	15.11
541	2.5	54.0	15.11
542	2.6	55.0	15.11
543	2.7	430.0	15.11
544	1.5	55.0	15.11
545	1.2	55.0	15.11
546	2.0	55.0	15.11
547	1.0	54.0	15.11
548	0.6	55.0	15.11
549	0.2	54.0	15.11
550	-0.1	54.0	15.11
551	-0.1	55.0	15.11
552	-0.5	54.0	15.11
553	-0.5	55.0	15.11
554	-1.0	54.0	15.11
555	-1.2	55.0	15.11
556	-0.6	55.0	15.11
557	-0.7	54.0	15.11
558	-0.1	54.0	15.11
559	0.4	54.0	16.11
560	1.5	53.0	15.11
561	1.6	54.0	15.11
562	1.9	54.0	15.11
563	2.2	55.0	15.11
564	2.1	54.0	15.11
565	2.1	54.0	15.11
566	2.6	54.0	15.11
567	2.6	54.0	15.11
568	2.8	54.0	15.11
569	2.6	54.0	15.11
570	2.6	54.0	15.11
571	2.8	54.0	15.11
572	2.8	54.0	15.11
573	2.8	54.0	15.11
574	2.8	54.0	15.11
575	3.0	54.0	15.11
576	3.1	54.0	15.11
577	2.6	54.0	15.11
578	2.3	54.0	15.11
579	1.7	55.0	15.11
580	1.7	54.0	15.11
581	1.5	54.0	15.11
582	1.0	54.0	15.11
583	2.1	54.0	15.11
584	3.8	54.0	15.11
585	4.1	54.0	15.11
586	5.4	55.0	15.11
587	6.3	395.0	15.11
588	5.4	412.0	15.11
589	5.1	414.0	15.11
590	4.8	54.0	15.11
591	3.9	55.0	15.11
592	4.0	506.0	15.11
593	4.0	56.0	15.11
594	4.0	391.0	15.11
595	3.5	55.0	15.11
596	3.6	55.0	15.11
597	2.7	55.0	15.11
598	2.5	542.0	15.11
599	1.7	54.0	15.11
600	0.9	55.0	15.11
601	0.8	55.0	15.11
602	0.3	54.0	15.11
603	0.0	54.0	15.11
604	-0.1	53.0	15.11
605	-0.1	54.0	15.11
606	0.0	54.0	15.11
607	0.2	53.0	15.11
608	0.2	54.0	15.11
609	0.4	54.0	16.11
610	0.7	53.0	15.11
611	1.0	53.0	15.11
612	1.5	54.0	15.11
613	2.0	53.0	15.11
614	3.1	55.0	15.11
615	3.7	54.0	15.11
616	4.5	55.0	15.11
617	5.0	56.0	15.11
618	5.8	55.0	15.11
619	4.8	622.0	15.11
620	3.1	54.0	15.11
621	2.9	54.0	15.11
622	2.6	54.0	15.11
623	2.6	54.0	15.11
624	2.4	54.0	15.11
625	2.7	54.0	15.11
626	2.1	55.0	15.11
627	1.7	55.0	15.11
628	1.3	55.0	15.11
629	1.3	54.0	15.11
630	1.8	54.0	15.11
631	1.6	54.0	15.11
632	1.9	55.0	15.11
633	1.7	54.0	15.11
634	1.8	54.0	15.11
635	1.7	54.0	15.11
636	1.0	54.0	15.11
637	1.0	55.0	15.11
638	0.5	54.0	15.11
639	0.5	54.0	15.11
640	0.4	54.0	16.11
641	0.4	54.0	16.11
642	0.4	54.0	16.11
643	0.4	55.0	15.11
644	0.6	54.0	15.11
645	0.6	55.0	15.11
646	0.6	54.0	15.11
647	0.6	54.0	15.11
648	0.2	55.0	15.11
649	0.2	53.0	15.11
650	0.2	53.0	15.11
651	0.2	54.0	15.11
652	0.0	55.0	15.11
653	0.0	54.0	15.11
654	0.1	54.0	15.11
655	0.6	54.0	15.11
656	0.7	53.0	15.11
657	1.4	54.0	15.11
658	2.2	54.0	15.11
659	2.0	54.0	15.11
660	2.2	54.0	15.11
661	2.2	54.0	15.11
662	1.7	54.0	15.11
663	0.6	54.0	15.11
664	0.6	54.0	15.11
665	0.8	54.0	15.11
666	0.9	55.0	15.11
667	1.0	54.0	15.11
668	1.3	54.0	15.11
669	0.9	55.0	15.11
670	1.3	588.0	15.11
671	1.2	54.0	15.11
672	1.3	55.0	15.11
673	1.7	55.0	15.11
674	1.7	54.0	15.11
675	1.5	54.0	15.11
676	2.0	55.0	15.11
677	2.0	54.0	15.11
678	2.0	54.0	15.11
679	3.0	55.0	15.11
680	1.8	54.0	15.11
681	1.0	55.0	15.11
682	0.6	54.0	15.11
683	1.2	55.0	15.11
684	2.0	54.0	15.11
685	2.4	54.0	15.11
686	3.8	54.0	15.11
687	3.0	54.0	15.11
688	3.4	54.0	15.11
689	3.1	54.0	15.11
690	2.6	54.0	15.11
691	1.9	54.0	15.11
692	1.4	55.0	15.11
693	1.4	54.0	15.11
694	1.4	54.0	15.11
695	1.0	54.0	15.11
696	1.2	53.0	15.11
697	1.0	54.0	15.11
698	0.7	55.0	15.11
699	0.4	53.0	15.11
700	0.0	55.0	15.11
701	0.2	54.0	15.11
702	0.0	54.0	15.11
703	0.0	54.0	15.11
704	-0.1	54.0	15.11
705	-0.3	55.0	15.11
706	0.2	55.0	15.11
707	0.8	53.0	15.11
708	0.6	54.0	15.11
709	0.3	55.0	15.11
710	0.3	55.0	15.11
711	-0.3	55.0	15.11
712	-0.4	54.0	15.11
713	-0.9	54.0	15.11
714	-1.3	55.0	15.11
715	-1.8	54.0	15.11
716	-2.0	54.0	15.11
717	-2.2	54.0	15.11
718	-2.5	54.0	15.11
719	-2.5	54.0	15.11
720	-2.9	53.0	15.11
721	-2.9	54.0	15.11
722	-3.4	53.0	15.11
723	-2.9	54.0	15.11
724	-2.9	54.0	15.11
725	-3.1	54.0	15.11
726	-3.4	53.0	15.11
727	-2.0	55.0	15.11
728	-0.8	54.0	15.11
729	-0.3	53.0	15.11
730	0.2	53.0	15.11
731	0.4	54.0	16.11
732	1.0	54.0	15.11
733	0.9	54.0	15.11
734	0.7	55.0	15.11
735	0.7	54.0	15.11
736	0.7	53.0	15.11
737	0.7	54.0	15.11
738	1.3	53.0	15.11
739	1.1	54.0	15.11
740	1.2	53.0	15.11
741	1.5	54.0	15.11
742	0.9	54.0	15.11
