Twet Load Tset
7.1 413.0 15.11
7.2 474.0 15.11
6.6 539.0 15.11
6.7 566.0 15.11
6.9 568.0 15.11
6.8 562.0 15.11
6.8 571.0 15.11
7.4 587.0 15.11
7.4 632.0 15.11
8.5 897.0 15.11
8.8 398.0 15.11
10.1 718.0 15.11
12.5 833.0 15.11
13.6 805.0 17.11
13.1 808.0 15.11
12.9 761.0 16.11
12.7 719.0 16.11
12.0 462.0 15.11
11.7 416.0 15.11
11.2 427.0 15.11
10.2 416.0 15.11
10.0 407.0 15.11
9.5 625.0 15.11
8.9 425.0 15.11
8.9 415.0 15.11
9.4 500.0 15.11
9.4 524.0 15.11
8.6 579.0 15.11
8.8 593.0 15.11
9.7 611.0 15.11
8.8 610.0 15.11
9.4 624.0 15.11
9.7 647.0 15.11
9.4 643.0 15.11
9.9 407.0 15.11
8.6 991.0 15.11
10.4 843.0 15.11
9.7 614.0 15.11
7.8 634.0 15.11
5.7 606.0 15.11
5.0 583.0 15.11
4.4 416.0 15.11
3.5 54.0 15.11
3.2 55.0 15.11
2.9 54.0 15.11
3.1 53.0 15.11
2.7 609.0 15.11
2.2 55.0 15.11
1.7 54.0 15.11
1.4 54.0 15.11
1.4 54.0 15.11
0.8 54.0 15.11
0.8 54.0 15.11
0.4 54.0 16.11
0.8 54.0 15.11
1.9 54.0 15.11
3.1 54.0 15.11
3.5 55.0 15.11
4.3 55.0 15.11
4.6 55.0 15.11
4.7 55.0 15.11
5.0 409.0 15.11
5.0 565.0 15.11
4.7 562.0 15.11
3.7 54.0 15.11
3.7 53.0 15.11
4.1 54.0 15.11
2.3 55.0 15.11
2.1 54.0 15.11
1.8 54.0 15.11
1.9 581.0 15.11
1.3 53.0 15.11
1.7 54.0 15.11
1.9 54.0 15.11
1.6 55.0 15.11
1.3 55.0 15.11
2.2 54.0 15.11
2.2 55.0 15.11
1.6 55.0 15.11
2.2 54.0 15.11
3.4 55.0 15.11
3.4 54.0 15.11
3.9 55.0 15.11
4.2 54.0 15.11
4.3 54.0 15.11
4.6 56.0 15.11
3.8 53.0 15.11
3.3 53.0 15.11
3.0 55.0 15.11
2.6 54.0 15.11
2.6 53.0 15.11
2.4 54.0 15.11
2.6 54.0 15.11
2.4 54.0 15.11
2.4 54.0 15.11
2.6 54.0 15.11
2.5 55.0 15.11
2.4 54.0 15.11
2.5 53.0 15.11
2.0 54.0 15.11
1.7 54.0 15.11
1.5 54.0 15.11
1.3 54.0 15.11
1.7 55.0 15.11
1.8 54.0 15.11
2.0 55.0 15.11
2.3 54.0 15.11
3.1 53.0 15.11
2.7 55.0 15.11
2.9 56.0 15.11
3.5 55.0 15.11
2.5 54.0 15.11
2.1 54.0 15.11
1.7 54.0 15.11
1.9 55.0 15.11
1.3 56.0 15.11
1.1 54.0 15.11
0.6 54.0 15.11
0.5 54.0 15.11
0.7 54.0 15.11
-0.6 54.0 15.11
-0.8 54.0 15.11
-1.0 53.0 15.11
-1.3 54.0 15.11
-1.9 54.0 15.11
-1.5 53.0 15.11
-1.0 56.0 15.11
0.3 55.0 15.11
2.4 55.0 15.11
3.8 54.0 15.11
4.7 53.0 15.11
4.6 54.0 15.11
5.1 881.0 15.11
5.0 467.0 15.11
5.5 598.0 15.11
5.0 568.0 15.11
4.4 556.0 15.11
3.5 54.0 15.11
3.6 54.0 15.11
3.5 55.0 15.11
3.2 54.0 15.11
3.4 54.0 15.11
2.3 54.0 15.11
2.8 54.0 15.11
3.5 55.0 15.11
3.4 54.0 15.11
3.2 55.0 15.11
2.8 54.0 15.11
2.5 54.0 15.11
2.2 55.0 15.11
2.7 55.0 15.11
3.8 55.0 15.11
4.6 54.0 15.11
5.3 55.0 15.11
5.9 54.0 15.11
6.7 549.0 15.11
6.7 819.0 15.11
6.5 565.0 15.11
6.5 491.0 15.11
5.9 595.0 15.11
4.9 569.0 15.11
4.9 420.0 15.11
4.9 389.0 15.11
3.9 53.0 15.11
3.4 54.0 15.11
2.4 54.0 15.11
2.1 924.0 15.11
2.0 53.0 15.11
2.0 54.0 15.11
1.3 54.0 15.11
1.3 55.0 15.11
1.3 54.0 15.11
1.3 53.0 15.11
1.3 53.0 15.11
1.3 55.0 15.11
1.9 54.0 15.11
2.0 55.0 15.11
2.5 55.0 15.11
2.3 54.0 15.11
2.9 55.0 15.11
2.8 54.0 15.11
3.1 55.0 15.11
2.5 54.0 15.11
2.4 54.0 15.11
2.0 54.0 15.11
2.0 55.0 15.11
2.0 53.0 15.11
2.0 54.0 15.11
2.4 55.0 15.11
1.8 53.0 15.11
1.8 54.0 15.11
1.6 55.0 15.11
0.9 54.0 15.11
0.7 54.0 15.11
0.0 54.0 15.11
-0.5 54.0 15.11
-1.0 53.0 15.11
-1.4 54.0 15.11
-1.2 53.0 15.11
-0.8 54.0 15.11
0.0 54.0 15.11
0.6 55.0 15.11
1.2 54.0 15.11
1.9 55.0 15.11
2.0 53.0 15.11
2.8 54.0 15.11
2.5 54.0 15.11
1.9 54.0 15.11
1.3 54.0 15.11
1.7 54.0 15.11
2.2 54.0 15.11
2.7 54.0 15.11
2.2 54.0 15.11
2.7 55.0 15.11
2.3 54.0 15.11
0.9 54.0 15.11
1.1 54.0 15.11
1.1 53.0 15.11
-0.3 55.0 15.11
-1.2 56.0 15.11
-1.7 54.0 15.11
-1.5 55.0 15.11
-0.5 55.0 15.11
0.4 54.0 16.11
0.9 54.0 15.11
1.4 54.0 15.11
1.7 55.0 15.11
2.0 54.0 15.11
2.6 54.0 15.11
3.3 55.0 15.11
3.1 55.0 15.11
3.3 53.0 15.11
3.4 54.0 15.11
3.9 55.0 15.11
4.0 55.0 15.11
4.0 55.0 15.11
3.7 55.0 15.11
3.4 54.0 15.11
3.5 55.0 15.11
3.0 54.0 15.11
2.9 56.0 15.11
2.4 55.0 15.11
2.0 54.0 15.11
1.5 54.0 15.11
1.2 54.0 15.11
1.5 54.0 15.11
1.5 54.0 15.11
1.8 54.0 15.11
2.1 54.0 15.11
2.5 55.0 15.11
2.5 54.0 15.11
2.8 55.0 15.11
2.7 54.0 15.11
2.4 55.0 15.11
0.1 55.0 15.11
-1.3 54.0 15.11
-3.0 54.0 15.11
-3.9 55.0 15.11
-4.8 54.0 15.11
-5.4 54.0 15.11
-5.3 54.0 15.11
-5.3 54.0 15.11
-6.0 54.0 15.11
-6.1 54.0 15.11
-6.9 54.0 15.11
-6.9 54.0 15.11
-6.7 53.0 15.11
-6.7 53.0 15.11
-7.0 52.0 15.11
-7.2 54.0 15.11
-6.8 54.0 15.11
-6.1 54.0 15.11
-5.8 53.0 15.11
-5.4 53.0 15.11
-4.5 54.0 15.11
-4.2 54.0 15.11
-4.2 54.0 15.11
-3.5 54.0 15.11
-3.8 54.0 15.11
-4.1 53.0 15.11
-4.4 53.0 15.11
-4.8 53.0 15.11
-5.3 53.0 15.11
-5.2 53.0 15.11
-5.2 54.0 15.11
-5.0 53.0 15.11
-5.3 53.0 15.11
-4.9 54.0 15.11
-5.2 53.0 15.11
-5.5 53.0 15.11
-5.8 53.0 15.11
-6.0 54.0 15.11
-6.5 53.0 15.11
-6.2 54.0 15.11
-5.7 54.0 15.11
-4.3 53.0 15.11
-2.3 54.0 15.11
-0.5 55.0 15.11
0.3 53.0 15.11
1.4 54.0 15.11
2.3 54.0 15.11
2.2 55.0 15.11
2.3 53.0 15.11
1.4 53.0 15.11
1.4 56.0 15.11
1.7 55.0 15.11
0.9 55.0 15.11
1.2 55.0 15.11
0.6 54.0 15.11
1.4 54.0 15.11
1.1 54.0 15.11
0.7 54.0 15.11
0.9 54.0 15.11
1.1 53.0 15.11
1.6 54.0 15.11
0.7 53.0 15.11
0.6 54.0 15.11
1.3 55.0 15.11
0.9 55.0 15.11
1.4 54.0 15.11
1.5 54.0 15.11
2.4 54.0 15.11
3.6 54.0 15.11
5.4 54.0 15.11
6.6 724.0 15.11
5.8 550.0 15.11
6.0 577.0 15.11
5.2 555.0 15.11
4.9 538.0 15.11
5.2 407.0 15.11
4.9 377.0 15.11
4.9 388.0 15.11
4.6 382.0 15.11
3.9 55.0 15.11
4.3 54.0 15.11
3.3 55.0 15.11
3.1 54.0 15.11
4.0 54.0 15.11
2.9 55.0 15.11
3.0 54.0 15.11
3.5 53.0 15.11
3.8 53.0 15.11
3.8 54.0 15.11
4.7 53.0 15.11
5.0 53.0 15.11
5.4 53.0 15.11
5.8 54.0 15.11
6.3 476.0 15.11
6.1 626.0 15.11
6.4 771.0 15.11
5.9 378.0 15.11
5.6 394.0 15.11
4.9 522.0 15.11
4.5 414.0 15.11
4.0 54.0 15.11
3.7 54.0 15.11
4.0 54.0 15.11
3.6 54.0 15.11
3.9 1100.0 15.11
3.4 54.0 15.11
3.3 54.0 15.11
3.2 54.0 15.11
3.6 53.0 15.11
3.6 52.0 15.11
3.7 53.0 15.11
3.9 52.0 15.11
3.9 53.0 15.11
4.8 53.0 15.11
5.0 52.0 15.11
5.4 54.0 15.11
5.7 54.0 15.11
5.9 53.0 15.11
6.5 55.0 15.11
6.7 53.0 15.11
7.0 54.0 15.11
6.7 54.0 15.11
6.1 54.0 15.11
6.1 53.0 15.11
6.4 54.0 15.11
5.6 54.0 15.11
5.6 53.0 15.11
5.3 54.0 15.11
5.6 54.0 15.11
4.1 54.0 15.11
4.7 53.0 15.11
4.7 53.0 15.11
4.7 53.0 15.11
4.7 53.0 15.11
5.0 54.0 15.11
4.2 53.0 15.11
4.5 54.0 15.11
5.8 53.0 15.11
5.9 54.0 15.11
5.4 54.0 15.11
5.8 53.0 15.11
5.3 489.0 15.11
5.4 565.0 15.11
5.5 556.0 15.11
5.3 920.0 15.11
4.8 795.0 15.11
4.2 490.0 15.11
4.5 409.0 15.11
4.3 55.0 15.11
3.7 53.0 15.11
3.7 53.0 15.11
3.4 53.0 15.11
2.7 896.0 15.11
2.8 53.0 15.11
2.5 53.0 15.11
1.8 53.0 15.11
1.1 54.0 15.11
1.3 54.0 15.11
1.0 54.0 15.11
1.3 53.0 15.11
0.9 54.0 15.11
2.5 54.0 15.11
3.7 53.0 15.11
4.1 54.0 15.11
5.7 53.0 15.11
6.5 635.0 15.11
6.5 357.0 15.11
7.2 362.0 15.11
8.1 408.0 15.11
7.8 390.0 15.11
7.4 373.0 15.11
7.2 681.0 15.11
6.2 374.0 15.11
5.3 388.0 15.11
4.0 380.0 15.11
3.1 53.0 15.11
2.3 564.0 15.11
1.1 54.0 15.11
0.8 54.0 15.11
0.7 55.0 15.11
0.6 53.0 15.11
0.0 52.0 15.11
0.1 53.0 15.11
0.2 53.0 15.11
0.2 53.0 15.11
0.6 53.0 15.11
1.1 53.0 15.11
1.4 53.0 15.11
1.7 54.0 15.11
2.5 54.0 15.11
2.2 54.0 15.11
2.5 54.0 15.11
1.9 53.0 15.11
1.9 53.0 15.11
2.0 53.0 15.11
2.0 52.0 15.11
2.2 52.0 15.11
1.7 53.0 15.11
1.5 52.0 15.11
1.5 53.0 15.11
1.8 54.0 15.11
1.8 53.0 15.11
1.9 54.0 15.11
0.8 53.0 15.11
0.4 52.0 15.11
-0.2 53.0 15.11
-0.8 53.0 15.11
-1.2 53.0 15.11
-1.2 53.0 15.11
-0.5 53.0 15.11
0.4 53.0 15.11
1.1 53.0 15.11
1.7 53.0 15.11
2.0 53.0 15.11
2.5 54.0 15.11
3.0 53.0 15.11
3.3 728.0 15.11
3.3 53.0 15.11
2.5 52.0 15.11
2.2 53.0 15.11
1.4 53.0 15.11
1.9 53.0 15.11
1.1 54.0 15.11
1.8 53.0 15.11
0.7 53.0 15.11
0.3 53.0 15.11
-0.1 53.0 15.11
-0.3 53.0 15.11
-1.0 53.0 15.11
-0.8 54.0 15.11
-0.5 53.0 15.11
-1.0 53.0 15.11
-0.3 53.0 15.11
1.0 54.0 15.11
2.4 53.0 15.11
2.7 53.0 15.11
3.8 54.0 15.11
3.3 53.0 15.11
3.7 53.0 15.11
4.5 54.0 15.11
4.7 54.0 15.11
4.7 54.0 15.11
4.7 53.0 15.11
4.3 54.0 15.11
4.8 53.0 15.11
5.5 53.0 15.11
4.5 53.0 15.11
4.2 53.0 15.11
4.4 54.0 15.11
5.6 53.0 15.11
6.0 53.0 15.11
5.8 54.0 15.11
5.0 53.0 15.11
4.9 53.0 15.11
4.9 53.0 15.11
4.4 53.0 15.11
4.7 54.0 15.11
5.5 53.0 15.11
6.3 54.0 15.11
7.7 53.0 15.11
8.0 53.0 15.11
8.7 536.0 15.11
8.4 636.0 15.11
8.7 659.0 15.11
8.9 658.0 15.11
8.7 619.0 15.11
8.1 623.0 15.11
7.9 426.0 15.11
7.9 398.0 15.11
7.6 392.0 15.11
7.7 392.0 15.11
8.1 439.0 15.11
9.2 864.0 15.11
9.2 384.0 15.11
9.7 390.0 15.11
9.1 496.0 15.11
8.6 516.0 15.11
7.8 54.0 15.11
7.5 54.0 15.11
7.2 53.0 15.11
7.8 53.0 15.11
8.9 55.0 15.11
9.7 827.0 15.11
9.6 576.0 15.11
10.3 367.0 15.11
10.4 729.0 15.11
10.2 732.0 15.11
10.5 751.0 15.11
10.0 771.0 15.11
10.4 721.0 15.11
9.2 677.0 15.11
8.6 438.0 15.11
8.5 399.0 15.11
8.7 400.0 15.11
8.7 399.0 15.11
9.2 396.0 15.11
9.4 684.0 15.11
10.2 405.0 15.11
10.2 402.0 15.11
10.7 502.0 15.11
9.7 877.0 15.11
9.9 842.0 15.11
8.9 461.0 15.11
7.8 514.0 15.11
7.2 580.0 15.11
7.5 525.0 15.11
7.8 557.0 15.11
8.6 553.0 15.11
9.1 401.0 15.11
10.2 524.0 15.11
10.7 587.0 15.11
10.2 574.0 15.11
11.6 532.0 15.11
12.4 403.0 15.11
11.8 505.0 15.11
10.7 421.0 15.11
8.3 397.0 15.11
5.0 364.0 15.11
4.1 54.0 15.11
3.9 52.0 15.11
3.1 916.0 15.11
2.8 54.0 15.11
1.8 55.0 15.11
1.5 54.0 15.11
1.3 55.0 15.11
1.3 54.0 15.11
1.0 54.0 15.11
0.5 54.0 15.11
1.4 54.0 15.11
1.1 54.0 15.11
0.9 54.0 15.11
0.8 54.0 15.11
1.3 53.0 15.11
0.8 54.0 15.11
1.2 54.0 15.11
0.7 53.0 15.11
0.7 54.0 15.11
0.0 55.0 15.11
-0.6 55.0 15.11
-1.0 54.0 15.11
-1.1 55.0 15.11
-1.3 54.0 15.11
-1.1 56.0 15.11
-1.1 53.0 15.11
-0.9 54.0 15.11
-0.6 54.0 15.11
-1.1 54.0 15.11
-1.1 54.0 15.11
-1.4 54.0 15.11
-1.7 54.0 15.11
-1.9 54.0 15.11
-1.9 54.0 15.11
-1.3 54.0 15.11
-0.1 53.0 15.11
0.6 54.0 15.11
1.3 54.0 15.11
2.0 53.0 15.11
2.1 55.0 15.11
2.7 55.0 15.11
2.8 56.0 15.11
3.0 54.0 15.11
2.8 54.0 15.11
2.2 55.0 15.11
2.5 53.0 15.11
1.9 55.0 15.11
1.2 56.0 15.11
1.2 54.0 15.11
1.3 54.0 15.11
1.7 54.0 15.11
1.9 55.0 15.11
1.2 54.0 15.11
1.5 56.0 15.11
0.9 54.0 15.11
1.1 54.0 15.11
0.3 55.0 15.11
0.1 54.0 15.11
1.4 54.0 15.11
2.5 54.0 15.11
3.9 55.0 15.11
4.8 55.0 15.11
6.0 53.0 15.11
7.2 508.0 15.11
8.1 779.0 15.11
8.7 675.0 15.11
8.6 716.0 15.11
8.5 649.0 15.11
8.1 633.0 15.11
7.8 449.0 15.11
7.5 384.0 15.11
7.2 389.0 15.11
7.1 384.0 15.11
7.7 378.0 15.11
6.9 1079.0 15.11
6.8 404.0 15.11
4.6 364.0 15.11
3.7 462.0 15.11
2.5 55.0 15.11
1.9 54.0 15.11
1.1 54.0 15.11
0.7 54.0 15.11
0.9 55.0 15.11
1.6 56.0 15.11
2.5 54.0 15.11
3.1 54.0 15.11
3.1 387.0 15.11
4.2 447.0 15.11
4.3 851.0 15.11
4.8 773.0 15.11
4.6 599.0 15.11
5.1 624.0 15.11
4.5 601.0 15.11
4.2 416.0 15.11
3.8 370.0 15.11
3.3 374.0 15.11
3.4 54.0 15.11
3.1 55.0 15.11
2.9 992.0 15.11
2.7 55.0 15.11
2.6 54.0 15.11
2.9 55.0 15.11
2.6 54.0 15.11
3.1 54.0 15.11
3.0 55.0 15.11
3.3 54.0 15.11
4.1 55.0 15.11
4.5 55.0 15.11
5.0 54.0 15.11
5.6 54.0 15.11
6.1 54.0 15.11
9.1 53.0 15.11
9.1 55.0 15.11
8.8 54.0 15.11
10.2 54.0 15.11
9.7 56.0 15.11
9.9 55.0 15.11
9.9 704.0 15.11
11.0 382.0 15.11
10.2 388.0 15.11
12.1 407.0 15.11
12.4 387.0 15.11
11.9 55.0 16.11
