Index	Twet	Load	Tset
0	7.1	413.0	15.11
1	7.2	474.0	15.11
2	6.6	539.0	15.11
3	6.7	566.0	15.11
4	6.9	568.0	15.11
5	6.8	562.0	15.11
6	6.8	571.0	15.11
7	7.4	587.0	15.11
8	7.4	632.0	15.11
9	8.5	897.0	15.11
10	8.8	398.0	15.11
11	10.1	718.0	15.11
12	12.5	833.0	15.11
13	13.6	805.0	17.11
14	13.1	808.0	15.11
15	12.9	761.0	16.11
16	12.7	719.0	16.11
17	12.0	462.0	15.11
18	11.7	416.0	15.11
19	11.2	427.0	15.11
20	10.2	416.0	15.11
21	10.0	407.0	15.11
22	9.5	625.0	15.11
23	8.9	425.0	15.11
24	8.9	415.0	15.11
25	9.4	500.0	15.11
26	9.4	524.0	15.11
27	8.6	579.0	15.11
28	8.8	593.0	15.11
29	9.7	611.0	15.11
30	8.8	610.0	15.11
31	9.4	624.0	15.11
32	9.7	647.0	15.11
33	9.4	643.0	15.11
34	9.9	407.0	15.11
35	8.6	991.0	15.11
36	10.4	843.0	15.11
37	9.7	614.0	15.11
38	7.8	634.0	15.11
39	5.7	606.0	15.11
40	5.0	583.0	15.11
41	4.4	416.0	15.11
42	3.5	54.0	15.11
43	3.2	55.0	15.11
44	2.9	54.0	15.11
45	3.1	53.0	15.11
46	2.7	609.0	15.11
47	2.2	55.0	15.11
48	1.7	54.0	15.11
49	1.4	54.0	15.11
50	1.4	54.0	15.11
51	0.8	54.0	15.11
52	0.8	54.0	15.11
53	0.4	54.0	16.11
54	0.8	54.0	15.11
55	1.9	54.0	15.11
56	3.1	54.0	15.11
57	3.5	55.0	15.11
58	4.3	55.0	15.11
59	4.6	55.0	15.11
60	4.7	55.0	15.11
61	5.0	409.0	15.11
62	5.0	565.0	15.11
63	4.7	562.0	15.11
64	3.7	54.0	15.11
65	3.7	53.0	15.11
66	4.1	54.0	15.11
67	2.3	55.0	15.11
68	2.1	54.0	15.11
69	1.8	54.0	15.11
70	1.9	581.0	15.11
71	1.3	53.0	15.11
72	1.7	54.0	15.11
73	1.9	54.0	15.11
74	1.6	55.0	15.11
75	1.3	55.0	15.11
76	2.2	54.0	15.11
77	2.2	55.0	15.11
78	1.6	55.0	15.11
79	2.2	54.0	15.11
80	3.4	55.0	15.11
81	3.4	54.0	15.11
82	3.9	55.0	15.11
83	4.2	54.0	15.11
84	4.3	54.0	15.11
85	4.6	56.0	15.11
86	3.8	53.0	15.11
87	3.3	53.0	15.11
88	3.0	55.0	15.11
89	2.6	54.0	15.11
90	2.6	53.0	15.11
91	2.4	54.0	15.11
92	2.6	54.0	15.11
93	2.4	54.0	15.11
94	2.4	54.0	15.11
95	2.6	54.0	15.11
96	2.5	55.0	15.11
97	2.4	54.0	15.11
98	2.5	53.0	15.11
99	2.0	54.0	15.11
100	1.7	54.0	15.11
101	1.5	54.0	15.11
102	1.3	54.0	15.11
103	1.7	55.0	15.11
104	1.8	54.0	15.11
105	2.0	55.0	15.11
106	2.3	54.0	15.11
107	3.1	53.0	15.11
108	2.7	55.0	15.11
109	2.9	56.0	15.11
110	3.5	55.0	15.11
111	2.5	54.0	15.11
112	2.1	54.0	15.11
113	1.7	54.0	15.11
114	1.9	55.0	15.11
115	1.3	56.0	15.11
116	1.1	54.0	15.11
117	0.6	54.0	15.11
118	0.5	54.0	15.11
119	0.7	54.0	15.11
120	-0.6	54.0	15.11
121	-0.8	54.0	15.11
122	-1.0	53.0	15.11
123	-1.3	54.0	15.11
124	-1.9	54.0	15.11
125	-1.5	53.0	15.11
126	-1.0	56.0	15.11
127	0.3	55.0	15.11
128	2.4	55.0	15.11
129	3.8	54.0	15.11
130	4.7	53.0	15.11
131	4.6	54.0	15.11
132	5.1	881.0	15.11
133	5.0	467.0	15.11
134	5.5	598.0	15.11
135	5.0	568.0	15.11
136	4.4	556.0	15.11
137	3.5	54.0	15.11
138	3.6	54.0	15.11
139	3.5	55.0	15.11
140	3.2	54.0	15.11
141	3.4	54.0	15.11
142	2.3	54.0	15.11
143	2.8	54.0	15.11
144	3.5	55.0	15.11
145	3.4	54.0	15.11
146	3.2	55.0	15.11
147	2.8	54.0	15.11
148	2.5	54.0	15.11
149	2.2	55.0	15.11
150	2.7	55.0	15.11
151	3.8	55.0	15.11
152	4.6	54.0	15.11
153	5.3	55.0	15.11
154	5.9	54.0	15.11
155	6.7	549.0	15.11
156	6.7	819.0	15.11
157	6.5	565.0	15.11
158	6.5	491.0	15.11
159	5.9	595.0	15.11
160	4.9	569.0	15.11
161	4.9	420.0	15.11
162	4.9	389.0	15.11
163	3.9	53.0	15.11
164	3.4	54.0	15.11
165	2.4	54.0	15.11
166	2.1	924.0	15.11
167	2.0	53.0	15.11
168	2.0	54.0	15.11
169	1.3	54.0	15.11
170	1.3	55.0	15.11
171	1.3	54.0	15.11
172	1.3	53.0	15.11
173	1.3	53.0	15.11
174	1.3	55.0	15.11
175	1.9	54.0	15.11
176	2.0	55.0	15.11
177	2.5	55.0	15.11
178	2.3	54.0	15.11
179	2.9	55.0	15.11
180	2.8	54.0	15.11
181	3.1	55.0	15.11
182	2.5	54.0	15.11
183	2.4	54.0	15.11
184	2.0	54.0	15.11
185	2.0	55.0	15.11
186	2.0	53.0	15.11
187	2.0	54.0	15.11
188	2.4	55.0	15.11
189	1.8	53.0	15.11
190	1.8	54.0	15.11
191	1.6	55.0	15.11
192	0.9	54.0	15.11
193	0.7	54.0	15.11
194	0.0	54.0	15.11
195	-0.5	54.0	15.11
196	-1.0	53.0	15.11
197	-1.4	54.0	15.11
198	-1.2	53.0	15.11
199	-0.8	54.0	15.11
200	0.0	54.0	15.11
201	0.6	55.0	15.11
202	1.2	54.0	15.11
203	1.9	55.0	15.11
204	2.0	53.0	15.11
205	2.8	54.0	15.11
206	2.5	54.0	15.11
207	1.9	54.0	15.11
208	1.3	54.0	15.11
209	1.7	54.0	15.11
210	2.2	54.0	15.11
211	2.7	54.0	15.11
212	2.2	54.0	15.11
213	2.7	55.0	15.11
214	2.3	54.0	15.11
215	0.9	54.0	15.11
216	1.1	54.0	15.11
217	1.1	53.0	15.11
218	-0.3	55.0	15.11
219	-1.2	56.0	15.11
220	-1.7	54.0	15.11
221	-1.5	55.0	15.11
222	-0.5	55.0	15.11
223	0.4	54.0	16.11
224	0.9	54.0	15.11
225	1.4	54.0	15.11
226	1.7	55.0	15.11
227	2.0	54.0	15.11
228	2.6	54.0	15.11
229	3.3	55.0	15.11
230	3.1	55.0	15.11
231	3.3	53.0	15.11
232	3.4	54.0	15.11
233	3.9	55.0	15.11
234	4.0	55.0	15.11
235	4.0	55.0	15.11
236	3.7	55.0	15.11
237	3.4	54.0	15.11
238	3.5	55.0	15.11
239	3.0	54.0	15.11
240	2.9	56.0	15.11
241	2.4	55.0	15.11
242	2.0	54.0	15.11
243	1.5	54.0	15.11
244	1.2	54.0	15.11
245	1.5	54.0	15.11
246	1.5	54.0	15.11
247	1.8	54.0	15.11
248	2.1	54.0	15.11
249	2.5	55.0	15.11
250	2.5	54.0	15.11
251	2.8	55.0	15.11
252	2.7	54.0	15.11
253	2.4	55.0	15.11
254	0.1	55.0	15.11
255	-1.3	54.0	15.11
256	-3.0	54.0	15.11
257	-3.9	55.0	15.11
258	-4.8	54.0	15.11
259	-5.4	54.0	15.11
260	-5.3	54.0	15.11
261	-5.3	54.0	15.11
262	-6.0	54.0	15.11
263	-6.1	54.0	15.11
264	-6.9	54.0	15.11
265	-6.9	54.0	15.11
266	-6.7	53.0	15.11
267	-6.7	53.0	15.11
268	-7.0	52.0	15.11
269	-7.2	54.0	15.11
270	-6.8	54.0	15.11
271	-6.1	54.0	15.11
272	-5.8	53.0	15.11
273	-5.4	53.0	15.11
274	-4.5	54.0	15.11
275	-4.2	54.0	15.11
276	-4.2	54.0	15.11
277	-3.5	54.0	15.11
278	-3.8	54.0	15.11
279	-4.1	53.0	15.11
280	-4.4	53.0	15.11
281	-4.8	53.0	15.11
282	-5.3	53.0	15.11
283	-5.2	53.0	15.11
284	-5.2	54.0	15.11
285	-5.0	53.0	15.11
286	-5.3	53.0	15.11
287	-4.9	54.0	15.11
288	-5.2	53.0	15.11
289	-5.5	53.0	15.11
290	-5.8	53.0	15.11
291	-6.0	54.0	15.11
292	-6.5	53.0	15.11
293	-6.2	54.0	15.11
294	-5.7	54.0	15.11
295	-4.3	53.0	15.11
296	-2.3	54.0	15.11
297	-0.5	55.0	15.11
298	0.3	53.0	15.11
299	1.4	54.0	15.11
300	2.3	54.0	15.11
301	2.2	55.0	15.11
302	2.3	53.0	15.11
303	1.4	53.0	15.11
304	1.4	56.0	15.11
305	1.7	55.0	15.11
306	0.9	55.0	15.11
307	1.2	55.0	15.11
308	0.6	54.0	15.11
309	1.4	54.0	15.11
310	1.1	54.0	15.11
311	0.7	54.0	15.11
312	0.9	54.0	15.11
313	1.1	53.0	15.11
314	1.6	54.0	15.11
315	0.7	53.0	15.11
316	0.6	54.0	15.11
317	1.3	55.0	15.11
318	0.9	55.0	15.11
319	1.4	54.0	15.11
320	1.5	54.0	15.11
321	2.4	54.0	15.11
322	3.6	54.0	15.11
323	5.4	54.0	15.11
324	6.6	724.0	15.11
325	5.8	550.0	15.11
326	6.0	577.0	15.11
327	5.2	555.0	15.11
328	4.9	538.0	15.11
329	5.2	407.0	15.11
330	4.9	377.0	15.11
331	4.9	388.0	15.11
332	4.6	382.0	15.11
333	3.9	55.0	15.11
334	4.3	54.0	15.11
335	3.3	55.0	15.11
336	3.1	54.0	15.11
337	4.0	54.0	15.11
338	2.9	55.0	15.11
339	3.0	54.0	15.11
340	3.5	53.0	15.11
341	3.8	53.0	15.11
342	3.8	54.0	15.11
343	4.7	53.0	15.11
344	5.0	53.0	15.11
345	5.4	53.0	15.11
346	5.8	54.0	15.11
347	6.3	476.0	15.11
348	6.1	626.0	15.11
349	6.4	771.0	15.11
350	5.9	378.0	15.11
351	5.6	394.0	15.11
352	4.9	522.0	15.11
353	4.5	414.0	15.11
354	4.0	54.0	15.11
355	3.7	54.0	15.11
356	4.0	54.0	15.11
357	3.6	54.0	15.11
358	3.9	1100.0	15.11
359	3.4	54.0	15.11
360	3.3	54.0	15.11
361	3.2	54.0	15.11
362	3.6	53.0	15.11
363	3.6	52.0	15.11
364	3.7	53.0	15.11
365	3.9	52.0	15.11
366	3.9	53.0	15.11
367	4.8	53.0	15.11
368	5.0	52.0	15.11
369	5.4	54.0	15.11
370	5.7	54.0	15.11
371	5.9	53.0	15.11
372	6.5	55.0	15.11
373	6.7	53.0	15.11
374	7.0	54.0	15.11
375	6.7	54.0	15.11
376	6.1	54.0	15.11
377	6.1	53.0	15.11
378	6.4	54.0	15.11
379	5.6	54.0	15.11
380	5.6	53.0	15.11
381	5.3	54.0	15.11
382	5.6	54.0	15.11
383	4.1	54.0	15.11
384	4.7	53.0	15.11
385	4.7	53.0	15.11
386	4.7	53.0	15.11
387	4.7	53.0	15.11
388	5.0	54.0	15.11
389	4.2	53.0	15.11
390	4.5	54.0	15.11
391	5.8	53.0	15.11
392	5.9	54.0	15.11
393	5.4	54.0	15.11
394	5.8	53.0	15.11
395	5.3	489.0	15.11
396	5.4	565.0	15.11
397	5.5	556.0	15.11
398	5.3	920.0	15.11
399	4.8	795.0	15.11
400	4.2	490.0	15.11
401	4.5	409.0	15.11
402	4.3	55.0	15.11
403	3.7	53.0	15.11
404	3.7	53.0	15.11
405	3.4	53.0	15.11
406	2.7	896.0	15.11
407	2.8	53.0	15.11
408	2.5	53.0	15.11
409	1.8	53.0	15.11
410	1.1	54.0	15.11
411	1.3	54.0	15.11
412	1.0	54.0	15.11
413	1.3	53.0	15.11
414	0.9	54.0	15.11
415	2.5	54.0	15.11
416	3.7	53.0	15.11
417	4.1	54.0	15.11
418	5.7	53.0	15.11
419	6.5	635.0	15.11
420	6.5	357.0	15.11
421	7.2	362.0	15.11
422	8.1	408.0	15.11
423	7.8	390.0	15.11
424	7.4	373.0	15.11
425	7.2	681.0	15.11
426	6.2	374.0	15.11
427	5.3	388.0	15.11
428	4.0	380.0	15.11
429	3.1	53.0	15.11
430	2.3	564.0	15.11
431	1.1	54.0	15.11
432	0.8	54.0	15.11
433	0.7	55.0	15.11
434	0.6	53.0	15.11
435	0.0	52.0	15.11
436	0.1	53.0	15.11
437	0.2	53.0	15.11
438	0.2	53.0	15.11
439	0.6	53.0	15.11
440	1.1	53.0	15.11
441	1.4	53.0	15.11
442	1.7	54.0	15.11
443	2.5	54.0	15.11
444	2.2	54.0	15.11
445	2.5	54.0	15.11
446	1.9	53.0	15.11
447	1.9	53.0	15.11
448	2.0	53.0	15.11
449	2.0	52.0	15.11
450	2.2	52.0	15.11
451	1.7	53.0	15.11
452	1.5	52.0	15.11
453	1.5	53.0	15.11
454	1.8	54.0	15.11
455	1.8	53.0	15.11
456	1.9	54.0	15.11
457	0.8	53.0	15.11
458	0.4	52.0	15.11
459	-0.2	53.0	15.11
460	-0.8	53.0	15.11
461	-1.2	53.0	15.11
462	-1.2	53.0	15.11
463	-0.5	53.0	15.11
464	0.4	53.0	15.11
465	1.1	53.0	15.11
466	1.7	53.0	15.11
467	2.0	53.0	15.11
468	2.5	54.0	15.11
469	3.0	53.0	15.11
470	3.3	728.0	15.11
471	3.3	53.0	15.11
472	2.5	52.0	15.11
473	2.2	53.0	15.11
474	1.4	53.0	15.11
475	1.9	53.0	15.11
476	1.1	54.0	15.11
477	1.8	53.0	15.11
478	0.7	53.0	15.11
479	0.3	53.0	15.11
480	-0.1	53.0	15.11
481	-0.3	53.0	15.11
482	-1.0	53.0	15.11
483	-0.8	54.0	15.11
484	-0.5	53.0	15.11
485	-1.0	53.0	15.11
486	-0.3	53.0	15.11
487	1.0	54.0	15.11
488	2.4	53.0	15.11
489	2.7	53.0	15.11
490	3.8	54.0	15.11
491	3.3	53.0	15.11
492	3.7	53.0	15.11
493	4.5	54.0	15.11
494	4.7	54.0	15.11
495	4.7	54.0	15.11
496	4.7	53.0	15.11
497	4.3	54.0	15.11
498	4.8	53.0	15.11
499	5.5	53.0	15.11
500	4.5	53.0	15.11
501	4.2	53.0	15.11
502	4.4	54.0	15.11
503	5.6	53.0	15.11
504	6.0	53.0	15.11
505	5.8	54.0	15.11
506	5.0	53.0	15.11
507	4.9	53.0	15.11
508	4.9	53.0	15.11
509	4.4	53.0	15.11
510	4.7	54.0	15.11
511	5.5	53.0	15.11
512	6.3	54.0	15.11
513	7.7	53.0	15.11
514	8.0	53.0	15.11
515	8.7	536.0	15.11
516	8.4	636.0	15.11
517	8.7	659.0	15.11
518	8.9	658.0	15.11
519	8.7	619.0	15.11
520	8.1	623.0	15.11
521	7.9	426.0	15.11
522	7.9	398.0	15.11
523	7.6	392.0	15.11
524	7.7	392.0	15.11
525	8.1	439.0	15.11
526	9.2	864.0	15.11
527	9.2	384.0	15.11
528	9.7	390.0	15.11
529	9.1	496.0	15.11
530	8.6	516.0	15.11
531	7.8	54.0	15.11
532	7.5	54.0	15.11
533	7.2	53.0	15.11
534	7.8	53.0	15.11
535	8.9	55.0	15.11
536	9.7	827.0	15.11
537	9.6	576.0	15.11
538	10.3	367.0	15.11
539	10.4	729.0	15.11
540	10.2	732.0	15.11
541	10.5	751.0	15.11
542	10.0	771.0	15.11
543	10.4	721.0	15.11
544	9.2	677.0	15.11
545	8.6	438.0	15.11
546	8.5	399.0	15.11
547	8.7	400.0	15.11
548	8.7	399.0	15.11
549	9.2	396.0	15.11
550	9.4	684.0	15.11
551	10.2	405.0	15.11
552	10.2	402.0	15.11
553	10.7	502.0	15.11
554	9.7	877.0	15.11
555	9.9	842.0	15.11
556	8.9	461.0	15.11
557	7.8	514.0	15.11
558	7.2	580.0	15.11
559	7.5	525.0	15.11
560	7.8	557.0	15.11
561	8.6	553.0	15.11
562	9.1	401.0	15.11
563	10.2	524.0	15.11
564	10.7	587.0	15.11
565	10.2	574.0	15.11
566	11.6	532.0	15.11
567	12.4	403.0	15.11
568	11.8	505.0	15.11
569	10.7	421.0	15.11
570	8.3	397.0	15.11
571	5.0	364.0	15.11
572	4.1	54.0	15.11
573	3.9	52.0	15.11
574	3.1	916.0	15.11
575	2.8	54.0	15.11
576	1.8	55.0	15.11
577	1.5	54.0	15.11
578	1.3	55.0	15.11
579	1.3	54.0	15.11
580	1.0	54.0	15.11
581	0.5	54.0	15.11
582	1.4	54.0	15.11
583	1.1	54.0	15.11
584	0.9	54.0	15.11
585	0.8	54.0	15.11
586	1.3	53.0	15.11
587	0.8	54.0	15.11
588	1.2	54.0	15.11
589	0.7	53.0	15.11
590	0.7	54.0	15.11
591	0.0	55.0	15.11
592	-0.6	55.0	15.11
593	-1.0	54.0	15.11
594	-1.1	55.0	15.11
595	-1.3	54.0	15.11
596	-1.1	56.0	15.11
597	-1.1	53.0	15.11
598	-0.9	54.0	15.11
599	-0.6	54.0	15.11
600	-1.1	54.0	15.11
601	-1.1	54.0	15.11
602	-1.4	54.0	15.11
603	-1.7	54.0	15.11
604	-1.9	54.0	15.11
605	-1.9	54.0	15.11
606	-1.3	54.0	15.11
607	-0.1	53.0	15.11
608	0.6	54.0	15.11
609	1.3	54.0	15.11
610	2.0	53.0	15.11
611	2.1	55.0	15.11
612	2.7	55.0	15.11
613	2.8	56.0	15.11
614	3.0	54.0	15.11
615	2.8	54.0	15.11
616	2.2	55.0	15.11
617	2.5	53.0	15.11
618	1.9	55.0	15.11
619	1.2	56.0	15.11
620	1.2	54.0	15.11
621	1.3	54.0	15.11
622	1.7	54.0	15.11
623	1.9	55.0	15.11
624	1.2	54.0	15.11
625	1.5	56.0	15.11
626	0.9	54.0	15.11
627	1.1	54.0	15.11
628	0.3	55.0	15.11
629	0.1	54.0	15.11
630	1.4	54.0	15.11
631	2.5	54.0	15.11
632	3.9	55.0	15.11
633	4.8	55.0	15.11
634	6.0	53.0	15.11
635	7.2	508.0	15.11
636	8.1	779.0	15.11
637	8.7	675.0	15.11
638	8.6	716.0	15.11
639	8.5	649.0	15.11
640	8.1	633.0	15.11
641	7.8	449.0	15.11
642	7.5	384.0	15.11
643	7.2	389.0	15.11
644	7.1	384.0	15.11
645	7.7	378.0	15.11
646	6.9	1079.0	15.11
647	6.8	404.0	15.11
648	4.6	364.0	15.11
649	3.7	462.0	15.11
650	2.5	55.0	15.11
651	1.9	54.0	15.11
652	1.1	54.0	15.11
653	0.7	54.0	15.11
654	0.9	55.0	15.11
655	1.6	56.0	15.11
656	2.5	54.0	15.11
657	3.1	54.0	15.11
658	3.1	387.0	15.11
659	4.2	447.0	15.11
660	4.3	851.0	15.11
661	4.8	773.0	15.11
662	4.6	599.0	15.11
663	5.1	624.0	15.11
664	4.5	601.0	15.11
665	4.2	416.0	15.11
666	3.8	370.0	15.11
667	3.3	374.0	15.11
668	3.4	54.0	15.11
669	3.1	55.0	15.11
670	2.9	992.0	15.11
671	2.7	55.0	15.11
672	2.6	54.0	15.11
673	2.9	55.0	15.11
674	2.6	54.0	15.11
675	3.1	54.0	15.11
676	3.0	55.0	15.11
677	3.3	54.0	15.11
678	4.1	55.0	15.11
679	4.5	55.0	15.11
680	5.0	54.0	15.11
681	5.6	54.0	15.11
682	6.1	54.0	15.11
683	9.1	53.0	15.11
684	9.1	55.0	15.11
685	8.8	54.0	15.11
686	10.2	54.0	15.11
687	9.7	56.0	15.11
688	9.9	55.0	15.11
689	9.9	704.0	15.11
690	11.0	382.0	15.11
691	10.2	388.0	15.11
692	12.1	407.0	15.11
693	12.4	387.0	15.11
694	11.9	55.0	16.11
