Twet Load Tset
4.9 54.0 15.11
4.8 55.0 15.11
3.8 54.0 15.11
3.8 54.0 15.11
3.7 53.0 15.11
3.7 54.0 15.11
3.1 53.0 15.11
3.4 54.0 15.11
4.5 55.0 15.11
6.0 55.0 15.11
7.4 54.0 15.11
7.9 373.0 15.11
8.5 370.0 15.11
9.2 383.0 15.11
8.7 419.0 15.11
9.5 416.0 15.11
9.8 421.0 15.11
8.6 407.0 15.11
9.7 410.0 15.11
10.2 421.0 15.11
10.7 680.0 15.11
8.0 399.0 15.11
5.4 414.0 15.11
4.4 361.0 15.11
3.2 53.0 15.11
2.8 55.0 15.11
2.5 54.0 15.11
1.0 55.0 15.11
0.1 54.0 15.11
-1.4 54.0 15.11
-1.3 53.0 15.11
-1.5 54.0 15.11
-0.7 54.0 15.11
-0.4 54.0 15.11
0.0 54.0 15.11
0.7 398.0 15.11
0.6 53.0 15.11
0.3 54.0 15.11
-0.4 54.0 15.11
-0.4 54.0 15.11
-0.8 55.0 15.11
-1.0 55.0 15.11
-1.2 54.0 15.11
-1.2 54.0 15.11
-1.6 55.0 15.11
-1.8 53.0 15.11
-2.0 55.0 15.11
-2.7 55.0 15.11
-3.0 54.0 15.11
-3.2 54.0 15.11
-3.7 54.0 16.11
-4.2 53.0 15.11
-4.0 54.0 15.11
-4.0 54.0 15.11
-3.7 54.0 16.11
-3.8 54.0 15.11
-4.1 55.0 15.11
-4.2 54.0 15.11
-3.8 54.0 15.11
-3.9 54.0 15.11
-3.9 54.0 15.11
-4.7 54.0 15.11
-5.0 55.0 15.11
-5.9 54.0 15.11
-6.2 54.0 15.11
-6.6 54.0 15.11
-6.7 53.0 15.11
-7.0 53.0 15.11
-6.5 54.0 15.11
-6.9 54.0 15.11
-7.6 53.0 15.11
-8.6 55.0 15.11
-9.3 54.0 15.11
-10.3 53.0 15.11
-10.8 54.0 15.11
-10.6 54.0 15.11
-10.5 53.0 15.11
-10.4 54.0 15.11
-9.9 53.0 15.11
-9.3 53.0 15.11
-8.4 52.0 15.11
-7.6 53.0 15.11
-6.9 53.0 15.11
-5.3 54.0 15.11
-4.5 54.0 15.11
-3.9 54.0 15.11
-3.5 54.0 15.11
-3.0 54.0 15.11
-3.1 55.0 15.11
-2.5 54.0 15.11
-2.5 54.0 15.11
-2.4 54.0 15.11
-2.3 55.0 15.11
-2.4 53.0 15.11
-1.5 54.0 15.11
-2.0 53.0 15.11
-2.0 54.0 15.11
-1.7 54.0 15.11
-1.9 53.0 15.11
-1.5 54.0 15.11
-0.5 53.0 15.11
-0.8 54.0 15.11
-0.5 55.0 15.11
0.0 54.0 15.11
0.1 54.0 15.11
1.9 53.0 15.11
2.0 53.0 15.11
2.9 53.0 15.11
3.1 55.0 15.11
3.1 54.0 15.11
3.1 54.0 15.11
3.5 55.0 15.11
2.8 53.0 15.11
2.3 54.0 15.11
2.0 54.0 15.11
1.3 55.0 15.11
1.1 54.0 15.11
0.8 54.0 15.11
0.5 54.0 15.11
0.7 55.0 15.11
0.1 54.0 15.11
0.1 54.0 15.11
0.0 53.0 15.11
-0.1 53.0 15.11
0.5 54.0 15.11
0.6 54.0 15.11
1.0 54.0 15.11
1.0 53.0 15.11
1.6 54.0 15.11
2.9 55.0 15.11
4.6 54.0 15.11
6.0 54.0 15.11
7.6 540.0 15.11
8.3 673.0 15.11
8.6 732.0 15.11
7.6 708.0 15.11
7.8 684.0 15.11
7.3 636.0 15.11
6.1 450.0 15.11
5.7 409.0 15.11
5.1 398.0 15.11
4.6 406.0 15.11
4.6 407.0 15.11
5.2 862.0 15.11
4.8 55.0 15.11
3.9 54.0 15.11
3.6 54.0 15.11
2.4 54.0 15.11
2.2 55.0 15.11
1.3 55.0 15.11
1.4 55.0 15.11
0.9 54.0 15.11
3.1 54.0 15.11
4.4 54.0 15.11
5.5 55.0 15.11
7.5 404.0 15.11
9.4 411.0 15.11
12.2 425.0 15.11
11.5 414.0 15.11
11.7 413.0 15.11
11.5 415.0 15.11
10.3 399.0 15.11
9.2 400.0 15.11
7.5 398.0 15.11
7.1 400.0 15.11
5.7 390.0 15.11
4.5 384.0 15.11
3.3 653.0 15.11
3.7 385.0 15.11
3.0 55.0 15.11
3.0 54.0 15.11
2.7 54.0 15.11
2.7 55.0 15.11
2.5 54.0 15.11
2.2 55.0 15.11
3.0 53.0 15.11
3.8 55.0 15.11
4.3 54.0 15.11
4.9 54.0 15.11
5.0 384.0 15.11
5.2 367.0 15.11
5.0 54.0 15.11
4.8 403.0 15.11
4.5 370.0 15.11
3.8 365.0 15.11
3.0 369.0 15.11
2.1 54.0 15.11
1.9 54.0 15.11
1.4 54.0 15.11
1.2 54.0 15.11
0.4 55.0 15.11
0.1 510.0 15.11
0.0 54.0 15.11
-0.2 54.0 15.11
-0.2 54.0 15.11
-1.0 54.0 15.11
-0.7 54.0 15.11
-0.7 55.0 15.11
-0.8 53.0 15.11
-0.5 55.0 15.11
0.3 54.0 15.11
0.9 54.0 15.11
0.9 54.0 15.11
1.2 55.0 15.11
1.1 54.0 15.11
0.7 54.0 15.11
1.3 54.0 15.11
0.6 54.0 15.11
0.1 55.0 15.11
0.6 53.0 15.11
0.4 54.0 16.11
0.6 54.0 15.11
0.6 54.0 15.11
1.0 54.0 15.11
1.0 54.0 15.11
1.2 55.0 15.11
1.0 54.0 15.11
1.0 54.0 15.11
0.4 54.0 16.11
0.3 54.0 15.11
-0.2 53.0 15.11
-0.2 56.0 15.11
-0.2 54.0 15.11
-0.4 54.0 15.11
0.4 54.0 16.11
2.1 54.0 15.11
3.5 54.0 15.11
5.2 53.0 15.11
5.9 54.0 15.11
5.9 1089.0 15.11
6.0 478.0 15.11
5.7 589.0 15.11
5.3 564.0 15.11
5.2 561.0 15.11
4.5 56.0 15.11
4.3 55.0 15.11
3.4 54.0 15.11
3.0 55.0 15.11
2.5 55.0 15.11
2.0 54.0 15.11
0.2 55.0 15.11
1.1 54.0 15.11
0.5 54.0 15.11
0.0 54.0 15.11
0.2 55.0 15.11
-0.2 55.0 15.11
0.0 56.0 15.11
0.2 54.0 15.11
1.5 54.0 15.11
2.9 53.0 15.11
4.0 54.0 15.11
5.1 56.0 15.11
5.4 54.0 15.11
6.7 54.0 15.11
6.9 54.0 15.11
6.7 54.0 15.11
6.7 54.0 15.11
6.4 55.0 15.11
6.4 55.0 15.11
6.7 54.0 15.11
6.9 54.0 15.11
6.9 54.0 15.11
7.7 55.0 15.11
8.8 56.0 15.11
8.8 54.0 15.11
8.8 56.0 15.11
8.3 54.0 15.11
8.3 54.0 15.11
8.3 56.0 15.11
6.9 55.0 15.11
6.1 54.0 15.11
5.8 54.0 15.11
6.4 56.0 15.11
6.7 54.0 15.11
7.5 54.0 15.11
8.0 55.0 15.11
9.6 422.0 15.11
10.2 518.0 15.11
10.7 646.0 15.11
10.4 660.0 15.11
9.9 652.0 15.11
9.1 660.0 15.11
9.6 442.0 15.11
10.2 408.0 15.11
8.1 358.0 15.11
9.1 398.0 15.11
8.3 402.0 15.11
8.1 556.0 15.11
8.6 415.0 15.11
8.0 410.0 15.11
5.6 55.0 15.11
3.4 55.0 15.11
2.2 54.0 15.11
1.6 54.0 15.11
0.0 54.0 15.11
-1.3 54.0 15.11
-1.0 54.0 15.11
-1.4 54.0 15.11
-1.0 54.0 15.11
-0.8 409.0 15.11
-0.6 54.0 15.11
-0.5 55.0 15.11
-0.2 54.0 15.11
0.0 55.0 15.11
-0.2 54.0 15.11
-0.6 54.0 15.11
-0.9 54.0 15.11
-1.1 54.0 15.11
-2.6 54.0 15.11
-3.1 54.0 15.11
-3.6 55.0 15.11
-3.9 55.0 15.11
-3.9 55.0 15.11
-4.2 54.0 15.11
-4.5 54.0 15.11
-4.3 55.0 15.11
-4.4 54.0 15.11
-4.8 54.0 15.11
-5.2 54.0 15.11
-4.8 54.0 15.11
-3.6 53.0 15.11
-2.9 54.0 15.11
-2.0 53.0 15.11
-1.6 54.0 15.11
-0.9 55.0 15.11
-1.4 56.0 15.11
-1.4 54.0 15.11
-1.2 54.0 15.11
-1.7 54.0 15.11
-2.3 55.0 15.11
-2.4 55.0 15.11
-3.2 54.0 15.11
-3.7 54.0 16.11
-3.7 54.0 16.11
-3.6 54.0 15.11
-3.6 54.0 15.11
-3.9 53.0 15.11
-3.9 54.0 15.11
-3.9 54.0 15.11
-3.9 53.0 15.11
-4.8 54.0 15.11
-5.2 54.0 15.11
-5.2 54.0 15.11
-5.0 54.0 15.11
-4.1 54.0 15.11
-3.6 53.0 15.11
-3.4 54.0 15.11
-3.4 55.0 15.11
-3.3 53.0 15.11
-3.0 54.0 15.11
-2.5 54.0 15.11
-3.1 54.0 15.11
-4.3 55.0 15.11
-4.7 54.0 15.11
-4.2 53.0 15.11
-4.1 54.0 15.11
-3.8 53.0 15.11
-4.3 54.0 15.11
-4.9 54.0 15.11
-5.1 53.0 15.11
-5.0 53.0 15.11
-5.3 54.0 15.11
-5.2 53.0 15.11
-5.5 53.0 15.11
-6.0 54.0 15.11
-6.0 53.0 15.11
-5.8 54.0 15.11
-5.8 52.0 15.11
-3.9 54.0 15.11
-2.8 53.0 15.11
-1.6 54.0 15.11
-1.0 53.0 15.11
-0.4 53.0 15.11
0.0 55.0 15.11
0.1 54.0 15.11
0.6 54.0 15.11
0.9 55.0 15.11
0.9 54.0 15.11
1.4 54.0 15.11
1.6 54.0 15.11
1.9 55.0 15.11
2.1 54.0 15.11
2.4 55.0 15.11
2.7 54.0 15.11
3.1 54.0 15.11
3.3 55.0 15.11
3.6 55.0 15.11
4.3 54.0 15.11
4.4 56.0 15.11
4.5 56.0 15.11
4.8 55.0 15.11
5.4 55.0 15.11
4.8 55.0 15.11
5.9 54.0 15.11
6.1 54.0 15.11
7.8 55.0 15.11
8.9 55.0 15.11
9.9 863.0 15.11
10.2 511.0 15.11
10.4 631.0 15.11
10.4 638.0 15.11
10.4 607.0 15.11
10.7 444.0 15.11
11.2 372.0 15.11
11.5 407.0 15.11
11.2 386.0 15.11
12.0 372.0 15.11
12.0 54.0 15.11
12.0 426.0 15.11
8.2 393.0 15.11
4.9 490.0 15.11
3.6 56.0 15.11
2.5 55.0 15.11
2.2 54.0 15.11
2.0 55.0 15.11
1.5 55.0 15.11
1.2 53.0 15.11
1.4 54.0 15.11
1.2 54.0 15.11
1.2 399.0 15.11
0.5 53.0 15.11
0.3 55.0 15.11
-0.1 54.0 15.11
-0.5 56.0 15.11
-1.7 54.0 15.11
-1.8 54.0 15.11
-2.3 55.0 15.11
-2.5 54.0 15.11
-3.1 54.0 15.11
-3.6 53.0 15.11
-4.3 53.0 15.11
-4.7 53.0 15.11
-4.7 54.0 15.11
-4.3 53.0 15.11
-5.0 54.0 15.11
-5.0 54.0 15.11
-5.2 54.0 15.11
-5.5 54.0 15.11
-5.4 54.0 15.11
-5.0 54.0 15.11
-4.0 53.0 15.11
-3.2 54.0 15.11
-2.0 54.0 15.11
-1.3 54.0 15.11
-0.8 54.0 15.11
0.0 55.0 15.11
-0.3 54.0 15.11
0.0 54.0 15.11
0.2 55.0 15.11
0.2 55.0 15.11
0.9 55.0 15.11
0.0 55.0 15.11
0.4 55.0 15.11
0.5 54.0 15.11
0.7 54.0 15.11
0.6 54.0 15.11
0.4 55.0 15.11
-0.2 54.0 15.11
0.0 54.0 15.11
-0.3 53.0 15.11
0.6 54.0 15.11
0.1 54.0 15.11
-0.2 53.0 15.11
-1.5 54.0 15.11
-1.9 54.0 15.11
-3.2 54.0 15.11
-3.1 53.0 15.11
-2.7 54.0 16.11
-2.1 53.0 15.11
-2.5 54.0 15.11
-2.9 54.0 15.11
-2.7 53.0 15.11
-3.1 54.0 15.11
-2.9 54.0 15.11
-3.0 54.0 15.11
-2.9 54.0 15.11
-3.1 54.0 15.11
-2.9 55.0 15.11
-2.7 54.0 16.11
-2.8 55.0 15.11
-2.8 54.0 16.11
-2.2 54.0 15.11
-1.7 54.0 15.11
-1.7 54.0 15.11
-0.9 53.0 15.11
-1.1 54.0 15.11
-1.1 54.0 15.11
-1.1 54.0 15.11
-1.1 54.0 15.11
-0.8 53.0 15.11
-0.6 53.0 15.11
-0.2 53.0 15.11
-0.2 54.0 15.11
-0.2 54.0 15.11
-0.2 55.0 15.11
-0.1 54.0 15.11
-0.6 53.0 15.11
-1.0 54.0 15.11
-1.2 54.0 15.11
-1.3 53.0 15.11
-1.3 53.0 15.11
-1.3 53.0 15.11
-1.9 54.0 15.11
-1.3 53.0 15.11
-1.5 54.0 15.11
-1.7 53.0 15.11
-2.0 54.0 15.11
-2.0 54.0 15.11
-2.0 54.0 15.11
-2.4 54.0 15.11
-2.4 54.0 15.11
-2.4 54.0 15.11
-2.4 53.0 15.11
-1.9 53.0 15.11
-2.2 54.0 15.11
-2.2 54.0 15.11
-2.2 53.0 15.11
-1.7 53.0 15.11
-1.7 54.0 15.11
-1.7 55.0 15.11
-1.7 54.0 15.11
-1.7 54.0 15.11
-1.5 54.0 15.11
-1.3 53.0 15.11
-1.3 54.0 15.11
-1.1 54.0 15.11
-0.8 53.0 15.11
-0.8 54.0 15.11
-0.6 54.0 15.11
-0.6 53.0 15.11
-0.2 54.0 15.11
0.0 54.0 15.11
0.0 53.0 15.11
0.0 54.0 15.11
0.1 55.0 15.11
0.1 53.0 15.11
0.6 54.0 15.11
0.6 54.0 15.11
1.2 54.0 15.11
1.4 53.0 15.11
1.4 54.0 15.11
1.9 54.0 15.11
1.9 54.0 15.11
2.5 53.0 15.11
2.8 53.0 15.11
3.4 54.0 15.11
4.1 54.0 15.11
4.7 54.0 15.11
4.1 54.0 15.11
4.7 55.0 15.11
5.8 55.0 15.11
6.1 53.0 15.11
6.1 54.0 15.11
6.1 54.0 15.11
6.1 54.0 15.11
5.8 54.0 15.11
6.6 55.0 15.11
6.1 54.0 15.11
6.1 55.0 15.11
5.8 53.0 15.11
5.9 54.0 15.11
6.7 54.0 15.11
7.0 54.0 15.11
7.0 54.0 15.11
7.3 761.0 15.11
8.4 535.0 15.11
8.6 921.0 15.11
9.2 560.0 15.11
7.9 608.0 15.11
8.1 586.0 15.11
5.4 54.0 15.11
6.5 55.0 15.11
5.7 55.0 15.11
5.4 55.0 15.11
3.4 54.0 15.11
3.6 54.0 15.11
2.9 54.0 15.11
2.3 56.0 15.11
2.1 54.0 15.11
2.1 55.0 15.11
1.5 55.0 15.11
1.5 54.0 15.11
1.0 56.0 15.11
1.0 54.0 15.11
2.2 55.0 15.11
3.1 56.0 15.11
3.2 54.0 15.11
3.9 54.0 15.11
4.2 54.0 15.11
4.5 410.0 15.11
4.5 54.0 15.11
5.0 54.0 15.11
4.5 55.0 15.11
4.5 54.0 15.11
3.8 55.0 15.11
3.2 55.0 15.11
3.2 54.0 15.11
2.7 53.0 15.11
3.1 53.0 15.11
3.1 54.0 15.11
3.1 55.0 15.11
3.3 55.0 15.11
3.3 55.0 15.11
4.1 54.0 15.11
3.5 54.0 15.11
3.8 54.0 15.11
3.8 54.0 15.11
4.3 54.0 15.11
4.5 54.0 15.11
5.1 54.0 15.11
6.7 54.0 15.11
7.6 54.0 15.11
8.4 552.0 15.11
9.4 521.0 15.11
8.1 924.0 15.11
9.4 534.0 15.11
9.4 597.0 15.11
8.9 608.0 15.11
9.4 406.0 15.11
8.9 381.0 15.11
8.6 367.0 15.11
9.4 368.0 15.11
9.4 366.0 15.11
10.2 1117.0 15.11
11.6 422.0 15.11
10.8 397.0 15.11
11.1 856.0 15.11
11.3 634.0 15.11
11.9 661.0 15.11
12.2 687.0 15.11
13.0 733.0 16.11
15.1 759.0 18.11
13.5 761.0 17.11
14.3 702.0 17.11
14.9 797.0 18.11
15.0 378.0 17.11
11.2 633.0 15.11
10.0 648.0 15.11
8.3 638.0 15.11
7.0 553.0 15.11
6.1 552.0 15.11
5.1 530.0 15.11
4.5 54.0 15.11
4.0 54.0 15.11
3.8 54.0 15.11
3.2 54.0 15.11
2.5 54.0 15.11
2.0 761.0 15.11
1.4 55.0 15.11
1.1 55.0 15.11
1.1 54.0 15.11
1.5 54.0 15.11
1.1 55.0 15.11
0.5 55.0 15.11
0.0 55.0 15.11
0.5 54.0 15.11
2.0 55.0 15.11
2.4 54.0 15.11
3.1 55.0 15.11
4.7 55.0 15.11
5.6 54.0 15.11
5.9 713.0 15.11
6.5 638.0 15.11
6.5 389.0 15.11
6.3 361.0 15.11
6.5 365.0 15.11
4.6 357.0 15.11
2.5 373.0 15.11
2.2 55.0 15.11
1.0 54.0 15.11
0.8 56.0 15.11
0.1 55.0 15.11
-0.6 54.0 15.11
-1.3 55.0 15.11
-2.0 56.0 15.11
-1.8 53.0 15.11
-2.5 54.0 15.11
-2.8 54.0 16.11
-3.5 55.0 15.11
-3.2 54.0 15.11
-1.6 54.0 15.11
-0.5 54.0 15.11
0.6 54.0 15.11
0.6 55.0 15.11
1.1 56.0 15.11
2.1 54.0 15.11
2.1 55.0 15.11
2.0 55.0 15.11
1.4 54.0 15.11
1.2 54.0 15.11
1.2 53.0 15.11
0.7 55.0 15.11
0.7 54.0 15.11
0.7 55.0 15.11
1.0 54.0 15.11
1.1 55.0 15.11
-0.1 55.0 15.11
-0.6 54.0 15.11
-1.1 54.0 15.11
-1.8 54.0 15.11
-1.8 54.0 15.11
-1.9 54.0 15.11
-2.2 54.0 15.11
-2.2 55.0 15.11
-1.7 54.0 15.11
-0.4 53.0 15.11
-0.3 55.0 15.11
0.2 54.0 15.11
0.5 54.0 15.11
0.9 56.0 15.11
1.6 54.0 15.11
1.7 54.0 15.11
1.4 55.0 15.11
1.9 55.0 15.11
1.4 55.0 15.11
1.7 54.0 15.11
1.2 55.0 15.11
1.4 54.0 15.11
1.6 56.0 15.11
1.5 56.0 15.11
1.7 55.0 15.11
1.9 54.0 15.11
2.0 55.0 15.11
1.9 54.0 15.11
1.6 54.0 15.11
1.4 54.0 15.11
1.4 54.0 15.11
2.4 54.0 15.11
3.7 54.0 15.11
5.0 53.0 15.11
5.7 54.0 15.11
7.2 54.0 15.11
7.9 572.0 15.11
8.9 662.0 15.11
9.2 732.0 15.11
9.0 718.0 15.11
8.6 654.0 15.11
7.7 636.0 15.11
6.7 444.0 15.11
7.1 410.0 15.11
6.7 403.0 15.11
6.7 404.0 15.11
7.1 407.0 15.11
7.0 767.0 15.11
