	Twet	Load	Tset
0	4.9	54.0	15.11
1	4.8	55.0	15.11
2	3.8	54.0	15.11
3	3.8	54.0	15.11
4	3.7	53.0	15.11
5	3.7	54.0	15.11
6	3.1	53.0	15.11
7	3.4	54.0	15.11
8	4.5	55.0	15.11
9	6.0	55.0	15.11
10	7.4	54.0	15.11
11	7.9	373.0	15.11
12	8.5	370.0	15.11
13	9.2	383.0	15.11
14	8.7	419.0	15.11
15	9.5	416.0	15.11
16	9.8	421.0	15.11
17	8.6	407.0	15.11
18	9.7	410.0	15.11
19	10.2	421.0	15.11
20	10.7	680.0	15.11
21	8.0	399.0	15.11
22	5.4	414.0	15.11
23	4.4	361.0	15.11
24	3.2	53.0	15.11
25	2.8	55.0	15.11
26	2.5	54.0	15.11
27	1.0	55.0	15.11
28	0.1	54.0	15.11
29	-1.4	54.0	15.11
30	-1.3	53.0	15.11
31	-1.5	54.0	15.11
32	-0.7	54.0	15.11
33	-0.4	54.0	15.11
34	0.0	54.0	15.11
35	0.7	398.0	15.11
36	0.6	53.0	15.11
37	0.3	54.0	15.11
38	-0.4	54.0	15.11
39	-0.4	54.0	15.11
40	-0.8	55.0	15.11
41	-1.0	55.0	15.11
42	-1.2	54.0	15.11
43	-1.2	54.0	15.11
44	-1.6	55.0	15.11
45	-1.8	53.0	15.11
46	-2.0	55.0	15.11
47	-2.7	55.0	15.11
48	-3.0	54.0	15.11
49	-3.2	54.0	15.11
50	-3.7	54.0	16.11
51	-4.2	53.0	15.11
52	-4.0	54.0	15.11
53	-4.0	54.0	15.11
54	-3.7	54.0	16.11
55	-3.8	54.0	15.11
56	-4.1	55.0	15.11
57	-4.2	54.0	15.11
58	-3.8	54.0	15.11
59	-3.9	54.0	15.11
60	-3.9	54.0	15.11
61	-4.7	54.0	15.11
62	-5.0	55.0	15.11
63	-5.9	54.0	15.11
64	-6.2	54.0	15.11
65	-6.6	54.0	15.11
66	-6.7	53.0	15.11
67	-7.0	53.0	15.11
68	-6.5	54.0	15.11
69	-6.9	54.0	15.11
70	-7.6	53.0	15.11
71	-8.6	55.0	15.11
72	-9.3	54.0	15.11
73	-10.3	53.0	15.11
74	-10.8	54.0	15.11
75	-10.6	54.0	15.11
76	-10.5	53.0	15.11
77	-10.4	54.0	15.11
78	-9.9	53.0	15.11
79	-9.3	53.0	15.11
80	-8.4	52.0	15.11
81	-7.6	53.0	15.11
82	-6.9	53.0	15.11
83	-5.3	54.0	15.11
84	-4.5	54.0	15.11
85	-3.9	54.0	15.11
86	-3.5	54.0	15.11
87	-3.0	54.0	15.11
88	-3.1	55.0	15.11
89	-2.5	54.0	15.11
90	-2.5	54.0	15.11
91	-2.4	54.0	15.11
92	-2.3	55.0	15.11
93	-2.4	53.0	15.11
94	-1.5	54.0	15.11
95	-2.0	53.0	15.11
96	-2.0	54.0	15.11
97	-1.7	54.0	15.11
98	-1.9	53.0	15.11
99	-1.5	54.0	15.11
100	-0.5	53.0	15.11
101	-0.8	54.0	15.11
102	-0.5	55.0	15.11
103	0.0	54.0	15.11
104	0.1	54.0	15.11
105	1.9	53.0	15.11
106	2.0	53.0	15.11
107	2.9	53.0	15.11
108	3.1	55.0	15.11
109	3.1	54.0	15.11
110	3.1	54.0	15.11
111	3.5	55.0	15.11
112	2.8	53.0	15.11
113	2.3	54.0	15.11
114	2.0	54.0	15.11
115	1.3	55.0	15.11
116	1.1	54.0	15.11
117	0.8	54.0	15.11
118	0.5	54.0	15.11
119	0.7	55.0	15.11
120	0.1	54.0	15.11
121	0.1	54.0	15.11
122	0.0	53.0	15.11
123	-0.1	53.0	15.11
124	0.5	54.0	15.11
125	0.6	54.0	15.11
126	1.0	54.0	15.11
127	1.0	53.0	15.11
128	1.6	54.0	15.11
129	2.9	55.0	15.11
130	4.6	54.0	15.11
131	6.0	54.0	15.11
132	7.6	540.0	15.11
133	8.3	673.0	15.11
134	8.6	732.0	15.11
135	7.6	708.0	15.11
136	7.8	684.0	15.11
137	7.3	636.0	15.11
138	6.1	450.0	15.11
139	5.7	409.0	15.11
140	5.1	398.0	15.11
141	4.6	406.0	15.11
142	4.6	407.0	15.11
143	5.2	862.0	15.11
144	4.8	55.0	15.11
145	3.9	54.0	15.11
146	3.6	54.0	15.11
147	2.4	54.0	15.11
148	2.2	55.0	15.11
149	1.3	55.0	15.11
150	1.4	55.0	15.11
151	0.9	54.0	15.11
152	3.1	54.0	15.11
153	4.4	54.0	15.11
154	5.5	55.0	15.11
155	7.5	404.0	15.11
156	9.4	411.0	15.11
157	12.2	425.0	15.11
158	11.5	414.0	15.11
159	11.7	413.0	15.11
160	11.5	415.0	15.11
161	10.3	399.0	15.11
162	9.2	400.0	15.11
163	7.5	398.0	15.11
164	7.1	400.0	15.11
165	5.7	390.0	15.11
166	4.5	384.0	15.11
167	3.3	653.0	15.11
168	3.7	385.0	15.11
169	3.0	55.0	15.11
170	3.0	54.0	15.11
171	2.7	54.0	15.11
172	2.7	55.0	15.11
173	2.5	54.0	15.11
174	2.2	55.0	15.11
175	3.0	53.0	15.11
176	3.8	55.0	15.11
177	4.3	54.0	15.11
178	4.9	54.0	15.11
179	5.0	384.0	15.11
180	5.2	367.0	15.11
181	5.0	54.0	15.11
182	4.8	403.0	15.11
183	4.5	370.0	15.11
184	3.8	365.0	15.11
185	3.0	369.0	15.11
186	2.1	54.0	15.11
187	1.9	54.0	15.11
188	1.4	54.0	15.11
189	1.2	54.0	15.11
190	0.4	55.0	15.11
191	0.1	510.0	15.11
192	0.0	54.0	15.11
193	-0.2	54.0	15.11
194	-0.2	54.0	15.11
195	-1.0	54.0	15.11
196	-0.7	54.0	15.11
197	-0.7	55.0	15.11
198	-0.8	53.0	15.11
199	-0.5	55.0	15.11
200	0.3	54.0	15.11
201	0.9	54.0	15.11
202	0.9	54.0	15.11
203	1.2	55.0	15.11
204	1.1	54.0	15.11
205	0.7	54.0	15.11
206	1.3	54.0	15.11
207	0.6	54.0	15.11
208	0.1	55.0	15.11
209	0.6	53.0	15.11
210	0.4	54.0	16.11
211	0.6	54.0	15.11
212	0.6	54.0	15.11
213	1.0	54.0	15.11
214	1.0	54.0	15.11
215	1.2	55.0	15.11
216	1.0	54.0	15.11
217	1.0	54.0	15.11
218	0.4	54.0	16.11
219	0.3	54.0	15.11
220	-0.2	53.0	15.11
221	-0.2	56.0	15.11
222	-0.2	54.0	15.11
223	-0.4	54.0	15.11
224	0.4	54.0	16.11
225	2.1	54.0	15.11
226	3.5	54.0	15.11
227	5.2	53.0	15.11
228	5.9	54.0	15.11
229	5.9	1089.0	15.11
230	6.0	478.0	15.11
231	5.7	589.0	15.11
232	5.3	564.0	15.11
233	5.2	561.0	15.11
234	4.5	56.0	15.11
235	4.3	55.0	15.11
236	3.4	54.0	15.11
237	3.0	55.0	15.11
238	2.5	55.0	15.11
239	2.0	54.0	15.11
240	0.2	55.0	15.11
241	1.1	54.0	15.11
242	0.5	54.0	15.11
243	0.0	54.0	15.11
244	0.2	55.0	15.11
245	-0.2	55.0	15.11
246	0.0	56.0	15.11
247	0.2	54.0	15.11
248	1.5	54.0	15.11
249	2.9	53.0	15.11
250	4.0	54.0	15.11
251	5.1	56.0	15.11
252	5.4	54.0	15.11
253	6.7	54.0	15.11
254	6.9	54.0	15.11
255	6.7	54.0	15.11
256	6.7	54.0	15.11
257	6.4	55.0	15.11
258	6.4	55.0	15.11
259	6.7	54.0	15.11
260	6.9	54.0	15.11
261	6.9	54.0	15.11
262	7.7	55.0	15.11
263	8.8	56.0	15.11
264	8.8	54.0	15.11
265	8.8	56.0	15.11
266	8.3	54.0	15.11
267	8.3	54.0	15.11
268	8.3	56.0	15.11
269	6.9	55.0	15.11
270	6.1	54.0	15.11
271	5.8	54.0	15.11
272	6.4	56.0	15.11
273	6.7	54.0	15.11
274	7.5	54.0	15.11
275	8.0	55.0	15.11
276	9.6	422.0	15.11
277	10.2	518.0	15.11
278	10.7	646.0	15.11
279	10.4	660.0	15.11
280	9.9	652.0	15.11
281	9.1	660.0	15.11
282	9.6	442.0	15.11
283	10.2	408.0	15.11
284	8.1	358.0	15.11
285	9.1	398.0	15.11
286	8.3	402.0	15.11
287	8.1	556.0	15.11
288	8.6	415.0	15.11
289	8.0	410.0	15.11
290	5.6	55.0	15.11
291	3.4	55.0	15.11
292	2.2	54.0	15.11
293	1.6	54.0	15.11
294	0.0	54.0	15.11
295	-1.3	54.0	15.11
296	-1.0	54.0	15.11
297	-1.4	54.0	15.11
298	-1.0	54.0	15.11
299	-0.8	409.0	15.11
300	-0.6	54.0	15.11
301	-0.5	55.0	15.11
302	-0.2	54.0	15.11
303	0.0	55.0	15.11
304	-0.2	54.0	15.11
305	-0.6	54.0	15.11
306	-0.9	54.0	15.11
307	-1.1	54.0	15.11
308	-2.6	54.0	15.11
309	-3.1	54.0	15.11
310	-3.6	55.0	15.11
311	-3.9	55.0	15.11
312	-3.9	55.0	15.11
313	-4.2	54.0	15.11
314	-4.5	54.0	15.11
315	-4.3	55.0	15.11
316	-4.4	54.0	15.11
317	-4.8	54.0	15.11
318	-5.2	54.0	15.11
319	-4.8	54.0	15.11
320	-3.6	53.0	15.11
321	-2.9	54.0	15.11
322	-2.0	53.0	15.11
323	-1.6	54.0	15.11
324	-0.9	55.0	15.11
325	-1.4	56.0	15.11
326	-1.4	54.0	15.11
327	-1.2	54.0	15.11
328	-1.7	54.0	15.11
329	-2.3	55.0	15.11
330	-2.4	55.0	15.11
331	-3.2	54.0	15.11
332	-3.7	54.0	16.11
333	-3.7	54.0	16.11
334	-3.6	54.0	15.11
335	-3.6	54.0	15.11
336	-3.9	53.0	15.11
337	-3.9	54.0	15.11
338	-3.9	54.0	15.11
339	-3.9	53.0	15.11
340	-4.8	54.0	15.11
341	-5.2	54.0	15.11
342	-5.2	54.0	15.11
343	-5.0	54.0	15.11
344	-4.1	54.0	15.11
345	-3.6	53.0	15.11
346	-3.4	54.0	15.11
347	-3.4	55.0	15.11
348	-3.3	53.0	15.11
349	-3.0	54.0	15.11
350	-2.5	54.0	15.11
351	-3.1	54.0	15.11
352	-4.3	55.0	15.11
353	-4.7	54.0	15.11
354	-4.2	53.0	15.11
355	-4.1	54.0	15.11
356	-3.8	53.0	15.11
357	-4.3	54.0	15.11
358	-4.9	54.0	15.11
359	-5.1	53.0	15.11
360	-5.0	53.0	15.11
361	-5.3	54.0	15.11
362	-5.2	53.0	15.11
363	-5.5	53.0	15.11
364	-6.0	54.0	15.11
365	-6.0	53.0	15.11
366	-5.8	54.0	15.11
367	-5.8	52.0	15.11
368	-3.9	54.0	15.11
369	-2.8	53.0	15.11
370	-1.6	54.0	15.11
371	-1.0	53.0	15.11
372	-0.4	53.0	15.11
373	0.0	55.0	15.11
374	0.1	54.0	15.11
375	0.6	54.0	15.11
376	0.9	55.0	15.11
377	0.9	54.0	15.11
378	1.4	54.0	15.11
379	1.6	54.0	15.11
380	1.9	55.0	15.11
381	2.1	54.0	15.11
382	2.4	55.0	15.11
383	2.7	54.0	15.11
384	3.1	54.0	15.11
385	3.3	55.0	15.11
386	3.6	55.0	15.11
387	4.3	54.0	15.11
388	4.4	56.0	15.11
389	4.5	56.0	15.11
390	4.8	55.0	15.11
391	5.4	55.0	15.11
392	4.8	55.0	15.11
393	5.9	54.0	15.11
394	6.1	54.0	15.11
395	7.8	55.0	15.11
396	8.9	55.0	15.11
397	9.9	863.0	15.11
398	10.2	511.0	15.11
399	10.4	631.0	15.11
400	10.4	638.0	15.11
401	10.4	607.0	15.11
402	10.7	444.0	15.11
403	11.2	372.0	15.11
404	11.5	407.0	15.11
405	11.2	386.0	15.11
406	12.0	372.0	15.11
407	12.0	54.0	15.11
408	12.0	426.0	15.11
409	8.2	393.0	15.11
410	4.9	490.0	15.11
411	3.6	56.0	15.11
412	2.5	55.0	15.11
413	2.2	54.0	15.11
414	2.0	55.0	15.11
415	1.5	55.0	15.11
416	1.2	53.0	15.11
417	1.4	54.0	15.11
418	1.2	54.0	15.11
419	1.2	399.0	15.11
420	0.5	53.0	15.11
421	0.3	55.0	15.11
422	-0.1	54.0	15.11
423	-0.5	56.0	15.11
424	-1.7	54.0	15.11
425	-1.8	54.0	15.11
426	-2.3	55.0	15.11
427	-2.5	54.0	15.11
428	-3.1	54.0	15.11
429	-3.6	53.0	15.11
430	-4.3	53.0	15.11
431	-4.7	53.0	15.11
432	-4.7	54.0	15.11
433	-4.3	53.0	15.11
434	-5.0	54.0	15.11
435	-5.0	54.0	15.11
436	-5.2	54.0	15.11
437	-5.5	54.0	15.11
438	-5.4	54.0	15.11
439	-5.0	54.0	15.11
440	-4.0	53.0	15.11
441	-3.2	54.0	15.11
442	-2.0	54.0	15.11
443	-1.3	54.0	15.11
444	-0.8	54.0	15.11
445	0.0	55.0	15.11
446	-0.3	54.0	15.11
447	0.0	54.0	15.11
448	0.2	55.0	15.11
449	0.2	55.0	15.11
450	0.9	55.0	15.11
451	0.0	55.0	15.11
452	0.4	55.0	15.11
453	0.5	54.0	15.11
454	0.7	54.0	15.11
455	0.6	54.0	15.11
456	0.4	55.0	15.11
457	-0.2	54.0	15.11
458	0.0	54.0	15.11
459	-0.3	53.0	15.11
460	0.6	54.0	15.11
461	0.1	54.0	15.11
462	-0.2	53.0	15.11
463	-1.5	54.0	15.11
464	-1.9	54.0	15.11
465	-3.2	54.0	15.11
466	-3.1	53.0	15.11
467	-2.7	54.0	16.11
468	-2.1	53.0	15.11
469	-2.5	54.0	15.11
470	-2.9	54.0	15.11
471	-2.7	53.0	15.11
472	-3.1	54.0	15.11
473	-2.9	54.0	15.11
474	-3.0	54.0	15.11
475	-2.9	54.0	15.11
476	-3.1	54.0	15.11
477	-2.9	55.0	15.11
478	-2.7	54.0	16.11
479	-2.8	55.0	15.11
480	-2.8	54.0	16.11
481	-2.2	54.0	15.11
482	-1.7	54.0	15.11
483	-1.7	54.0	15.11
484	-0.9	53.0	15.11
485	-1.1	54.0	15.11
486	-1.1	54.0	15.11
487	-1.1	54.0	15.11
488	-1.1	54.0	15.11
489	-0.8	53.0	15.11
490	-0.6	53.0	15.11
491	-0.2	53.0	15.11
492	-0.2	54.0	15.11
493	-0.2	54.0	15.11
494	-0.2	55.0	15.11
495	-0.1	54.0	15.11
496	-0.6	53.0	15.11
497	-1.0	54.0	15.11
498	-1.2	54.0	15.11
499	-1.3	53.0	15.11
500	-1.3	53.0	15.11
501	-1.3	53.0	15.11
502	-1.9	54.0	15.11
503	-1.3	53.0	15.11
504	-1.5	54.0	15.11
505	-1.7	53.0	15.11
506	-2.0	54.0	15.11
507	-2.0	54.0	15.11
508	-2.0	54.0	15.11
509	-2.4	54.0	15.11
510	-2.4	54.0	15.11
511	-2.4	54.0	15.11
512	-2.4	53.0	15.11
513	-1.9	53.0	15.11
514	-2.2	54.0	15.11
515	-2.2	54.0	15.11
516	-2.2	53.0	15.11
517	-1.7	53.0	15.11
518	-1.7	54.0	15.11
519	-1.7	55.0	15.11
520	-1.7	54.0	15.11
521	-1.7	54.0	15.11
522	-1.5	54.0	15.11
523	-1.3	53.0	15.11
524	-1.3	54.0	15.11
525	-1.1	54.0	15.11
526	-0.8	53.0	15.11
527	-0.8	54.0	15.11
528	-0.6	54.0	15.11
529	-0.6	53.0	15.11
530	-0.2	54.0	15.11
531	0.0	54.0	15.11
532	0.0	53.0	15.11
533	0.0	54.0	15.11
534	0.1	55.0	15.11
535	0.1	53.0	15.11
536	0.6	54.0	15.11
537	0.6	54.0	15.11
538	1.2	54.0	15.11
539	1.4	53.0	15.11
540	1.4	54.0	15.11
541	1.9	54.0	15.11
542	1.9	54.0	15.11
543	2.5	53.0	15.11
544	2.8	53.0	15.11
545	3.4	54.0	15.11
546	4.1	54.0	15.11
547	4.7	54.0	15.11
548	4.1	54.0	15.11
549	4.7	55.0	15.11
550	5.8	55.0	15.11
551	6.1	53.0	15.11
552	6.1	54.0	15.11
553	6.1	54.0	15.11
554	6.1	54.0	15.11
555	5.8	54.0	15.11
556	6.6	55.0	15.11
557	6.1	54.0	15.11
558	6.1	55.0	15.11
559	5.8	53.0	15.11
560	5.9	54.0	15.11
561	6.7	54.0	15.11
562	7.0	54.0	15.11
563	7.0	54.0	15.11
564	7.3	761.0	15.11
565	8.4	535.0	15.11
566	8.6	921.0	15.11
567	9.2	560.0	15.11
568	7.9	608.0	15.11
569	8.1	586.0	15.11
570	5.4	54.0	15.11
571	6.5	55.0	15.11
572	5.7	55.0	15.11
573	5.4	55.0	15.11
574	3.4	54.0	15.11
575	3.6	54.0	15.11
576	2.9	54.0	15.11
577	2.3	56.0	15.11
578	2.1	54.0	15.11
579	2.1	55.0	15.11
580	1.5	55.0	15.11
581	1.5	54.0	15.11
582	1.0	56.0	15.11
583	1.0	54.0	15.11
584	2.2	55.0	15.11
585	3.1	56.0	15.11
586	3.2	54.0	15.11
587	3.9	54.0	15.11
588	4.2	54.0	15.11
589	4.5	410.0	15.11
590	4.5	54.0	15.11
591	5.0	54.0	15.11
592	4.5	55.0	15.11
593	4.5	54.0	15.11
594	3.8	55.0	15.11
595	3.2	55.0	15.11
596	3.2	54.0	15.11
597	2.7	53.0	15.11
598	3.1	53.0	15.11
599	3.1	54.0	15.11
600	3.1	55.0	15.11
601	3.3	55.0	15.11
602	3.3	55.0	15.11
603	4.1	54.0	15.11
604	3.5	54.0	15.11
605	3.8	54.0	15.11
606	3.8	54.0	15.11
607	4.3	54.0	15.11
608	4.5	54.0	15.11
609	5.1	54.0	15.11
610	6.7	54.0	15.11
611	7.6	54.0	15.11
612	8.4	552.0	15.11
613	9.4	521.0	15.11
614	8.1	924.0	15.11
615	9.4	534.0	15.11
616	9.4	597.0	15.11
617	8.9	608.0	15.11
618	9.4	406.0	15.11
619	8.9	381.0	15.11
620	8.6	367.0	15.11
621	9.4	368.0	15.11
622	9.4	366.0	15.11
623	10.2	1117.0	15.11
624	11.6	422.0	15.11
625	10.8	397.0	15.11
626	11.1	856.0	15.11
627	11.3	634.0	15.11
628	11.9	661.0	15.11
629	12.2	687.0	15.11
630	13.0	733.0	16.11
631	15.1	759.0	18.11
632	13.5	761.0	17.11
633	14.3	702.0	17.11
634	14.9	797.0	18.11
635	15.0	378.0	17.11
636	11.2	633.0	15.11
637	10.0	648.0	15.11
638	8.3	638.0	15.11
639	7.0	553.0	15.11
640	6.1	552.0	15.11
641	5.1	530.0	15.11
642	4.5	54.0	15.11
643	4.0	54.0	15.11
644	3.8	54.0	15.11
645	3.2	54.0	15.11
646	2.5	54.0	15.11
647	2.0	761.0	15.11
648	1.4	55.0	15.11
649	1.1	55.0	15.11
650	1.1	54.0	15.11
651	1.5	54.0	15.11
652	1.1	55.0	15.11
653	0.5	55.0	15.11
654	0.0	55.0	15.11
655	0.5	54.0	15.11
656	2.0	55.0	15.11
657	2.4	54.0	15.11
658	3.1	55.0	15.11
659	4.7	55.0	15.11
660	5.6	54.0	15.11
661	5.9	713.0	15.11
662	6.5	638.0	15.11
663	6.5	389.0	15.11
664	6.3	361.0	15.11
665	6.5	365.0	15.11
666	4.6	357.0	15.11
667	2.5	373.0	15.11
668	2.2	55.0	15.11
669	1.0	54.0	15.11
670	0.8	56.0	15.11
671	0.1	55.0	15.11
672	-0.6	54.0	15.11
673	-1.3	55.0	15.11
674	-2.0	56.0	15.11
675	-1.8	53.0	15.11
676	-2.5	54.0	15.11
677	-2.8	54.0	16.11
678	-3.5	55.0	15.11
679	-3.2	54.0	15.11
680	-1.6	54.0	15.11
681	-0.5	54.0	15.11
682	0.6	54.0	15.11
683	0.6	55.0	15.11
684	1.1	56.0	15.11
685	2.1	54.0	15.11
686	2.1	55.0	15.11
687	2.0	55.0	15.11
688	1.4	54.0	15.11
689	1.2	54.0	15.11
690	1.2	53.0	15.11
691	0.7	55.0	15.11
692	0.7	54.0	15.11
693	0.7	55.0	15.11
694	1.0	54.0	15.11
695	1.1	55.0	15.11
696	-0.1	55.0	15.11
697	-0.6	54.0	15.11
698	-1.1	54.0	15.11
699	-1.8	54.0	15.11
700	-1.8	54.0	15.11
701	-1.9	54.0	15.11
702	-2.2	54.0	15.11
703	-2.2	55.0	15.11
704	-1.7	54.0	15.11
705	-0.4	53.0	15.11
706	-0.3	55.0	15.11
707	0.2	54.0	15.11
708	0.5	54.0	15.11
709	0.9	56.0	15.11
710	1.6	54.0	15.11
711	1.7	54.0	15.11
712	1.4	55.0	15.11
713	1.9	55.0	15.11
714	1.4	55.0	15.11
715	1.7	54.0	15.11
716	1.2	55.0	15.11
717	1.4	54.0	15.11
718	1.6	56.0	15.11
719	1.5	56.0	15.11
720	1.7	55.0	15.11
721	1.9	54.0	15.11
722	2.0	55.0	15.11
723	1.9	54.0	15.11
724	1.6	54.0	15.11
725	1.4	54.0	15.11
726	1.4	54.0	15.11
727	2.4	54.0	15.11
728	3.7	54.0	15.11
729	5.0	53.0	15.11
730	5.7	54.0	15.11
731	7.2	54.0	15.11
732	7.9	572.0	15.11
733	8.9	662.0	15.11
734	9.2	732.0	15.11
735	9.0	718.0	15.11
736	8.6	654.0	15.11
737	7.7	636.0	15.11
738	6.7	444.0	15.11
739	7.1	410.0	15.11
740	6.7	403.0	15.11
741	6.7	404.0	15.11
742	7.1	407.0	15.11
743	7.0	767.0	15.11
