Twet Load Tset
23.4 1232.0 26.11
23.6 1222.0 26.11
23.0 1210.0 25.11
22.3 1186.0 25.11
22.9 1185.0 25.11
23.7 1224.0 26.11
24.5 1250.0 26.11
24.8 1301.0 26.11
24.4 1337.0 26.11
24.2 1295.0 26.11
24.5 1269.0 26.11
23.8 1358.0 26.11
24.1 1344.0 26.11
24.2 1361.0 26.11
24.1 1354.0 26.11
22.1 1314.0 25.11
22.5 1241.0 25.11
22.3 1209.0 25.11
22.3 1215.0 25.11
22.1 1198.0 25.11
22.4 1195.0 25.11
22.1 1343.0 25.11
22.55 1153.0 25.11
23.0 656.0 25.11
21.1 931.0 23.11
20.3 911.0 23.11
20.3 907.0 23.11
20.0 910.0 22.11
20.1 927.0 22.11
20.9 931.0 23.11
21.6 1457.0 24.11
21.6 1249.0 24.11
21.7 1302.0 24.11
19.7 1255.0 22.11
21.2 1223.0 24.11
21.5 1310.0 24.11
22.1 1346.0 25.11
21.7 1372.0 24.11
21.6 1345.0 24.11
21.2 1288.0 24.11
20.8 1225.0 23.11
20.7 1146.0 23.11
21.0 1097.0 23.11
20.7 930.0 23.11
20.8 925.0 23.11
20.6 1305.0 23.11
20.7 909.0 23.11
21.4 906.0 24.11
21.4 911.0 24.11
21.5 920.0 24.11
20.7 938.0 23.11
20.8 940.0 23.11
21.2 934.0 23.11
21.9 933.0 24.11
22.7 1459.0 25.11
23.2 1304.0 26.11
22.9 1396.0 25.11
22.2 844.0 24.11
21.7 1487.0 24.11
21.3 1371.0 24.11
21.2 2182.0 24.11
20.8 1445.0 23.11
20.8 1367.0 23.11
21.3 1310.0 24.11
21.5 1249.0 24.11
21.6 1249.0 24.11
23.5 1309.0 26.11
21.5 1198.0 24.11
22.0 1169.0 24.11
21.8 1401.0 24.11
22.0 1168.0 24.11
21.7 1184.0 24.11
22.2 1189.0 25.11
21.7 1177.0 24.11
21.0 1150.0 23.11
20.5 1111.0 23.11
20.5 1106.0 23.11
20.3 1120.0 23.11
20.5 1116.0 23.11
21.6 1203.0 24.11
22.1 1272.0 25.11
23.3 1171.0 26.11
23.8 1381.0 26.11
23.8 1393.0 26.11
24.2 1421.0 26.11
24.8 1443.0 26.11
24.7 1466.0 26.11
24.7 1477.0 26.11
24.7 1462.0 26.11
24.9 1426.0 26.11
24.9 1384.0 26.11
25.0 1399.0 26.11
21.0 1338.0 24.11
20.8 1145.0 23.11
20.9 1145.0 23.11
20.6 1150.0 23.11
20.7 1173.0 23.11
20.9 1163.0 23.11
21.5 1197.0 24.11
21.4 1219.0 24.11
22.7 1302.0 25.11
23.0 1418.0 25.11
24.4 1482.0 26.11
24.4 1478.0 26.11
23.6 1153.0 26.11
23.9 1483.0 26.11
24.2 1484.0 26.11
24.2 1484.0 26.11
24.2 1481.0 26.11
24.2 1482.0 26.11
24.8 1477.0 26.11
24.7 1465.0 26.11
24.2 1454.0 26.11
23.9 1441.0 26.11
24.1 1406.0 26.11
24.0 1479.0 26.11
24.2 1245.0 26.11
23.2 1213.0 26.11
23.4 1242.0 26.11
23.7 1224.0 26.11
23.0 1217.0 25.11
22.9 1237.0 25.11
22.9 1255.0 25.11
21.3 1282.0 24.11
21.4 1368.0 24.11
21.1 1410.0 24.11
21.1 1427.0 24.11
20.9 1269.0 23.11
21.7 1481.0 24.11
21.8 1484.0 24.11
22.4 1482.0 25.11
22.7 1483.0 25.11
23.0 1479.0 26.11
22.7 1481.0 25.11
23.4 1470.0 26.11
23.1 1452.0 26.11
23.0 1367.0 25.11
24.1 1373.0 26.11
24.2 1334.0 26.11
25.0 1474.0 26.11
24.9 1348.0 26.11
24.8 1326.0 26.11
24.6 1316.0 26.11
24.3 1319.0 26.11
24.4 1333.0 26.11
24.9 1381.0 26.11
24.5 1465.0 26.11
23.4 1474.0 26.11
22.7 1442.0 25.11
23.3 1455.0 26.11
23.7 1460.0 26.11
23.9 1538.0 26.11
24.1 1501.0 26.11
23.6 1361.0 26.11
24.8 1426.0 26.11
24.6 1407.0 26.11
24.3 1385.0 26.11
24.3 1379.0 26.11
24.9 1390.0 26.11
24.5 1415.0 26.11
24.2 1330.0 26.11
24.2 1302.0 26.11
24.2 1323.0 26.11
24.6 1307.0 26.11
24.6 1309.0 26.11
24.7 1311.0 26.11
24.5 1483.0 26.11
23.8 1255.0 26.11
24.5 1251.0 26.11
23.8 1240.0 26.11
24.5 1271.0 26.11
22.5 1143.0 25.11
21.6 1115.0 24.11
21.5 1141.0 24.11
21.6 1165.0 24.11
22.0 1208.0 24.11
22.2 1347.0 25.11
21.8 1308.0 24.11
22.0 1312.0 25.11
21.9 1387.0 24.11
22.5 1451.0 25.11
21.2 1362.0 24.11
20.4 1354.0 23.11
20.4 1336.0 23.11
20.4 1324.0 23.11
21.3 1266.0 24.11
21.4 1222.0 24.11
21.2 1198.0 24.11
21.6 1161.0 24.11
20.9 1198.0 23.11
21.3 1305.0 24.11
22.0 1191.0 24.11
22.2 1192.0 25.11
22.2 1194.0 25.11
22.4 1194.0 25.11
22.2 1137.0 25.11
21.8 1136.0 24.11
21.8 1179.0 24.11
22.7 1276.0 25.11
23.4 1392.0 26.11
23.0 1423.0 25.11
23.4 1493.0 26.11
22.1 1162.0 25.11
21.4 1371.0 24.11
21.3 1404.0 24.11
21.3 1427.0 24.11
22.4 1480.0 25.11
21.8 1401.0 24.11
22.2 1346.0 25.11
22.5 1301.0 25.11
22.4 1207.0 25.11
20.6 1171.0 23.11
21.3 1183.0 24.11
21.1 1181.0 24.11
21.8 1459.0 24.11
21.6 1163.0 24.11
21.5 1143.0 24.11
21.6 1151.0 24.11
21.5 1149.0 24.11
21.3 1139.0 24.11
21.5 1170.0 24.11
21.5 1174.0 24.11
21.6 1214.0 24.11
22.4 1268.0 25.11
22.5 1312.0 25.11
21.9 946.0 24.11
22.9 1177.0 25.11
21.0 1376.0 24.11
21.2 1400.0 24.11
21.1 1375.0 24.11
21.2 1407.0 24.11
20.8 1369.0 23.11
19.3 1302.0 22.11
20.2 1261.0 23.11
20.5 1189.0 23.11
20.6 1168.0 23.11
21.1 1142.0 24.11
20.9 1131.0 23.11
20.4 1599.0 23.11
19.7 1100.0 22.11
19.2 1077.0 22.11
19.5 1082.0 22.11
19.5 947.0 22.11
19.6 946.0 22.11
19.1 948.0 21.11
19.6 946.0 22.11
20.1 935.0 22.11
20.7 1235.0 23.11
20.9 1297.0 23.11
20.2 1318.0 23.11
20.4 1109.0 23.11
19.4 1427.0 22.11
19.8 1397.0 22.11
19.1 1426.0 22.11
20.1 1462.0 23.11
20.4 1396.0 23.11
20.3 1341.0 23.11
20.6 1278.0 23.11
19.9 1268.0 22.11
20.0 1196.0 22.11
19.6 946.0 22.11
20.0 946.0 22.11
19.2 1375.0 22.11
19.3 943.0 22.11
18.8 943.0 21.11
19.2 943.0 21.11
19.7 946.0 22.11
19.2 946.0 21.11
18.6 946.0 21.11
19.2 946.0 21.11
19.5 1287.0 22.11
19.8 1161.0 22.11
19.9 1246.0 22.11
20.2 1375.0 23.11
20.4 942.0 23.11
20.0 1382.0 23.11
20.7 1374.0 23.11
20.8 1448.0 23.11
20.5 1397.0 23.11
20.4 1329.0 23.11
20.4 1276.0 23.11
21.3 1242.0 24.11
21.1 1232.0 24.11
20.3 1209.0 23.11
20.8 1200.0 23.11
19.8 1160.0 22.11
19.3 1357.0 22.11
19.4 1106.0 22.11
19.2 946.0 21.11
19.5 946.0 22.11
19.6 945.0 22.11
19.2 944.0 21.11
19.8 945.0 22.11
20.4 946.0 23.11
20.2 941.0 22.11
19.5 1348.0 22.11
21.0 946.0 23.11
22.4 929.0 25.11
22.7 1236.0 25.11
23.0 1107.0 25.11
23.7 1309.0 26.11
24.0 1329.0 26.11
24.0 1368.0 26.11
24.6 1373.0 26.11
23.4 1339.0 26.11
24.3 1324.0 26.11
24.7 1383.0 26.11
24.7 1333.0 26.11
23.8 1288.0 26.11
23.2 1256.0 26.11
23.1 1237.0 26.11
23.2 1246.0 26.11
23.4 1238.0 26.11
23.8 1240.0 26.11
23.4 1234.0 26.11
23.4 1233.0 26.11
23.4 1230.0 26.11
23.1 1214.0 26.11
23.2 1236.0 26.11
23.8 1251.0 26.11
24.1 1291.0 26.11
24.4 1337.0 26.11
24.3 1243.0 26.11
24.0 1410.0 26.11
24.0 1393.0 26.11
24.4 1409.0 26.11
24.7 1401.0 26.11
24.0 1427.0 26.11
23.8 1347.0 26.11
24.1 1340.0 26.11
24.8 1335.0 26.11
24.1 1309.0 26.11
24.1 1313.0 26.11
23.7 1312.0 26.11
23.9 1383.0 26.11
23.9 1274.0 26.11
22.2 1185.0 25.11
22.2 1162.0 25.11
22.0 1176.0 24.11
22.0 1158.0 24.11
21.5 1175.0 24.11
22.0 1214.0 24.11
22.5 1274.0 25.11
23.4 1407.0 26.11
23.7 1461.0 26.11
24.4 1584.0 26.11
25.0 1287.0 26.11
24.6 1650.0 26.11
24.3 1679.0 26.11
24.1 1685.0 26.11
24.0 1697.0 26.11
24.7 1676.0 26.11
23.7 1449.0 26.11
24.9 1383.0 26.11
25.0 1427.0 26.11
24.3 1371.0 26.11
23.9 1369.0 26.11
23.7 1337.0 26.11
24.8 1634.0 26.11
24.8 1354.0 26.11
23.9 1346.0 26.11
22.9 1283.0 25.11
22.4 1245.0 25.11
22.0 1233.0 24.11
21.7 1215.0 24.11
22.2 1234.0 25.11
23.6 1305.0 26.11
24.0 1435.0 26.11
23.8 1561.0 26.11
24.4 1603.0 26.11
24.6 1312.0 26.11
23.6 1611.0 26.11
23.5 1611.0 26.11
23.5 1651.0 26.11
23.2 1649.0 26.11
22.8 1634.0 25.11
23.1 1561.0 26.11
23.1 1483.0 26.11
23.1 1431.0 26.11
21.9 1338.0 24.11
24.3 1290.0 26.11
24.2 1242.0 26.11
23.5 1580.0 26.11
24.0 1294.0 26.11
24.2 1314.0 26.11
23.0 1304.0 25.11
23.2 1286.0 26.11
22.7 1274.0 25.11
22.9 1327.0 25.11
23.0 1375.0 25.11
23.4 1387.0 26.11
24.5 1521.0 26.11
25.0 1772.0 26.11
24.7 1742.0 26.11
24.3 1659.0 26.11
23.6 1371.0 26.11
23.5 1315.0 26.11
23.2 1244.0 26.11
22.7 1223.0 25.11
23.2 1238.0 26.11
22.9 1219.0 25.11
22.9 1743.0 25.11
23.0 1229.0 25.11
23.0 1237.0 25.11
23.0 1211.0 25.11
22.9 1203.0 25.11
23.0 1227.0 25.11
22.7 1216.0 25.11
22.4 1228.0 25.11
22.4 1199.0 25.11
22.9 842.0 25.11
22.9 946.0 25.11
23.0 1483.0 26.11
23.7 1221.0 26.11
24.3 1617.0 26.11
24.1 1577.0 26.11
24.4 1654.0 26.11
24.1 1640.0 26.11
24.1 1659.0 26.11
23.8 1473.0 26.11
23.9 1426.0 26.11
23.8 1385.0 26.11
23.7 1323.0 26.11
22.9 1212.0 25.11
22.5 1523.0 25.11
22.9 1213.0 25.11
22.9 1206.0 25.11
22.9 1185.0 25.11
22.9 1187.0 25.11
22.9 1190.0 25.11
22.9 1216.0 25.11
22.9 1236.0 25.11
22.9 1264.0 25.11
23.1 1308.0 26.11
22.9 1213.0 25.11
23.1 1242.0 26.11
23.2 1203.0 26.11
23.0 1407.0 25.11
23.1 1399.0 26.11
23.8 1435.0 26.11
23.4 1400.0 26.11
23.1 1302.0 26.11
22.5 1215.0 25.11
21.6 1148.0 24.11
21.1 1117.0 24.11
20.9 1101.0 23.11
20.7 1080.0 23.11
20.2 1081.0 23.11
19.8 1265.0 22.11
19.8 1052.0 22.11
19.8 1050.0 22.11
19.7 1045.0 22.11
19.5 1023.0 22.11
19.1 1038.0 21.11
18.9 858.0 21.11
18.6 858.0 21.11
18.6 864.0 21.11
18.2 857.0 20.11
18.2 842.0 20.11
18.6 858.0 21.11
19.1 858.0 21.11
19.1 1065.0 22.11
19.1 885.0 21.11
19.7 894.0 22.11
19.7 905.0 22.11
19.5 900.0 22.11
19.5 901.0 22.11
20.0 909.0 22.11
19.7 903.0 22.11
19.7 887.0 22.11
19.8 883.0 22.11
19.7 879.0 22.11
19.7 861.0 22.11
19.7 878.0 22.11
19.7 877.0 22.11
19.7 871.0 22.11
19.7 876.0 22.11
19.7 874.0 22.11
19.7 865.0 22.11
20.2 871.0 22.11
20.0 888.0 22.11
20.6 886.0 23.11
20.3 904.0 23.11
20.8 926.0 23.11
21.1 886.0 23.11
22.0 947.0 24.11
21.5 947.0 24.11
21.7 937.0 24.11
22.2 946.0 24.11
22.9 1168.0 25.11
22.9 1166.0 25.11
23.2 1169.0 26.11
23.0 1141.0 25.11
22.7 1132.0 25.11
22.9 1132.0 25.11
22.5 1121.0 25.11
22.4 936.0 25.11
22.5 1100.0 25.11
22.9 1101.0 25.11
22.9 1115.0 25.11
23.3 1124.0 26.11
23.3 1127.0 26.11
23.3 1165.0 26.11
23.3 1197.0 26.11
23.6 1231.0 26.11
23.9 1322.0 26.11
24.6 1417.0 26.11
24.2 1493.0 26.11
23.5 1103.0 26.11
23.4 1418.0 26.11
23.5 1456.0 26.11
23.5 1452.0 26.11
24.2 1432.0 26.11
24.0 1431.0 26.11
24.1 1369.0 26.11
23.0 1270.0 25.11
23.5 1294.0 26.11
23.2 1275.0 26.11
23.5 1239.0 26.11
22.5 1201.0 25.11
22.4 1445.0 25.11
22.2 1166.0 25.11
22.0 1145.0 24.11
21.8 1143.0 24.11
21.6 1155.0 24.11
21.6 1136.0 24.11
21.6 1157.0 24.11
21.8 1183.0 24.11
22.7 1267.0 25.11
23.9 1410.0 26.11
24.6 1611.0 26.11
24.8 1567.0 26.11
24.9 1626.0 26.11
23.6 1452.0 26.11
23.8 1419.0 26.11
23.5 1348.0 26.11
23.3 1262.0 26.11
23.2 1234.0 26.11
22.9 1208.0 25.11
23.0 1204.0 25.11
22.9 1187.0 25.11
22.2 1608.0 25.11
20.9 1106.0 23.11
20.2 1072.0 23.11
19.7 1047.0 22.11
19.3 1044.0 22.11
18.8 1046.0 21.11
18.3 890.0 21.11
18.3 876.0 21.11
17.2 935.0 20.11
17.3 946.0 20.11
17.4 946.0 20.11
18.1 1188.0 21.11
18.2 1164.0 21.11
18.0 1217.0 21.11
18.6 1250.0 21.11
18.5 1246.0 21.11
18.6 1253.0 21.11
18.7 1230.0 21.11
19.0 1213.0 22.11
18.3 1163.0 21.11
18.2 1125.0 21.11
18.6 1104.0 21.11
18.8 946.0 21.11
20.1 930.0 22.11
19.4 1199.0 22.11
19.8 935.0 22.11
19.8 929.0 22.11
20.0 939.0 22.11
20.3 946.0 23.11
20.9 945.0 23.11
20.9 946.0 23.11
21.3 1440.0 24.11
22.2 1233.0 25.11
22.3 1294.0 25.11
23.0 1360.0 25.11
24.1 1476.0 26.11
24.9 1388.0 26.11
22.9 1236.0 25.11
22.9 1607.0 25.11
22.9 1201.0 25.11
22.5 1188.0 25.11
23.4 1175.0 26.11
22.5 1216.0 25.11
22.9 1216.0 25.11
23.8 1227.0 26.11
23.0 1271.0 25.11
23.0 1337.0 25.11
24.2 1404.0 26.11
23.7 1502.0 26.11
24.0 1557.0 26.11
24.0 1213.0 26.11
24.4 1584.0 26.11
24.1 1587.0 26.11
24.7 1616.0 26.11
23.8 1586.0 26.11
24.0 1472.0 26.11
23.9 1452.0 26.11
23.5 1328.0 26.11
24.0 1288.0 26.11
23.8 1286.0 26.11
23.9 1255.0 26.11
23.5 1240.0 26.11
24.0 1586.0 26.11
22.7 1234.0 25.11
22.7 1215.0 25.11
23.0 1211.0 25.11
23.0 1209.0 25.11
22.9 1171.0 25.11
22.0 1141.0 24.11
21.8 1174.0 24.11
22.7 1177.0 25.11
23.0 1205.0 25.11
23.5 1270.0 26.11
24.1 1333.0 26.11
24.1 1349.0 26.11
22.9 1202.0 25.11
23.2 1170.0 26.11
23.3 1200.0 26.11
22.5 1206.0 25.11
23.0 1202.0 25.11
23.0 1218.0 25.11
22.6 1158.0 25.11
22.9 1157.0 25.11
22.2 1109.0 25.11
21.3 1075.0 24.11
21.3 1049.0 24.11
21.6 1316.0 24.11
22.4 1076.0 25.11
22.2 1059.0 25.11
21.1 858.0 23.11
20.0 841.0 22.11
19.4 820.0 22.11
19.4 800.0 22.11
19.6 802.0 22.11
20.3 843.0 22.11
21.2 907.0 23.11
22.0 946.0 24.11
22.7 948.0 25.11
22.5 1072.0 25.11
22.4 1147.0 25.11
22.7 1133.0 25.11
22.3 1124.0 25.11
21.7 1109.0 24.11
21.7 1121.0 24.11
22.1 1104.0 24.11
21.2 1113.0 24.11
22.5 1152.0 25.11
22.9 1120.0 25.11
22.7 1111.0 25.11
22.0 1093.0 24.11
22.0 946.0 24.11
22.4 1059.0 25.11
22.2 1071.0 25.11
21.7 1059.0 24.11
22.0 1072.0 24.11
22.2 1076.0 25.11
22.0 1059.0 24.11
22.0 1120.0 24.11
22.9 1323.0 25.11
23.7 1420.0 26.11
23.6 1439.0 26.11
23.0 1452.0 26.11
23.2 1077.0 26.11
22.9 1447.0 25.11
23.2 1457.0 26.11
22.9 1471.0 25.11
23.2 1422.0 26.11
22.7 1371.0 25.11
22.7 1364.0 25.11
22.9 1295.0 25.11
22.2 1215.0 25.11
22.7 1189.0 25.11
22.5 1182.0 25.11
22.4 1166.0 25.11
22.2 1453.0 25.11
22.0 1135.0 24.11
21.8 1112.0 24.11
21.8 1115.0 24.11
21.6 1113.0 24.11
22.0 1122.0 24.11
22.0 1128.0 24.11
21.8 1166.0 24.11
22.7 1234.0 25.11
23.1 1329.0 26.11
23.0 722.0 25.11
22.4 1393.0 25.11
22.9 1826.0 25.11
22.6 730.0 25.11
22.3 1397.0 25.11
23.7 1426.0 26.11
23.2 1451.0 26.11
23.0 1482.0 26.11
22.9 1389.0 25.11
22.5 1275.0 25.11
22.2 1194.0 25.11
21.8 1145.0 24.11
22.0 1103.0 24.11
21.7 1113.0 24.11
21.8 1395.0 24.11
22.0 1110.0 24.11
