Tset	Date	Twet	Load	Hour(s)	TimeStamp(s)
17.11	7/1/2011 0:00	15.4	58.2	0	1309478400
17.11	7/1/2011 1:00	14.7	58.2	3600	1309482000
17.11	7/1/2011 2:00	14.9	58.2	7200	1309485600
16.11	7/1/2011 3:00	14.2	58.2	10800	1309489200
16.11	7/1/2011 4:00	13.9	58.2	14400	1309492800
17.11	7/1/2011 5:00	15.6	58.2	18000	1309496400
18.11	7/1/2011 6:00	16.6	58.2	21600	1309500000
19.11	7/1/2011 7:00	16.9	58.2	25200	1309503600
19.11	7/1/2011 8:00	17	58.2	28800	1309507200
19.11	7/1/2011 9:00	17.6	58.2	32400	1309510800
20.11	7/1/2011 10:00	18	58.2	36000	1309514400
19.11	7/1/2011 11:00	17.3	58.2	39600	1309518000
19.11	7/1/2011 12:00	17.5	58.2	43200	1309521600
20.11	7/1/2011 13:00	17.8	58.2	46800	1309525200
20.11	7/1/2011 14:00	18	58.2	50400	1309528800
19.11	7/1/2011 15:00	17.6	58.2	54000	1309532400
20.11	7/1/2011 16:00	18	58.2	57600	1309536000
19.11	7/1/2011 17:00	16.8	58.2	61200	1309539600
19.11	7/1/2011 18:00	17.2	58.2	64800	1309543200
19.11	7/1/2011 19:00	17.1	58.2	68400	1309546800
19.11	7/1/2011 20:00	17	58.2	72000	1309550400
18.11	7/1/2011 21:00	16.3	58.2	75600	1309554000
18.11	7/1/2011 22:00	15.8	58.2	79200	1309557600
18.11	7/1/2011 23:00	16.4	58.2	82800	1309561200
17.11	7/2/2011 0:00	15.7	58.2	0	1309564800
17.11	7/2/2011 1:00	15.5	58.2	3600	1309568400
17.11	7/2/2011 2:00	15.5	58.2	7200	1309572000
17.11	7/2/2011 3:00	14.8	58.2	10800	1309575600
17.11	7/2/2011 4:00	15	58.2	14400	1309579200
18.11	7/2/2011 5:00	15.9	58.2	18000	1309582800
20.11	7/2/2011 6:00	17.8	58.2	21600	1309586400
20.11	7/2/2011 7:00	18.6	58.2	25200	1309590000
21.11	7/2/2011 8:00	19.2	58.2	28800	1309593600
20.11	7/2/2011 9:00	18.5	58.2	32400	1309597200
21.11	7/2/2011 10:00	19.1	58.2	36000	1309600800
20.11	7/2/2011 11:00	18.5	58.2	39600	1309604400
20.11	7/2/2011 12:00	18	58.2	43200	1309608000
20.11	7/2/2011 13:00	18.1	58.2	46800	1309611600
20.11	7/2/2011 14:00	18.6	58.2	50400	1309615200
22.11	7/2/2011 15:00	20.4	58.2	54000	1309618800
22.11	7/2/2011 16:00	20.3	58.2	57600	1309622400
21.11	7/2/2011 17:00	19.8	58.2	61200	1309626000
21.11	7/2/2011 18:00	19.8	58.2	64800	1309629600
22.11	7/2/2011 19:00	20.1	58.2	68400	1309633200
22.11	7/2/2011 20:00	19.9	58.2	72000	1309636800
21.11	7/2/2011 21:00	19.6	58.2	75600	1309640400
21.11	7/2/2011 22:00	19.4	58.2	79200	1309644000
21.11	7/2/2011 23:00	19.5	58.2	82800	1309647600
21.11	7/3/2011 0:00	19.8	58.2	0	1309651200
22.11	7/3/2011 1:00	20	58.2	3600	1309654800
21.11	7/3/2011 2:00	19.7	58.2	7200	1309658400
22.11	7/3/2011 3:00	20.2	58.2	10800	1309662000
22.11	7/3/2011 4:00	20.3	58.2	14400	1309665600
22.11	7/3/2011 5:00	20.3	58.2	18000	1309669200
23.11	7/3/2011 6:00	21.1	58.2	21600	1309672800
23.11	7/3/2011 7:00	21.8	58.2	25200	1309676400
24.11	7/3/2011 8:00	22.3	58.2	28800	1309680000
25.11	7/3/2011 9:00	23.4	58.2	32400	1309683600
26.11	7/3/2011 10:00	23.9	58.2	36000	1309687200
26.11	7/3/2011 11:00	24.3	58.2	39600	1309690800
26.11	7/3/2011 12:00	24	58.2	43200	1309694400
26.11	7/3/2011 13:00	24	446.2	46800	1309698000
26.11	7/3/2011 14:00	23.3	455.9	50400	1309701600
26.11	7/3/2011 15:00	23.9	514.1	54000	1309705200
26.11	7/3/2011 16:00	23.3	533.5	57600	1309708800
25.11	7/3/2011 17:00	22.2	543.2	61200	1309712400
24.11	7/3/2011 18:00	21.3	572.3	64800	1309716000
23.11	7/3/2011 19:00	20.7	572.3	68400	1309719600
23.11	7/3/2011 20:00	21.1	58.2	72000	1309723200
23.11	7/3/2011 21:00	20.7	552.9	75600	1309726800
22.11	7/3/2011 22:00	20.7	58.2	79200	1309730400
23.11	7/3/2011 23:00	21.1	58.2	82800	1309734000
22.11	7/4/2011 0:00	20.2	58.2	0	1309737600
22.11	7/4/2011 1:00	20.2	58.2	3600	1309741200
22.11	7/4/2011 2:00	20.2	58.2	7200	1309744800
22.11	7/4/2011 3:00	20.2	58.2	10800	1309748400
22.11	7/4/2011 4:00	20.2	58.2	14400	1309752000
22.11	7/4/2011 5:00	20.6	58.2	18000	1309755600
23.11	7/4/2011 6:00	21.5	58.2	21600	1309759200
24.11	7/4/2011 7:00	22	58.2	25200	1309762800
24.11	7/4/2011 8:00	22	58.2	28800	1309766400
24.11	7/4/2011 9:00	22.2	58.2	32400	1309770000
24.11	7/4/2011 10:00	21.9	58.2	36000	1309773600
23.11	7/4/2011 11:00	21.7	58.2	39600	1309777200
24.11	7/4/2011 12:00	22.4	58.2	43200	1309780800
24.11	7/4/2011 13:00	21.9	58.2	46800	1309784400
25.11	7/4/2011 14:00	22.2	533.5	50400	1309788000
25.11	7/4/2011 15:00	22.7	543.2	54000	1309791600
24.11	7/4/2011 16:00	22.1	523.8	57600	1309795200
25.11	7/4/2011 17:00	22.4	562.6	61200	1309798800
24.11	7/4/2011 18:00	22	58.2	64800	1309802400
24.11	7/4/2011 19:00	22.2	58.2	68400	1309806000
24.11	7/4/2011 20:00	22.2	58.2	72000	1309809600
24.11	7/4/2011 21:00	22	58.2	75600	1309813200
24.11	7/4/2011 22:00	22	58.2	79200	1309816800
24.11	7/4/2011 23:00	22.2	58.2	82800	1309820400
24.11	7/5/2011 0:00	22.2	58.2	0	1309824000
23.11	7/5/2011 1:00	20.9	58.2	3600	1309827600
23.11	7/5/2011 2:00	20.7	426.8	7200	1309831200
21.11	7/5/2011 3:00	19.8	58.2	10800	1309834800
22.11	7/5/2011 4:00	19.8	552.9	14400	1309838400
22.11	7/5/2011 5:00	20.7	58.2	18000	1309842000
24.11	7/5/2011 6:00	21.5	485	21600	1309845600
24.11	7/5/2011 7:00	22.2	58.2	25200	1309849200
24.11	7/5/2011 8:00	22	533.5	28800	1309852800
24.11	7/5/2011 9:00	22.1	58.2	32400	1309856400
24.11	7/5/2011 10:00	22.2	58.2	36000	1309860000
25.11	7/5/2011 11:00	22.9	58.2	39600	1309863600
25.11	7/5/2011 12:00	22.7	989.4	43200	1309867200
25.11	7/5/2011 13:00	23	601.4	46800	1309870800
25.11	7/5/2011 14:00	22.3	785.7	50400	1309874400
25.11	7/5/2011 15:00	23	843.9	54000	1309878000
25.11	7/5/2011 16:00	22.4	853.6	57600	1309881600
26.11	7/5/2011 17:00	23.5	805.1	61200	1309885200
26.11	7/5/2011 18:00	23.5	746.9	64800	1309888800
26.11	7/5/2011 19:00	23.2	669.3	68400	1309892400
25.11	7/5/2011 20:00	23.4	58.2	72000	1309896000
25.11	7/5/2011 21:00	22.9	640.2	75600	1309899600
25.11	7/5/2011 22:00	22.7	640.2	79200	1309903200
25.11	7/5/2011 23:00	22.5	620.8	82800	1309906800
25.11	7/6/2011 0:00	22.2	611.1	0	1309910400
23.11	7/6/2011 1:00	21.5	58.2	3600	1309914000
23.11	7/6/2011 2:00	21.5	58.2	7200	1309917600
23.11	7/6/2011 3:00	21.1	58.2	10800	1309921200
23.11	7/6/2011 4:00	21.1	58.2	14400	1309924800
23.11	7/6/2011 5:00	21.6	58.2	18000	1309928400
25.11	7/6/2011 6:00	22.9	58.2	21600	1309932000
25.11	7/6/2011 7:00	23	58.2	25200	1309935600
25.11	7/6/2011 8:00	23	58.2	28800	1309939200
25.11	7/6/2011 9:00	23.7	58.2	32400	1309942800
25.11	7/6/2011 10:00	22.2	756.6	36000	1309946400
25.11	7/6/2011 11:00	22.4	426.8	39600	1309950000
25.11	7/6/2011 12:00	22.4	485	43200	1309953600
25.11	7/6/2011 13:00	22.4	475.3	46800	1309957200
26.11	7/6/2011 14:00	23.2	436.5	50400	1309960800
26.11	7/6/2011 15:00	23.8	475.3	54000	1309964400
26.11	7/6/2011 16:00	23.3	465.6	57600	1309968000
26.11	7/6/2011 17:00	23.7	436.5	61200	1309971600
26.11	7/6/2011 18:00	23.2	455.9	64800	1309975200
25.11	7/6/2011 19:00	22.9	58.2	68400	1309978800
25.11	7/6/2011 20:00	22.9	58.2	72000	1309982400
25.11	7/6/2011 21:00	22.7	504.4	75600	1309986000
24.11	7/6/2011 22:00	22.5	58.2	79200	1309989600
24.11	7/6/2011 23:00	22.2	426.8	82800	1309993200
24.11	7/7/2011 0:00	22.2	58.2	0	1309996800
23.11	7/7/2011 1:00	21.6	58.2	3600	1310000400
24.11	7/7/2011 2:00	21.4	446.2	7200	1310004000
23.11	7/7/2011 3:00	20.7	397.7	10800	1310007600
23.11	7/7/2011 4:00	20.9	58.2	14400	1310011200
24.11	7/7/2011 5:00	22	58.2	18000	1310014800
24.11	7/7/2011 6:00	22.5	58.2	21600	1310018400
25.11	7/7/2011 7:00	23.2	58.2	25200	1310022000
25.11	7/7/2011 8:00	23.5	58.2	28800	1310025600
25.11	7/7/2011 9:00	23.5	58.2	32400	1310029200
25.11	7/7/2011 10:00	23	543.2	36000	1310032800
25.11	7/7/2011 11:00	22.9	601.4	39600	1310036400
26.11	7/7/2011 12:00	23.3	640.2	43200	1310040000
26.11	7/7/2011 13:00	23.6	649.9	46800	1310043600
26.11	7/7/2011 14:00	23.2	659.6	50400	1310047200
26.11	7/7/2011 15:00	24.4	669.3	54000	1310050800
26.11	7/7/2011 16:00	24.1	679	57600	1310054400
24.11	7/7/2011 17:00	21.8	669.3	61200	1310058000
24.11	7/7/2011 18:00	21.3	669.3	64800	1310061600
24.11	7/7/2011 19:00	21.5	669.3	68400	1310065200
23.11	7/7/2011 20:00	21.1	58.2	72000	1310068800
24.11	7/7/2011 21:00	21.3	669.3	75600	1310072400
24.11	7/7/2011 22:00	21.6	649.9	79200	1310076000
25.11	7/7/2011 23:00	22.4	659.6	82800	1310079600
24.11	7/8/2011 0:00	21.8	659.6	0	1310083200
23.11	7/8/2011 1:00	21.5	58.2	3600	1310086800
22.11	7/8/2011 2:00	20.7	58.2	7200	1310090400
23.11	7/8/2011 3:00	20.5	407.4	10800	1310094000
23.11	7/8/2011 4:00	20.9	543.2	14400	1310097600
24.11	7/8/2011 5:00	21.1	572.3	18000	1310101200
25.11	7/8/2011 6:00	22.5	601.4	21600	1310104800
25.11	7/8/2011 7:00	23	601.4	25200	1310108400
26.11	7/8/2011 8:00	23.4	611.1	28800	1310112000
26.11	7/8/2011 9:00	24.1	58.2	32400	1310115600
26.11	7/8/2011 10:00	24.2	58.2	36000	1310119200
26.11	7/8/2011 11:00	25	58.2	39600	1310122800
26.11	7/8/2011 12:00	24.7	58.2	43200	1310126400
26.11	7/8/2011 13:00	24.4	58.2	46800	1310130000
26.11	7/8/2011 14:00	24.5	620.8	50400	1310133600
24.11	7/8/2011 15:00	22.2	58.2	54000	1310137200
23.11	7/8/2011 16:00	21.6	58.2	57600	1310140800
25.11	7/8/2011 17:00	22.2	611.1	61200	1310144400
25.11	7/8/2011 18:00	22.2	562.6	64800	1310148000
24.11	7/8/2011 19:00	22	58.2	68400	1310151600
23.11	7/8/2011 20:00	21.4	58.2	72000	1310155200
23.11	7/8/2011 21:00	21.1	58.2	75600	1310158800
23.11	7/8/2011 22:00	21.1	58.2	79200	1310162400
23.11	7/8/2011 23:00	20.9	58.2	82800	1310166000
23.11	7/9/2011 0:00	20.9	58.2	0	1310169600
23.11	7/9/2011 1:00	20.9	58.2	3600	1310173200
22.11	7/9/2011 2:00	20.3	58.2	7200	1310176800
21.11	7/9/2011 3:00	19.6	58.2	10800	1310180400
21.11	7/9/2011 4:00	19.8	58.2	14400	1310184000
22.11	7/9/2011 5:00	20.3	58.2	18000	1310187600
23.11	7/9/2011 6:00	21.5	58.2	21600	1310191200
23.11	7/9/2011 7:00	21.8	58.2	25200	1310194800
23.11	7/9/2011 8:00	21.5	58.2	28800	1310198400
24.11	7/9/2011 9:00	21.5	659.6	32400	1310202000
24.11	7/9/2011 10:00	21.6	940.9	36000	1310205600
23.11	7/9/2011 11:00	21.1	979.7	39600	1310209200
24.11	7/9/2011 12:00	21.9	921.5	43200	1310212800
24.11	7/9/2011 13:00	21.5	892.4	46800	1310216400
24.11	7/9/2011 14:00	21.8	863.3	50400	1310220000
24.11	7/9/2011 15:00	21.6	843.9	54000	1310223600
24.11	7/9/2011 16:00	21.5	688.7	57600	1310227200
24.11	7/9/2011 17:00	21.1	698.4	61200	1310230800
24.11	7/9/2011 18:00	21.1	679	64800	1310234400
24.11	7/9/2011 19:00	21.4	611.1	68400	1310238000
24.11	7/9/2011 20:00	21.3	649.9	72000	1310241600
24.11	7/9/2011 21:00	21.3	591.7	75600	1310245200
24.11	7/9/2011 22:00	21.3	514.1	79200	1310248800
23.11	7/9/2011 23:00	20.8	543.2	82800	1310252400
23.11	7/10/2011 0:00	20.4	562.6	0	1310256000
23.11	7/10/2011 1:00	20	659.6	3600	1310259600
23.11	7/10/2011 2:00	20	746.9	7200	1310263200
22.11	7/10/2011 3:00	19.7	795.4	10800	1310266800
22.11	7/10/2011 4:00	19.1	805.1	14400	1310270400
22.11	7/10/2011 5:00	19.8	834.2	18000	1310274000
22.11	7/10/2011 6:00	20.3	843.9	21600	1310277600
23.11	7/10/2011 7:00	20.4	863.3	25200	1310281200
23.11	7/10/2011 8:00	20.9	882.7	28800	1310284800
24.11	7/10/2011 9:00	21.9	58.2	32400	1310288400
24.11	7/10/2011 10:00	22.7	58.2	36000	1310292000
24.11	7/10/2011 11:00	22.7	58.2	39600	1310295600
24.11	7/10/2011 12:00	21.9	58.2	43200	1310299200
24.11	7/10/2011 13:00	22.1	58.2	46800	1310302800
25.11	7/10/2011 14:00	22.9	58.2	50400	1310306400
24.11	7/10/2011 15:00	22.1	1008.8	54000	1310310000
24.11	7/10/2011 16:00	22.6	58.2	57600	1310313600
25.11	7/10/2011 17:00	22.9	58.2	61200	1310317200
24.11	7/10/2011 18:00	22.5	58.2	64800	1310320800
23.11	7/10/2011 19:00	21.7	58.2	68400	1310324400
23.11	7/10/2011 20:00	21.2	58.2	72000	1310328000
23.11	7/10/2011 21:00	21.3	58.2	75600	1310331600
23.11	7/10/2011 22:00	21.5	58.2	79200	1310335200
23.11	7/10/2011 23:00	21.1	58.2	82800	1310338800
23.11	7/11/2011 0:00	21	58.2	0	1310342400
22.11	7/11/2011 1:00	20.3	58.2	3600	1310346000
21.11	7/11/2011 2:00	19.8	58.2	7200	1310349600
21.11	7/11/2011 3:00	19.6	58.2	10800	1310353200
21.11	7/11/2011 4:00	19.7	58.2	14400	1310356800
22.11	7/11/2011 5:00	20.4	58.2	18000	1310360400
23.11	7/11/2011 6:00	21.3	58.2	21600	1310364000
24.11	7/11/2011 7:00	22.7	58.2	25200	1310367600
25.11	7/11/2011 8:00	23	58.2	28800	1310371200
26.11	7/11/2011 9:00	23.9	562.6	32400	1310374800
26.11	7/11/2011 10:00	24.5	688.7	36000	1310378400
26.11	7/11/2011 11:00	24.8	679	39600	1310382000
25.11	7/11/2011 12:00	25.3	679	43200	1310385600
25.11	7/11/2011 13:00	25.4	669.3	46800	1310389200
25.11	7/11/2011 14:00	25.4	611.1	50400	1310392800
25.11	7/11/2011 15:00	25.6	698.4	54000	1310396400
26.11	7/11/2011 16:00	26.3	776	57600	1310400000
26.11	7/11/2011 17:00	26	785.7	61200	1310403600
26.11	7/11/2011 18:00	26	776	64800	1310407200
25.11	7/11/2011 19:00	22.9	611.1	68400	1310410800
25.11	7/11/2011 20:00	22.7	572.3	72000	1310414400
26.11	7/11/2011 21:00	23.3	582	75600	1310418000
26.11	7/11/2011 22:00	23.3	572.3	79200	1310421600
25.11	7/11/2011 23:00	22.7	572.3	82800	1310425200
26.11	7/12/2011 0:00	23.1	572.3	0	1310428800
25.11	7/12/2011 1:00	22.7	591.7	3600	1310432400
25.11	7/12/2011 2:00	22.7	649.9	7200	1310436000
25.11	7/12/2011 3:00	22.7	727.5	10800	1310439600
25.11	7/12/2011 4:00	22.3	737.2	14400	1310443200
25.11	7/12/2011 5:00	22.9	727.5	18000	1310446800
25.11	7/12/2011 6:00	22.5	746.9	21600	1310450400
25.11	7/12/2011 7:00	22.5	746.9	25200	1310454000
26.11	7/12/2011 8:00	23.2	698.4	28800	1310457600
25.11	7/12/2011 9:00	23.5	58.2	32400	1310461200
26.11	7/12/2011 10:00	24.2	58.2	36000	1310464800
26.11	7/12/2011 11:00	24.3	58.2	39600	1310468400
26.11	7/12/2011 12:00	24.3	58.2	43200	1310472000
26.11	7/12/2011 13:00	24.7	940.9	46800	1310475600
26.11	7/12/2011 14:00	24.7	58.2	50400	1310479200
26.11	7/12/2011 15:00	24.1	601.4	54000	1310482800
26.11	7/12/2011 16:00	24.1	58.2	57600	1310486400
26.11	7/12/2011 17:00	23.2	572.3	61200	1310490000
23.11	7/12/2011 18:00	21.8	58.2	64800	1310493600
23.11	7/12/2011 19:00	21.4	58.2	68400	1310497200
23.11	7/12/2011 20:00	21.4	58.2	72000	1310500800
23.11	7/12/2011 21:00	21	58.2	75600	1310504400
23.11	7/12/2011 22:00	21.2	58.2	79200	1310508000
23.11	7/12/2011 23:00	21.2	58.2	82800	1310511600
23.11	7/13/2011 0:00	20.9	58.2	0	1310515200
23.11	7/13/2011 1:00	21	58.2	3600	1310518800
23.11	7/13/2011 2:00	21	58.2	7200	1310522400
22.11	7/13/2011 3:00	20.6	58.2	10800	1310526000
22.11	7/13/2011 4:00	20.8	58.2	14400	1310529600
23.11	7/13/2011 5:00	21.2	58.2	18000	1310533200
24.11	7/13/2011 6:00	22.2	58.2	21600	1310536800
24.11	7/13/2011 7:00	22.4	58.2	25200	1310540400
24.11	7/13/2011 8:00	22.7	58.2	28800	1310544000
24.11	7/13/2011 9:00	21.9	591.7	32400	1310547600
24.11	7/13/2011 10:00	21.8	834.2	36000	1310551200
25.11	7/13/2011 11:00	22.9	727.5	39600	1310554800
25.11	7/13/2011 12:00	22.6	669.3	43200	1310558400
25.11	7/13/2011 13:00	22.7	630.5	46800	1310562000
25.11	7/13/2011 14:00	22.5	582	50400	1310565600
26.11	7/13/2011 15:00	23.3	533.5	54000	1310569200
26.11	7/13/2011 16:00	23.4	620.8	57600	1310572800
25.11	7/13/2011 17:00	23	601.4	61200	1310576400
26.11	7/13/2011 18:00	23.2	572.3	64800	1310580000
25.11	7/13/2011 19:00	22.2	514.1	68400	1310583600
24.11	7/13/2011 20:00	22	620.8	72000	1310587200
25.11	7/13/2011 21:00	22.2	485	75600	1310590800
21.11	7/13/2011 22:00	18.7	465.6	79200	1310594400
19.11	7/13/2011 23:00	17.6	58.2	82800	1310598000
18.11	7/14/2011 0:00	16.6	58.2	0	1310601600
18.11	7/14/2011 1:00	15.6	611.1	3600	1310605200
17.11	7/14/2011 2:00	15.1	863.3	7200	1310608800
17.11	7/14/2011 3:00	14.9	853.6	10800	1310612400
18.11	7/14/2011 4:00	14.5	805.1	14400	1310616000
18.11	7/14/2011 5:00	15	805.1	18000	1310619600
19.11	7/14/2011 6:00	16.4	824.5	21600	1310623200
19.11	7/14/2011 7:00	16.6	911.8	25200	1310626800
20.11	7/14/2011 8:00	17.4	921.5	28800	1310630400
19.11	7/14/2011 9:00	17.3	58.2	32400	1310634000
20.11	7/14/2011 10:00	17.2	785.7	36000	1310637600
19.11	7/14/2011 11:00	17.4	58.2	39600	1310641200
20.11	7/14/2011 12:00	18.1	58.2	43200	1310644800
21.11	7/14/2011 13:00	18.2	582	46800	1310648400
21.11	7/14/2011 14:00	18.6	562.6	50400	1310652000
21.11	7/14/2011 15:00	18.1	552.9	54000	1310655600
21.11	7/14/2011 16:00	18.1	543.2	57600	1310659200
21.11	7/14/2011 17:00	18.3	698.4	61200	1310662800
20.11	7/14/2011 18:00	17.8	523.8	64800	1310666400
19.11	7/14/2011 19:00	17.5	58.2	68400	1310670000
19.11	7/14/2011 20:00	17.4	58.2	72000	1310673600
19.11	7/14/2011 21:00	17.2	58.2	75600	1310677200
20.11	7/14/2011 22:00	18.1	58.2	79200	1310680800
20.11	7/14/2011 23:00	18	58.2	82800	1310684400
19.11	7/15/2011 0:00	17.6	58.2	0	1310688000
19.11	7/15/2011 1:00	17.4	58.2	3600	1310691600
19.11	7/15/2011 2:00	17	58.2	7200	1310695200
19.11	7/15/2011 3:00	17	58.2	10800	1310698800
18.11	7/15/2011 4:00	16.4	58.2	14400	1310702400
19.11	7/15/2011 5:00	17.7	58.2	18000	1310706000
21.11	7/15/2011 6:00	18.9	58.2	21600	1310709600
21.11	7/15/2011 7:00	18.8	58.2	25200	1310713200
21.11	7/15/2011 8:00	18.9	58.2	28800	1310716800
21.11	7/15/2011 9:00	19.8	58.2	32400	1310720400
21.11	7/15/2011 10:00	19.5	58.2	36000	1310724000
21.11	7/15/2011 11:00	19.3	58.2	39600	1310727600
21.11	7/15/2011 12:00	19.1	824.5	43200	1310731200
22.11	7/15/2011 13:00	19.7	591.7	46800	1310734800
22.11	7/15/2011 14:00	19.2	717.8	50400	1310738400
21.11	7/15/2011 15:00	18.5	727.5	54000	1310742000
20.11	7/15/2011 16:00	17.6	737.2	57600	1310745600
21.11	7/15/2011 17:00	18.2	708.1	61200	1310749200
21.11	7/15/2011 18:00	18.4	669.3	64800	1310752800
20.11	7/15/2011 19:00	17.8	562.6	68400	1310756400
19.11	7/15/2011 20:00	17.7	58.2	72000	1310760000
20.11	7/15/2011 21:00	17.6	523.8	75600	1310763600
20.11	7/15/2011 22:00	17.2	504.4	79200	1310767200
19.11	7/15/2011 23:00	16.8	514.1	82800	1310770800
19.11	7/16/2011 0:00	16.2	494.7	0	1310774400
17.11	7/16/2011 1:00	15.6	58.2	3600	1310778000
17.11	7/16/2011 2:00	15.3	58.2	7200	1310781600
17.11	7/16/2011 3:00	15.3	58.2	10800	1310785200
17.11	7/16/2011 4:00	15.3	58.2	14400	1310788800
18.11	7/16/2011 5:00	15.9	58.2	18000	1310792400
21.11	7/16/2011 6:00	18.9	58.2	21600	1310796000
21.11	7/16/2011 7:00	19.6	58.2	25200	1310799600
21.11	7/16/2011 8:00	19.5	58.2	28800	1310803200
21.11	7/16/2011 9:00	19.6	58.2	32400	1310806800
21.11	7/16/2011 10:00	19.2	58.2	36000	1310810400
21.11	7/16/2011 11:00	19.5	58.2	39600	1310814000
22.11	7/16/2011 12:00	19.9	58.2	43200	1310817600
21.11	7/16/2011 13:00	19.5	58.2	46800	1310821200
21.11	7/16/2011 14:00	19.5	58.2	50400	1310824800
21.11	7/16/2011 15:00	19.2	58.2	54000	1310828400
21.11	7/16/2011 16:00	19.5	58.2	57600	1310832000
21.11	7/16/2011 17:00	19.4	58.2	61200	1310835600
22.11	7/16/2011 18:00	20.6	58.2	64800	1310839200
22.11	7/16/2011 19:00	20.7	58.2	68400	1310842800
22.11	7/16/2011 20:00	20.3	58.2	72000	1310846400
22.11	7/16/2011 21:00	20.1	58.2	75600	1310850000
21.11	7/16/2011 22:00	19.8	58.2	79200	1310853600
21.11	7/16/2011 23:00	19.1	58.2	82800	1310857200
20.11	7/17/2011 0:00	18.5	58.2	0	1310860800
20.11	7/17/2011 1:00	18.1	58.2	3600	1310864400
20.11	7/17/2011 2:00	18.1	58.2	7200	1310868000
20.11	7/17/2011 3:00	18.1	58.2	10800	1310871600
19.11	7/17/2011 4:00	17.6	58.2	14400	1310875200
20.11	7/17/2011 5:00	18.3	58.2	18000	1310878800
21.11	7/17/2011 6:00	19.1	58.2	21600	1310882400
22.11	7/17/2011 7:00	20.2	58.2	25200	1310886000
23.11	7/17/2011 8:00	21.2	58.2	28800	1310889600
23.11	7/17/2011 9:00	21.7	58.2	32400	1310893200
24.11	7/17/2011 10:00	22.1	58.2	36000	1310896800
24.11	7/17/2011 11:00	21.5	824.5	39600	1310900400
24.11	7/17/2011 12:00	21.6	562.6	43200	1310904000
24.11	7/17/2011 13:00	21.7	727.5	46800	1310907600
24.11	7/17/2011 14:00	21.3	766.3	50400	1310911200
24.11	7/17/2011 15:00	21.8	785.7	54000	1310914800
25.11	7/17/2011 16:00	22	776	57600	1310918400
24.11	7/17/2011 17:00	21.6	737.2	61200	1310922000
24.11	7/17/2011 18:00	21.6	649.9	64800	1310925600
24.11	7/17/2011 19:00	21.6	562.6	68400	1310929200
23.11	7/17/2011 20:00	21.2	58.2	72000	1310932800
24.11	7/17/2011 21:00	21.3	485	75600	1310936400
23.11	7/17/2011 22:00	21	465.6	79200	1310940000
23.11	7/17/2011 23:00	21	504.4	82800	1310943600
22.11	7/18/2011 0:00	20.8	58.2	0	1310947200
22.11	7/18/2011 1:00	20.6	58.2	3600	1310950800
22.11	7/18/2011 2:00	20.4	58.2	7200	1310954400
22.11	7/18/2011 3:00	20.2	58.2	10800	1310958000
22.11	7/18/2011 4:00	20.2	58.2	14400	1310961600
22.11	7/18/2011 5:00	20.7	58.2	18000	1310965200
23.11	7/18/2011 6:00	21.6	58.2	21600	1310968800
24.11	7/18/2011 7:00	22.4	58.2	25200	1310972400
25.11	7/18/2011 8:00	23.2	58.2	28800	1310976000
25.11	7/18/2011 9:00	23.7	58.2	32400	1310979600
25.11	7/18/2011 10:00	23.7	58.2	36000	1310983200
26.11	7/18/2011 11:00	23.8	58.2	39600	1310986800
25.11	7/18/2011 12:00	23.6	58.2	43200	1310990400
26.11	7/18/2011 13:00	23.8	58.2	46800	1310994000
25.11	7/18/2011 14:00	23.5	58.2	50400	1310997600
25.11	7/18/2011 15:00	22.9	58.2	54000	1311001200
25.11	7/18/2011 16:00	23.6	58.2	57600	1311004800
26.11	7/18/2011 17:00	23.8	58.2	61200	1311008400
25.11	7/18/2011 18:00	23.7	58.2	64800	1311012000
25.11	7/18/2011 19:00	23.4	58.2	68400	1311015600
24.11	7/18/2011 20:00	22.7	58.2	72000	1311019200
25.11	7/18/2011 21:00	22.9	58.2	75600	1311022800
25.11	7/18/2011 22:00	22.9	58.2	79200	1311026400
24.11	7/18/2011 23:00	22.7	58.2	82800	1311030000
24.11	7/19/2011 0:00	22.3	58.2	0	1311033600
24.11	7/19/2011 1:00	22.2	58.2	3600	1311037200
24.11	7/19/2011 2:00	22	58.2	7200	1311040800
23.11	7/19/2011 3:00	21.8	58.2	10800	1311044400
24.11	7/19/2011 4:00	22	58.2	14400	1311048000
24.11	7/19/2011 5:00	22.7	58.2	18000	1311051600
25.11	7/19/2011 6:00	23.7	58.2	21600	1311055200
26.11	7/19/2011 7:00	24.5	58.2	25200	1311058800
26.11	7/19/2011 8:00	24.8	58.2	28800	1311062400
26.11	7/19/2011 9:00	24.8	58.2	32400	1311066000
26.11	7/19/2011 10:00	25.4	58.2	36000	1311069600
25.11	7/19/2011 11:00	25.7	795.4	39600	1311073200
25.11	7/19/2011 12:00	25.6	465.6	43200	1311076800
25.11	7/19/2011 13:00	25.8	523.8	46800	1311080400
25.11	7/19/2011 14:00	25.6	523.8	50400	1311084000
26.11	7/19/2011 15:00	25	523.8	54000	1311087600
26.11	7/19/2011 16:00	24.2	523.8	57600	1311091200
26.11	7/19/2011 17:00	24.8	514.1	61200	1311094800
26.11	7/19/2011 18:00	25	514.1	64800	1311098400
26.11	7/19/2011 19:00	25.1	514.1	68400	1311102000
26.11	7/19/2011 20:00	24	58.2	72000	1311105600
26.11	7/19/2011 21:00	24	504.4	75600	1311109200
25.11	7/19/2011 22:00	22.9	446.2	79200	1311112800
25.11	7/19/2011 23:00	22.7	504.4	82800	1311116400
25.11	7/20/2011 0:00	22.5	494.7	0	1311120000
24.11	7/20/2011 1:00	22.3	58.2	3600	1311123600
24.11	7/20/2011 2:00	22.2	58.2	7200	1311127200
24.11	7/20/2011 3:00	22	58.2	10800	1311130800
24.11	7/20/2011 4:00	22.2	58.2	14400	1311134400
24.11	7/20/2011 5:00	22.4	58.2	18000	1311138000
25.11	7/20/2011 6:00	23.1	58.2	21600	1311141600
26.11	7/20/2011 7:00	23.8	58.2	25200	1311145200
26.11	7/20/2011 8:00	24.3	58.2	28800	1311148800
26.11	7/20/2011 9:00	25.1	58.2	32400	1311152400
26.11	7/20/2011 10:00	25.4	58.2	36000	1311156000
25.11	7/20/2011 11:00	25.7	611.1	39600	1311159600
26.11	7/20/2011 12:00	26	58.2	43200	1311163200
26.11	7/20/2011 13:00	25.8	58.2	46800	1311166800
26.11	7/20/2011 14:00	25.8	58.2	50400	1311170400
25.11	7/20/2011 15:00	25.8	698.4	54000	1311174000
26.11	7/20/2011 16:00	26	58.2	57600	1311177600
26.11	7/20/2011 17:00	25.3	58.2	61200	1311181200
26.11	7/20/2011 18:00	25	58.2	64800	1311184800
26.11	7/20/2011 19:00	24.9	58.2	68400	1311188400
26.11	7/20/2011 20:00	25.1	58.2	72000	1311192000
26.11	7/20/2011 21:00	25	58.2	75600	1311195600
26.11	7/20/2011 22:00	24.8	58.2	79200	1311199200
26.11	7/20/2011 23:00	24.8	58.2	82800	1311202800
26.11	7/21/2011 0:00	25.1	58.2	0	1311206400
26.11	7/21/2011 1:00	24.5	58.2	3600	1311210000
26.11	7/21/2011 2:00	24.3	58.2	7200	1311213600
26.11	7/21/2011 3:00	24.2	58.2	10800	1311217200
26.11	7/21/2011 4:00	24.2	58.2	14400	1311220800
26.11	7/21/2011 5:00	24.7	58.2	18000	1311224400
26.11	7/21/2011 6:00	25.2	58.2	21600	1311228000
26.11	7/21/2011 7:00	25.8	58.2	25200	1311231600
26.11	7/21/2011 8:00	26.4	58.2	28800	1311235200
26.11	7/21/2011 9:00	26.8	485	32400	1311238800
26.11	7/21/2011 10:00	26.9	485	36000	1311242400
26.11	7/21/2011 11:00	26.5	523.8	39600	1311246000
26.11	7/21/2011 12:00	26.9	543.2	43200	1311249600
26.11	7/21/2011 13:00	26.6	562.6	46800	1311253200
26.11	7/21/2011 14:00	26.4	562.6	50400	1311256800
26.11	7/21/2011 15:00	26.7	572.3	54000	1311260400
26.11	7/21/2011 16:00	26.6	562.6	57600	1311264000
26.11	7/21/2011 17:00	27.1	543.2	61200	1311267600
26.11	7/21/2011 18:00	27.1	552.9	64800	1311271200
26.11	7/21/2011 19:00	27	552.9	68400	1311274800
26.11	7/21/2011 20:00	26.8	485	72000	1311278400
26.11	7/21/2011 21:00	26.9	543.2	75600	1311282000
26.11	7/21/2011 22:00	26.7	543.2	79200	1311285600
26.11	7/21/2011 23:00	26.2	543.2	82800	1311289200
26.11	7/22/2011 0:00	25.3	543.2	0	1311292800
26.11	7/22/2011 1:00	24.8	58.2	3600	1311296400
26.11	7/22/2011 2:00	24.6	58.2	7200	1311300000
26.11	7/22/2011 3:00	24.6	58.2	10800	1311303600
26.11	7/22/2011 4:00	24.8	58.2	14400	1311307200
26.11	7/22/2011 5:00	25.5	58.2	18000	1311310800
26.11	7/22/2011 6:00	26.6	417.1	21600	1311314400
26.11	7/22/2011 7:00	27.1	455.9	25200	1311318000
26.11	7/22/2011 8:00	27.4	562.6	28800	1311321600
26.11	7/22/2011 9:00	27.8	58.2	32400	1311325200
26.11	7/22/2011 10:00	28.1	58.2	36000	1311328800
26.11	7/22/2011 11:00	27.4	58.2	39600	1311332400
26.11	7/22/2011 12:00	27.7	58.2	43200	1311336000
26.11	7/22/2011 13:00	27.7	58.2	46800	1311339600
26.11	7/22/2011 14:00	26.5	58.2	50400	1311343200
26.11	7/22/2011 15:00	26.5	58.2	54000	1311346800
26.11	7/22/2011 16:00	26.2	58.2	57600	1311350400
26.11	7/22/2011 17:00	24.9	58.2	61200	1311354000
25.11	7/22/2011 18:00	23.6	58.2	64800	1311357600
25.11	7/22/2011 19:00	23.5	58.2	68400	1311361200
25.11	7/22/2011 20:00	23.7	58.2	72000	1311364800
26.11	7/22/2011 21:00	23.8	58.2	75600	1311368400
25.11	7/22/2011 22:00	23.5	58.2	79200	1311372000
26.11	7/22/2011 23:00	23.8	58.2	82800	1311375600
26.11	7/23/2011 0:00	23.8	58.2	0	1311379200
25.11	7/23/2011 1:00	23.5	58.2	3600	1311382800
25.11	7/23/2011 2:00	23	58.2	7200	1311386400
25.11	7/23/2011 3:00	23	58.2	10800	1311390000
24.11	7/23/2011 4:00	22.5	58.2	14400	1311393600
25.11	7/23/2011 5:00	22.9	58.2	18000	1311397200
25.11	7/23/2011 6:00	23.7	58.2	21600	1311400800
25.11	7/23/2011 7:00	23.4	58.2	25200	1311404400
26.11	7/23/2011 8:00	24	620.8	28800	1311408000
26.11	7/23/2011 9:00	24.4	543.2	32400	1311411600
26.11	7/23/2011 10:00	24.8	717.8	36000	1311415200
26.11	7/23/2011 11:00	25	756.6	39600	1311418800
26.11	7/23/2011 12:00	25.3	834.2	43200	1311422400
26.11	7/23/2011 13:00	25.4	882.7	46800	1311426000
26.11	7/23/2011 14:00	26	882.7	50400	1311429600
25.11	7/23/2011 15:00	25.7	911.8	54000	1311433200
26.11	7/23/2011 16:00	25.4	882.7	57600	1311436800
26.11	7/23/2011 17:00	25.3	853.6	61200	1311440400
26.11	7/23/2011 18:00	25.5	863.3	64800	1311444000
26.11	7/23/2011 19:00	24.9	649.9	68400	1311447600
26.11	7/23/2011 20:00	25	572.3	72000	1311451200
26.11	7/23/2011 21:00	25.2	591.7	75600	1311454800
26.11	7/23/2011 22:00	25	562.6	79200	1311458400
26.11	7/23/2011 23:00	24.5	552.9	82800	1311462000
26.11	7/24/2011 0:00	24.4	543.2	0	1311465600
26.11	7/24/2011 1:00	24.6	552.9	3600	1311469200
26.11	7/24/2011 2:00	24.1	698.4	7200	1311472800
26.11	7/24/2011 3:00	24.1	708.1	10800	1311476400
26.11	7/24/2011 4:00	24.1	669.3	14400	1311480000
26.11	7/24/2011 5:00	24.4	669.3	18000	1311483600
26.11	7/24/2011 6:00	25.1	902.1	21600	1311487200
25.11	7/24/2011 7:00	25.8	611.1	25200	1311490800
25.11	7/24/2011 8:00	25.6	659.6	28800	1311494400
26.11	7/24/2011 9:00	25.7	58.2	32400	1311498000
26.11	7/24/2011 10:00	25.8	58.2	36000	1311501600
26.11	7/24/2011 11:00	25.5	58.2	39600	1311505200
26.11	7/24/2011 12:00	26	533.5	43200	1311508800
26.11	7/24/2011 13:00	26.1	58.2	46800	1311512400
25.11	7/24/2011 14:00	25.5	649.9	50400	1311516000
26.11	7/24/2011 15:00	25.1	58.2	54000	1311519600
26.11	7/24/2011 16:00	25.2	58.2	57600	1311523200
26.11	7/24/2011 17:00	25.6	58.2	61200	1311526800
26.11	7/24/2011 18:00	24.5	58.2	64800	1311530400
26.11	7/24/2011 19:00	23.9	58.2	68400	1311534000
25.11	7/24/2011 20:00	23.7	58.2	72000	1311537600
26.11	7/24/2011 21:00	23.9	58.2	75600	1311541200
26.11	7/24/2011 22:00	24.7	58.2	79200	1311544800
26.11	7/24/2011 23:00	24.3	58.2	82800	1311548400
26.11	7/25/2011 0:00	24.1	58.2	0	1311552000
26.11	7/25/2011 1:00	24.5	58.2	3600	1311555600
26.11	7/25/2011 2:00	24.7	58.2	7200	1311559200
26.11	7/25/2011 3:00	24.9	58.2	10800	1311562800
26.11	7/25/2011 4:00	24.3	58.2	14400	1311566400
26.11	7/25/2011 5:00	24.3	58.2	18000	1311570000
26.11	7/25/2011 6:00	24.8	58.2	21600	1311573600
26.11	7/25/2011 7:00	25.3	58.2	25200	1311577200
26.11	7/25/2011 8:00	25.2	58.2	28800	1311580800
25.11	7/25/2011 9:00	25.5	543.2	32400	1311584400
26.11	7/25/2011 10:00	25	999.1	36000	1311588000
26.11	7/25/2011 11:00	25.1	756.6	39600	1311591600
25.11	7/25/2011 12:00	25.4	620.8	43200	1311595200
26.11	7/25/2011 13:00	25	620.8	46800	1311598800
25.11	7/25/2011 14:00	22.4	640.2	50400	1311602400
26.11	7/25/2011 15:00	23.3	640.2	54000	1311606000
26.11	7/25/2011 16:00	23.8	640.2	57600	1311609600
26.11	7/25/2011 17:00	24.5	640.2	61200	1311613200
26.11	7/25/2011 18:00	24.1	640.2	64800	1311616800
26.11	7/25/2011 19:00	23.6	523.8	68400	1311620400
26.11	7/25/2011 20:00	23.6	582	72000	1311624000
25.11	7/25/2011 21:00	23.1	504.4	75600	1311627600
25.11	7/25/2011 22:00	23.1	494.7	79200	1311631200
25.11	7/25/2011 23:00	22.5	514.1	82800	1311634800
24.11	7/26/2011 0:00	22.4	58.2	0	1311638400
25.11	7/26/2011 1:00	22.5	562.6	3600	1311642000
25.11	7/26/2011 2:00	22.4	776	7200	1311645600
25.11	7/26/2011 3:00	22.4	863.3	10800	1311649200
25.11	7/26/2011 4:00	22	795.4	14400	1311652800
25.11	7/26/2011 5:00	22	805.1	18000	1311656400
25.11	7/26/2011 6:00	22.3	805.1	21600	1311660000
24.11	7/26/2011 7:00	21.5	853.6	25200	1311663600
24.11	7/26/2011 8:00	21.4	931.2	28800	1311667200
22.11	7/26/2011 9:00	20.8	58.2	32400	1311670800
22.11	7/26/2011 10:00	20.1	58.2	36000	1311674400
22.11	7/26/2011 11:00	20.2	58.2	39600	1311678000
24.11	7/26/2011 12:00	21.7	611.1	43200	1311681600
22.11	7/26/2011 13:00	20.8	58.2	46800	1311685200
23.11	7/26/2011 14:00	20.5	523.8	50400	1311688800
22.11	7/26/2011 15:00	20.7	58.2	54000	1311692400
23.11	7/26/2011 16:00	21.1	58.2	57600	1311696000
24.11	7/26/2011 17:00	21.5	388	61200	1311699600
23.11	7/26/2011 18:00	20.9	58.2	64800	1311703200
23.11	7/26/2011 19:00	21.4	58.2	68400	1311706800
23.11	7/26/2011 20:00	21.6	58.2	72000	1311710400
23.11	7/26/2011 21:00	21.5	58.2	75600	1311714000
23.11	7/26/2011 22:00	21.5	58.2	79200	1311717600
23.11	7/26/2011 23:00	21.8	58.2	82800	1311721200
23.11	7/27/2011 0:00	21.3	58.2	0	1311724800
22.11	7/27/2011 1:00	20.7	58.2	3600	1311728400
21.11	7/27/2011 2:00	19.8	58.2	7200	1311732000
21.11	7/27/2011 3:00	18.9	58.2	10800	1311735600
20.11	7/27/2011 4:00	18.5	58.2	14400	1311739200
20.11	7/27/2011 5:00	18.3	58.2	18000	1311742800
20.11	7/27/2011 6:00	18.6	58.2	21600	1311746400
20.11	7/27/2011 7:00	18.6	58.2	25200	1311750000
21.11	7/27/2011 8:00	19	58.2	28800	1311753600
22.11	7/27/2011 9:00	19.1	611.1	32400	1311757200
21.11	7/27/2011 10:00	19.3	58.2	36000	1311760800
21.11	7/27/2011 11:00	19.3	58.2	39600	1311764400
22.11	7/27/2011 12:00	20.2	882.7	43200	1311768000
22.11	7/27/2011 13:00	19.3	630.5	46800	1311771600
22.11	7/27/2011 14:00	19.6	795.4	50400	1311775200
22.11	7/27/2011 15:00	19.6	805.1	54000	1311778800
22.11	7/27/2011 16:00	19.9	863.3	57600	1311782400
22.11	7/27/2011 17:00	19.8	834.2	61200	1311786000
19.11	7/27/2011 18:00	19.8	776	64800	1311789600
22.11	7/27/2011 19:00	19.6	688.7	68400	1311793200
21.11	7/27/2011 20:00	19.4	58.2	72000	1311796800
22.11	7/27/2011 21:00	19.1	640.2	75600	1311800400
22.11	7/27/2011 22:00	19.2	640.2	79200	1311804000
22.11	7/27/2011 23:00	19.4	620.8	82800	1311807600
22.11	7/28/2011 0:00	19.4	611.1	0	1311811200
21.11	7/28/2011 1:00	19.2	58.2	3600	1311814800
21.11	7/28/2011 2:00	19.2	58.2	7200	1311818400
21.11	7/28/2011 3:00	19.1	58.2	10800	1311822000
21.11	7/28/2011 4:00	19.4	58.2	14400	1311825600
22.11	7/28/2011 5:00	20	58.2	18000	1311829200
23.11	7/28/2011 6:00	21.3	58.2	21600	1311832800
24.11	7/28/2011 7:00	22.5	58.2	25200	1311836400
24.11	7/28/2011 8:00	21.9	58.2	28800	1311840000
25.11	7/28/2011 9:00	23	58.2	32400	1311843600
26.11	7/28/2011 10:00	23.7	504.4	36000	1311847200
26.11	7/28/2011 11:00	23.8	58.2	39600	1311850800
26.11	7/28/2011 12:00	23.8	58.2	43200	1311854400
26.11	7/28/2011 13:00	24.5	58.2	46800	1311858000
26.11	7/28/2011 14:00	24.5	388	50400	1311861600
26.11	7/28/2011 15:00	24.7	426.8	54000	1311865200
26.11	7/28/2011 16:00	24.3	58.2	57600	1311868800
26.11	7/28/2011 17:00	24.3	58.2	61200	1311872400
26.11	7/28/2011 18:00	24.4	58.2	64800	1311876000
26.11	7/28/2011 19:00	24.2	58.2	68400	1311879600
26.11	7/28/2011 20:00	24.4	426.8	72000	1311883200
26.11	7/28/2011 21:00	24.4	58.2	75600	1311886800
26.11	7/28/2011 22:00	24.3	58.2	79200	1311890400
26.11	7/28/2011 23:00	24.3	58.2	82800	1311894000
26.11	7/29/2011 0:00	24.5	58.2	0	1311897600
26.11	7/29/2011 1:00	24.3	58.2	3600	1311901200
26.11	7/29/2011 2:00	24.1	58.2	7200	1311904800
26.11	7/29/2011 3:00	24	475.3	10800	1311908400
26.11	7/29/2011 4:00	24	58.2	14400	1311912000
26.11	7/29/2011 5:00	24	58.2	18000	1311915600
26.11	7/29/2011 6:00	24.8	58.2	21600	1311919200
26.11	7/29/2011 7:00	25.2	58.2	25200	1311922800
26.11	7/29/2011 8:00	25.3	358.9	28800	1311926400
26.11	7/29/2011 9:00	25.7	58.2	32400	1311930000
26.11	7/29/2011 10:00	25.7	58.2	36000	1311933600
26.11	7/29/2011 11:00	25.3	58.2	39600	1311937200
26.11	7/29/2011 12:00	25.1	58.2	43200	1311940800
26.11	7/29/2011 13:00	24.8	58.2	46800	1311944400
26.11	7/29/2011 14:00	24.6	58.2	50400	1311948000
26.11	7/29/2011 15:00	24.5	58.2	54000	1311951600
26.11	7/29/2011 16:00	24.1	58.2	57600	1311955200
26.11	7/29/2011 17:00	24.1	58.2	61200	1311958800
26.11	7/29/2011 18:00	23.8	58.2	64800	1311962400
25.11	7/29/2011 19:00	23.5	58.2	68400	1311966000
25.11	7/29/2011 20:00	23	58.2	72000	1311969600
24.11	7/29/2011 21:00	22.7	58.2	75600	1311973200
24.11	7/29/2011 22:00	22.4	58.2	79200	1311976800
24.11	7/29/2011 23:00	22.2	58.2	82800	1311980400
24.11	7/30/2011 0:00	22.7	58.2	0	1311984000
24.11	7/30/2011 1:00	22.7	58.2	3600	1311987600
25.11	7/30/2011 2:00	22.9	58.2	7200	1311991200
24.11	7/30/2011 3:00	22.7	58.2	10800	1311994800
24.11	7/30/2011 4:00	22.7	58.2	14400	1311998400
24.11	7/30/2011 5:00	22.7	58.2	18000	1312002000
25.11	7/30/2011 6:00	23.2	58.2	21600	1312005600
25.11	7/30/2011 7:00	23	58.2	25200	1312009200
24.11	7/30/2011 8:00	22.2	58.2	28800	1312012800
23.11	7/30/2011 9:00	21.8	58.2	32400	1312016400
24.11	7/30/2011 10:00	22.3	58.2	36000	1312020000
24.11	7/30/2011 11:00	22.1	562.6	39600	1312023600
23.11	7/30/2011 12:00	21.6	58.2	43200	1312027200
24.11	7/30/2011 13:00	21.7	669.3	46800	1312030800
24.11	7/30/2011 14:00	21.9	58.2	50400	1312034400
24.11	7/30/2011 15:00	21.7	475.3	54000	1312038000
24.11	7/30/2011 16:00	21.5	368.6	57600	1312041600
23.11	7/30/2011 17:00	21.4	58.2	61200	1312045200
24.11	7/30/2011 18:00	21.2	659.6	64800	1312048800
22.11	7/30/2011 19:00	20.6	58.2	68400	1312052400
22.11	7/30/2011 20:00	19.9	58.2	72000	1312056000
22.11	7/30/2011 21:00	20.2	58.2	75600	1312059600
22.11	7/30/2011 22:00	20	58.2	79200	1312063200
22.11	7/31/2011 0:00	20.1	58.2	0	1312070400
21.11	7/31/2011 1:00	19.7	58.2	3600	1312074000
21.11	7/31/2011 2:00	19.8	58.2	7200	1312077600
21.11	7/31/2011 3:00	19.7	58.2	10800	1312081200
21.11	7/31/2011 4:00	19.7	58.2	14400	1312084800
22.11	7/31/2011 5:00	20	58.2	18000	1312088400
22.11	7/31/2011 6:00	20.8	58.2	21600	1312092000
23.11	7/31/2011 7:00	21.4	58.2	25200	1312095600
24.11	7/31/2011 8:00	22.3	58.2	28800	1312099200
25.11	7/31/2011 9:00	22.4	620.8	32400	1312102800
25.11	7/31/2011 10:00	22.4	669.3	36000	1312106400
24.11	7/31/2011 11:00	21.5	601.4	39600	1312110000
23.11	7/31/2011 12:00	20.6	679	43200	1312113600
23.11	7/31/2011 13:00	20.3	746.9	46800	1312117200
23.11	7/31/2011 14:00	20.8	717.8	50400	1312120800
22.11	7/31/2011 15:00	19.5	717.8	54000	1312124400
23.11	7/31/2011 16:00	20.2	737.2	57600	1312128000
23.11	7/31/2011 17:00	20.1	766.3	61200	1312131600
23.11	7/31/2011 18:00	20.3	698.4	64800	1312135200
23.11	7/31/2011 19:00	19.9	688.7	68400	1312138800
22.11	7/31/2011 20:00	19.7	620.8	72000	1312142400
25.11	7/31/2011 21:00	23	640.2	75600	1312146000
25.11	7/31/2011 22:00	22.7	669.3	79200	1312149600
25.11	7/31/2011 23:00	22.9	601.4	82800	1312153200