Tset	Date	Twet	Load	Hour(s)	TimeStamp(s)
25.11	6/1/2011 0:00	22.9	601.4	0	1306886400
24.11	6/1/2011 1:00	22.7	58.2	3600	1306890000
25.11	6/1/2011 2:00	22.9	58.2	7200	1306893600
24.11	6/1/2011 3:00	22.2	58.2	10800	1306897200
24.11	6/1/2011 4:00	22.2	58.2	14400	1306900800
25.11	6/1/2011 5:00	22.9	58.2	18000	1306904400
26.11	6/1/2011 6:00	23.9	58.2	21600	1306908000
26.11	6/1/2011 7:00	24.9	58.2	25200	1306911600
26.11	6/1/2011 8:00	25.2	58.2	28800	1306915200
25.11	6/1/2011 9:00	25.6	858.45	32400	1306918800
25.11	6/1/2011 10:00	25.4	1294.95	36000	1306922400
26.11	6/1/2011 11:00	25.3	620.8	39600	1306926000
26.11	6/1/2011 12:00	24.8	737.2	43200	1306929600
25.11	6/1/2011 13:00	25.2	805.1	46800	1306933200
26.11	6/1/2011 14:00	24.7	1086.4	50400	1306936800
26.11	6/1/2011 15:00	24.7	1125.2	54000	1306940400
26.11	6/1/2011 16:00	24.2	1144.6	57600	1306944000
26.11	6/1/2011 17:00	24.4	1096.1	61200	1306947600
26.11	6/1/2011 18:00	23.8	1057.3	64800	1306951200
26.11	6/1/2011 19:00	23.7	1018.5	68400	1306954800
26.11	6/1/2011 20:00	23.2	887.55	72000	1306958400
24.11	6/1/2011 21:00	21.5	708.1	75600	1306962000
22.11	6/1/2011 22:00	19.4	688.7	79200	1306965600
20.11	6/1/2011 23:00	17.4	679	82800	1306969200
19.11	6/2/2011 0:00	16.2	669.3	0	1306972800
18.11	6/2/2011 1:00	15.9	858.45	3600	1306976400
18.11	6/2/2011 2:00	15.7	873	7200	1306980000
17.11	6/2/2011 3:00	14.7	931.2	10800	1306983600
17.11	6/2/2011 4:00	14.6	873	14400	1306987200
18.11	6/2/2011 5:00	15.9	887.55	18000	1306990800
18.11	6/2/2011 6:00	15.9	902.1	21600	1306994400
17.11	6/2/2011 7:00	14.7	931.2	25200	1306998000
18.11	6/2/2011 8:00	15.3	974.85	28800	1307001600
15.11	6/2/2011 9:00	15.8	620.8	32400	1307005200
19.11	6/2/2011 10:00	16	1474.4	36000	1307008800
16.11	6/2/2011 11:00	16.6	1532.6	39600	1307012400
19.11	6/2/2011 12:00	16.3	1561.7	43200	1307016000
15.11	6/2/2011 13:00	15.8	1532.6	46800	1307019600
15.11	6/2/2011 14:00	15.6	1532.6	50400	1307023200
15.11	6/2/2011 15:00	15.8	1464.7	54000	1307026800
18.11	6/2/2011 16:00	15.5	1377.4	57600	1307030400
17.11	6/2/2011 17:00	14.5	1367.7	61200	1307034000
17.11	6/2/2011 18:00	14.3	999.1	64800	1307037600
17.11	6/2/2011 19:00	13.6	679	68400	1307041200
16.11	6/2/2011 20:00	13.4	669.3	72000	1307044800
15.11	6/2/2011 21:00	12.4	572.3	75600	1307048400
15.11	6/2/2011 22:00	12.4	572.3	79200	1307052000
15.11	6/2/2011 23:00	12.4	543.2	82800	1307055600
15.11	6/3/2011 0:00	12	543.2	0	1307059200
15.11	6/3/2011 1:00	10.7	669.3	3600	1307062800
15.11	6/3/2011 2:00	10.5	1571.4	7200	1307066400
15.11	6/3/2011 3:00	9.4	1377.4	10800	1307070000
15.11	6/3/2011 4:00	9.4	58.2	14400	1307073600
15.11	6/3/2011 5:00	11	1358	18000	1307077200
15.11	6/3/2011 6:00	12	1930.3	21600	1307080800
15.11	6/3/2011 7:00	11.8	1455	25200	1307084400
16.11	6/3/2011 8:00	12.7	1542.3	28800	1307088000
16.11	6/3/2011 9:00	12.8	669.3	32400	1307091600
16.11	6/3/2011 10:00	13.2	805.1	36000	1307095200
16.11	6/3/2011 11:00	13.3	892.4	39600	1307098800
16.11	6/3/2011 12:00	13.7	950.6	43200	1307102400
17.11	6/3/2011 13:00	14.7	999.1	46800	1307106000
17.11	6/3/2011 14:00	14.4	1411.35	50400	1307109600
17.11	6/3/2011 15:00	14.4	1484.1	54000	1307113200
16.11	6/3/2011 16:00	14.3	58.2	57600	1307116800
16.11	6/3/2011 17:00	13.9	58.2	61200	1307120400
17.11	6/3/2011 18:00	13.4	1484.1	64800	1307124000
16.11	6/3/2011 19:00	12.7	1265.85	68400	1307127600
15.11	6/3/2011 20:00	12.2	649.9	72000	1307131200
15.11	6/3/2011 21:00	12.2	1164	75600	1307134800
15.11	6/3/2011 22:00	11.2	1134.9	79200	1307138400
15.11	6/3/2011 23:00	12	1120.35	82800	1307142000
15.11	6/4/2011 0:00	11.2	1076.7	0	1307145600
15.11	6/4/2011 1:00	10.7	640.2	3600	1307149200
15.11	6/4/2011 2:00	10.7	659.6	7200	1307152800
15.11	6/4/2011 3:00	9.9	669.3	10800	1307156400
15.11	6/4/2011 4:00	10.2	649.9	14400	1307160000
15.11	6/4/2011 5:00	11.2	649.9	18000	1307163600
17.11	6/4/2011 6:00	13.5	698.4	21600	1307167200
16.11	6/4/2011 7:00	13.1	659.6	25200	1307170800
16.11	6/4/2011 8:00	13.6	1076.7	28800	1307174400
17.11	6/4/2011 9:00	14.3	523.8	32400	1307178000
17.11	6/4/2011 10:00	14.7	970	36000	1307181600
17.11	6/4/2011 11:00	15.6	58.2	39600	1307185200
15.11	6/4/2011 12:00	15.6	1474.4	43200	1307188800
19.11	6/4/2011 13:00	16.2	785.7	46800	1307192400
15.11	6/4/2011 14:00	15.5	1416.2	50400	1307196000
18.11	6/4/2011 15:00	15.8	58.2	54000	1307199600
19.11	6/4/2011 16:00	16.3	1367.7	57600	1307203200
18.11	6/4/2011 17:00	16.4	58.2	61200	1307206800
15.11	6/4/2011 18:00	15.9	1202.8	64800	1307210400
15.11	6/4/2011 19:00	15.9	620.8	68400	1307214000
18.11	6/4/2011 20:00	15.7	552.9	72000	1307217600
19.11	6/4/2011 21:00	16.3	572.3	75600	1307221200
19.11	6/4/2011 22:00	16.6	543.2	79200	1307224800
19.11	6/4/2011 23:00	16.9	533.5	82800	1307228400
19.11	6/5/2011 0:00	16.2	543.2	0	1307232000
20.11	6/5/2011 1:00	17.1	523.8	3600	1307235600
19.11	6/5/2011 2:00	16.4	882.7	7200	1307239200
19.11	6/5/2011 3:00	16.4	766.3	10800	1307242800
19.11	6/5/2011 4:00	16.4	727.5	14400	1307246400
19.11	6/5/2011 5:00	16.4	708.1	18000	1307250000
20.11	6/5/2011 6:00	17	688.7	21600	1307253600
19.11	6/5/2011 7:00	16.2	776	25200	1307257200
19.11	6/5/2011 8:00	16.7	853.6	28800	1307260800
20.11	6/5/2011 9:00	17.2	1047.6	32400	1307264400
20.11	6/5/2011 10:00	17.6	989.4	36000	1307268000
20.11	6/5/2011 11:00	17.8	1149.45	39600	1307271600
21.11	6/5/2011 12:00	18.8	1338.6	43200	1307275200
21.11	6/5/2011 13:00	18.7	1338.6	46800	1307278800
22.11	6/5/2011 14:00	19.5	1411.35	50400	1307282400
23.11	6/5/2011 15:00	20.2	1455	54000	1307286000
23.11	6/5/2011 16:00	20	1455	57600	1307289600
23.11	6/5/2011 17:00	20.2	1425.9	61200	1307293200
22.11	6/5/2011 18:00	19.6	1324.05	64800	1307296800
22.11	6/5/2011 19:00	19	1236.75	68400	1307300400
21.11	6/5/2011 20:00	18.8	1018.5	72000	1307304000
21.11	6/5/2011 21:00	18.4	1120.35	75600	1307307600
21.11	6/5/2011 22:00	18.8	1076.7	79200	1307311200
21.11	6/5/2011 23:00	18.7	1033.05	82800	1307314800
21.11	6/6/2011 0:00	18.5	1003.95	0	1307318400
20.11	6/6/2011 1:00	17.9	989.4	3600	1307322000
20.11	6/6/2011 2:00	17.4	989.4	7200	1307325600
19.11	6/6/2011 3:00	16.8	931.2	10800	1307329200
19.11	6/6/2011 4:00	16.8	945.75	14400	1307332800
20.11	6/6/2011 5:00	17.4	974.85	18000	1307336400
21.11	6/6/2011 6:00	18.8	829.35	21600	1307340000
22.11	6/6/2011 7:00	19.6	974.85	25200	1307343600
22.11	6/6/2011 8:00	19.1	1280.4	28800	1307347200
21.11	6/6/2011 9:00	18.8	543.2	32400	1307350800
22.11	6/6/2011 10:00	19.3	572.3	36000	1307354400
21.11	6/6/2011 11:00	18.9	582	39600	1307358000
21.11	6/6/2011 12:00	18.8	591.7	43200	1307361600
21.11	6/6/2011 13:00	18.1	630.5	46800	1307365200
21.11	6/6/2011 14:00	18.5	562.6	50400	1307368800
22.11	6/6/2011 15:00	19.2	552.9	54000	1307372400
21.11	6/6/2011 16:00	19.1	514.1	57600	1307376000
22.11	6/6/2011 17:00	19.4	485	61200	1307379600
21.11	6/6/2011 18:00	19.2	475.3	64800	1307383200
21.11	6/6/2011 19:00	18.5	446.2	68400	1307386800
20.11	6/6/2011 20:00	17.8	543.2	72000	1307390400
20.11	6/6/2011 21:00	17.3	446.2	75600	1307394000
19.11	6/6/2011 22:00	17.1	446.2	79200	1307397600
19.11	6/6/2011 23:00	16.8	446.2	82800	1307401200
19.11	6/7/2011 0:00	16.3	436.5	0	1307404800
19.11	6/7/2011 1:00	16.1	533.5	3600	1307408400
18.11	6/7/2011 2:00	15.6	552.9	7200	1307412000
18.11	6/7/2011 3:00	14.9	591.7	10800	1307415600
18.11	6/7/2011 4:00	15.1	552.9	14400	1307419200
19.11	6/7/2011 5:00	16.4	543.2	18000	1307422800
21.11	6/7/2011 6:00	19	533.5	21600	1307426400
22.11	6/7/2011 7:00	19.7	543.2	25200	1307430000
23.11	6/7/2011 8:00	20.4	552.9	28800	1307433600
23.11	6/7/2011 9:00	20.4	1018.5	32400	1307437200
22.11	6/7/2011 10:00	19.9	945.75	36000	1307440800
23.11	6/7/2011 11:00	20.1	1222.2	39600	1307444400
23.11	6/7/2011 12:00	20.3	1309.5	43200	1307448000
23.11	6/7/2011 13:00	20.7	1425.9	46800	1307451600
24.11	6/7/2011 14:00	21.4	1484.1	50400	1307455200
24.11	6/7/2011 15:00	20.9	1469.55	54000	1307458800
24.11	6/7/2011 16:00	21.3	1484.1	57600	1307462400
24.11	6/7/2011 17:00	21.3	1440.45	61200	1307466000
24.11	6/7/2011 18:00	21.3	1353.15	64800	1307469600
23.11	6/7/2011 19:00	20.7	1193.1	68400	1307473200
23.11	6/7/2011 20:00	20.5	989.4	72000	1307476800
22.11	6/7/2011 21:00	20.1	1062.15	75600	1307480400
22.11	6/7/2011 22:00	20	1047.6	79200	1307484000
22.11	6/7/2011 23:00	19.4	1033.05	82800	1307487600
22.11	6/8/2011 0:00	19.5	1033.05	0	1307491200
22.11	6/8/2011 1:00	19.3	974.85	3600	1307494800
21.11	6/8/2011 2:00	19.1	989.4	7200	1307498400
21.11	6/8/2011 3:00	19.1	1033.05	10800	1307502000
21.11	6/8/2011 4:00	19.1	1003.95	14400	1307505600
22.11	6/8/2011 5:00	19.5	974.85	18000	1307509200
23.11	6/8/2011 6:00	20.7	1003.95	21600	1307512800
23.11	6/8/2011 7:00	21.1	1003.95	25200	1307516400
24.11	6/8/2011 8:00	21.5	1367.7	28800	1307520000
25.11	6/8/2011 9:00	22.4	446.2	32400	1307523600
25.11	6/8/2011 10:00	23	417.1	36000	1307527200
26.11	6/8/2011 11:00	23.9	407.4	39600	1307530800
26.11	6/8/2011 12:00	24.7	436.5	43200	1307534400
26.11	6/8/2011 13:00	25	436.5	46800	1307538000
26.11	6/8/2011 14:00	25.1	417.1	50400	1307541600
26.11	6/8/2011 15:00	25.3	426.8	54000	1307545200
26.11	6/8/2011 16:00	25.1	426.8	57600	1307548800
26.11	6/8/2011 17:00	24.7	407.4	61200	1307552400
26.11	6/8/2011 18:00	25.2	417.1	64800	1307556000
26.11	6/8/2011 19:00	25.1	446.2	68400	1307559600
26.11	6/8/2011 20:00	24.9	426.8	72000	1307563200
26.11	6/8/2011 21:00	24.3	417.1	75600	1307566800
26.11	6/8/2011 22:00	24.1	407.4	79200	1307570400
26.11	6/8/2011 23:00	23.9	417.1	82800	1307574000
26.11	6/9/2011 0:00	23.4	407.4	0	1307577600
26.11	6/9/2011 1:00	23.4	426.8	3600	1307581200
25.11	6/9/2011 2:00	23.2	417.1	7200	1307584800
26.11	6/9/2011 3:00	23.2	426.8	10800	1307588400
25.11	6/9/2011 4:00	23.1	426.8	14400	1307592000
26.11	6/9/2011 5:00	23.4	426.8	18000	1307595600
26.11	6/9/2011 6:00	24	407.4	21600	1307599200
26.11	6/9/2011 7:00	24.6	417.1	25200	1307602800
26.11	6/9/2011 8:00	24.9	426.8	28800	1307606400
26.11	6/9/2011 9:00	25.4	1003.95	32400	1307610000
26.11	6/9/2011 10:00	25.3	989.4	36000	1307613600
26.11	6/9/2011 11:00	24.7	1062.15	39600	1307617200
26.11	6/9/2011 12:00	24.1	1062.15	43200	1307620800
26.11	6/9/2011 13:00	23.9	1076.7	46800	1307624400
26.11	6/9/2011 14:00	24.1	1091.25	50400	1307628000
26.11	6/9/2011 15:00	23.4	1105.8	54000	1307631600
26.11	6/9/2011 16:00	23.8	1120.35	57600	1307635200
26.11	6/9/2011 17:00	23.6	1105.8	61200	1307638800
26.11	6/9/2011 18:00	23.8	1076.7	64800	1307642400
23.11	6/9/2011 19:00	21.1	1091.25	68400	1307646000
24.11	6/9/2011 20:00	21.6	1018.5	72000	1307649600
24.11	6/9/2011 21:00	22	1003.95	75600	1307653200
24.11	6/9/2011 22:00	21.5	1018.5	79200	1307656800
24.11	6/9/2011 23:00	21.8	989.4	82800	1307660400
24.11	6/10/2011 0:00	21.3	989.4	0	1307664000
23.11	6/10/2011 1:00	21.1	1003.95	3600	1307667600
24.11	6/10/2011 2:00	21.5	974.85	7200	1307671200
23.11	6/10/2011 3:00	20.7	974.85	10800	1307674800
23.11	6/10/2011 4:00	20.7	945.75	14400	1307678400
24.11	6/10/2011 5:00	21.3	1294.95	18000	1307682000
24.11	6/10/2011 6:00	21.5	1251.3	21600	1307685600
25.11	6/10/2011 7:00	22	727.5	25200	1307689200
25.11	6/10/2011 8:00	22.7	873	28800	1307692800
25.11	6/10/2011 9:00	23	407.4	32400	1307696400
26.11	6/10/2011 10:00	23.3	417.1	36000	1307700000
26.11	6/10/2011 11:00	23.8	446.2	39600	1307703600
26.11	6/10/2011 12:00	24	455.9	43200	1307707200
26.11	6/10/2011 13:00	24.1	455.9	46800	1307710800
26.11	6/10/2011 14:00	24	465.6	50400	1307714400
26.11	6/10/2011 15:00	23.7	882.7	54000	1307718000
26.11	6/10/2011 16:00	23.3	465.6	57600	1307721600
25.11	6/10/2011 17:00	22.7	455.9	61200	1307725200
26.11	6/10/2011 18:00	23.6	475.3	64800	1307728800
25.11	6/10/2011 19:00	23.1	455.9	68400	1307732400
26.11	6/10/2011 20:00	23.4	436.5	72000	1307736000
25.11	6/10/2011 21:00	23.1	407.4	75600	1307739600
26.11	6/10/2011 22:00	23.4	407.4	79200	1307743200
25.11	6/10/2011 23:00	22.9	397.7	82800	1307746800
25.11	6/11/2011 0:00	22.7	407.4	0	1307750400
24.11	6/11/2011 1:00	22	407.4	3600	1307754000
24.11	6/11/2011 2:00	22	436.5	7200	1307757600
24.11	6/11/2011 3:00	22	455.9	10800	1307761200
24.11	6/11/2011 4:00	21.4	436.5	14400	1307764800
25.11	6/11/2011 5:00	22.4	426.8	18000	1307768400
25.11	6/11/2011 6:00	23.4	58.2	21600	1307772000
24.11	6/11/2011 7:00	22.5	58.2	25200	1307775600
24.11	6/11/2011 8:00	22.7	58.2	28800	1307779200
25.11	6/11/2011 9:00	22.9	960.3	32400	1307782800
26.11	6/11/2011 10:00	23.4	1033.05	36000	1307786400
26.11	6/11/2011 11:00	23.5	1105.8	39600	1307790000
26.11	6/11/2011 12:00	23.4	1149.45	43200	1307793600
26.11	6/11/2011 13:00	24.4	1164	46800	1307797200
26.11	6/11/2011 14:00	24.4	1178.55	50400	1307800800
26.11	6/11/2011 15:00	24.5	1222.2	54000	1307804400
26.11	6/11/2011 16:00	24.4	1222.2	57600	1307808000
26.11	6/11/2011 17:00	23.7	1265.85	61200	1307811600
25.11	6/11/2011 18:00	22.7	1222.2	64800	1307815200
24.11	6/11/2011 19:00	21.8	1164	68400	1307818800
23.11	6/11/2011 20:00	21.1	960.3	72000	1307822400
23.11	6/11/2011 21:00	20.9	1134.9	75600	1307826000
23.11	6/11/2011 22:00	20.4	1120.35	79200	1307829600
23.11	6/11/2011 23:00	20.6	1105.8	82800	1307833200
23.11	6/12/2011 0:00	20.4	1105.8	0	1307836800
22.11	6/12/2011 1:00	20.2	960.3	3600	1307840400
22.11	6/12/2011 2:00	19.4	945.75	7200	1307844000
22.11	6/12/2011 3:00	19.8	931.2	10800	1307847600
22.11	6/12/2011 4:00	19.8	916.65	14400	1307851200
23.11	6/12/2011 5:00	20.5	931.2	18000	1307854800
24.11	6/12/2011 6:00	21.3	916.65	21600	1307858400
24.11	6/12/2011 7:00	22.2	945.75	25200	1307862000
25.11	6/12/2011 8:00	22.5	1003.95	28800	1307865600
25.11	6/12/2011 9:00	23	407.4	32400	1307869200
26.11	6/12/2011 10:00	23.3	504.4	36000	1307872800
26.11	6/12/2011 11:00	23.5	591.7	39600	1307876400
25.11	6/12/2011 12:00	22.8	533.5	43200	1307880000
26.11	6/12/2011 13:00	23.3	601.4	46800	1307883600
24.11	6/12/2011 14:00	22	601.4	50400	1307887200
25.11	6/12/2011 15:00	23	640.2	54000	1307890800
25.11	6/12/2011 16:00	22.2	688.7	57600	1307894400
23.11	6/12/2011 17:00	20.9	640.2	61200	1307898000
24.11	6/12/2011 18:00	21.6	620.8	64800	1307901600
24.11	6/12/2011 19:00	21.4	514.1	68400	1307905200
23.11	6/12/2011 20:00	20.9	397.7	72000	1307908800
23.11	6/12/2011 21:00	20.3	465.6	75600	1307912400
22.11	6/12/2011 22:00	20	465.6	79200	1307916000
22.11	6/12/2011 23:00	20.2	475.3	82800	1307919600
21.11	6/13/2011 0:00	19.1	465.6	0	1307923200
20.11	6/13/2011 1:00	17.5	407.4	3600	1307926800
19.11	6/13/2011 2:00	16.4	417.1	7200	1307930400
18.11	6/13/2011 3:00	15.4	455.9	10800	1307934000
17.11	6/13/2011 4:00	14.4	436.5	14400	1307937600
17.11	6/13/2011 5:00	14.1	436.5	18000	1307941200
16.11	6/13/2011 6:00	14	446.2	21600	1307944800
17.11	6/13/2011 7:00	14.7	446.2	25200	1307948400
18.11	6/13/2011 8:00	15.1	475.3	28800	1307952000
17.11	6/13/2011 9:00	15.3	58.2	32400	1307955600
19.11	6/13/2011 10:00	16	649.9	36000	1307959200
18.11	6/13/2011 11:00	15.9	523.8	39600	1307962800
19.11	6/13/2011 12:00	16.4	1105.8	43200	1307966400
19.11	6/13/2011 13:00	16.3	679	46800	1307970000
16.11	6/13/2011 14:00	16.6	717.8	50400	1307973600
19.11	6/13/2011 15:00	16.4	785.7	54000	1307977200
16.11	6/13/2011 16:00	16.7	746.9	57600	1307980800
16.11	6/13/2011 17:00	16.8	785.7	61200	1307984400
15.11	6/13/2011 18:00	15.7	746.9	64800	1307988000
18.11	6/13/2011 19:00	14.9	688.7	68400	1307991600
16.11	6/13/2011 20:00	14.3	58.2	72000	1307995200
17.11	6/13/2011 21:00	14	640.2	75600	1307998800
17.11	6/13/2011 22:00	14.3	630.5	79200	1308002400
16.11	6/13/2011 23:00	13.8	58.2	82800	1308006000
16.11	6/14/2011 0:00	13.8	58.2	0	1308009600
15.11	6/14/2011 1:00	13.3	58.2	3600	1308013200
15.11	6/14/2011 2:00	13	58.2	7200	1308016800
15.11	6/14/2011 3:00	11.7	58.2	10800	1308020400
15.11	6/14/2011 4:00	11.7	58.2	14400	1308024000
15.11	6/14/2011 5:00	12.2	58.2	18000	1308027600
15.11	6/14/2011 6:00	13.5	58.2	21600	1308031200
17.11	6/14/2011 7:00	14.7	58.2	25200	1308034800
17.11	6/14/2011 8:00	15.6	58.2	28800	1308038400
18.11	6/14/2011 9:00	16.2	58.2	32400	1308042000
18.11	6/14/2011 10:00	15.3	446.2	36000	1308045600
18.11	6/14/2011 11:00	15.7	446.2	39600	1308049200
18.11	6/14/2011 12:00	15.7	455.9	43200	1308052800
18.11	6/14/2011 13:00	16.1	455.9	46800	1308056400
19.11	6/14/2011 14:00	16.5	465.6	50400	1308060000
20.11	6/14/2011 15:00	17.2	475.3	54000	1308063600
19.11	6/14/2011 16:00	16.7	494.7	57600	1308067200
19.11	6/14/2011 17:00	16.4	494.7	61200	1308070800
18.11	6/14/2011 18:00	15.8	475.3	64800	1308074400
18.11	6/14/2011 19:00	15.2	669.3	68400	1308078000
17.11	6/14/2011 20:00	14.8	552.9	72000	1308081600
17.11	6/14/2011 21:00	15.3	58.2	75600	1308085200
16.11	6/14/2011 22:00	14.5	58.2	79200	1308088800
15.11	6/14/2011 23:00	13.5	58.2	82800	1308092400
15.11	6/15/2011 0:00	12.8	58.2	0	1308096000
15.11	6/15/2011 1:00	12.2	58.2	3600	1308099600
15.11	6/15/2011 2:00	11.7	58.2	7200	1308103200
15.11	6/15/2011 3:00	11	378.3	10800	1308106800
15.11	6/15/2011 4:00	10.5	611.1	14400	1308110400
15.11	6/15/2011 5:00	12	58.2	18000	1308114000
16.11	6/15/2011 6:00	13.3	552.9	21600	1308117600
16.11	6/15/2011 7:00	14.4	58.2	25200	1308121200
17.11	6/15/2011 8:00	14.8	446.2	28800	1308124800
18.11	6/15/2011 9:00	15.2	572.3	32400	1308128400
18.11	6/15/2011 10:00	16	882.7	36000	1308132000
19.11	6/15/2011 11:00	16.4	649.9	39600	1308135600
19.11	6/15/2011 12:00	16.4	679	43200	1308139200
19.11	6/15/2011 13:00	16.4	659.6	46800	1308142800
16.11	6/15/2011 14:00	16.8	649.9	50400	1308146400
19.11	6/15/2011 15:00	16.6	649.9	54000	1308150000
19.11	6/15/2011 16:00	16.4	630.5	57600	1308153600
19.11	6/15/2011 17:00	16	611.1	61200	1308157200
20.11	6/15/2011 18:00	17.3	611.1	64800	1308160800
18.11	6/15/2011 19:00	15.6	552.9	68400	1308164400
18.11	6/15/2011 20:00	15	591.7	72000	1308168000
18.11	6/15/2011 21:00	15	552.9	75600	1308171600
17.11	6/15/2011 22:00	14.8	58.2	79200	1308175200
16.11	6/15/2011 23:00	14.6	58.2	82800	1308178800
16.11	6/16/2011 0:00	14.6	58.2	0	1308182400
17.11	6/16/2011 1:00	14.6	533.5	3600	1308186000
16.11	6/16/2011 2:00	13.6	562.6	7200	1308189600
17.11	6/16/2011 3:00	13.9	630.5	10800	1308193200
16.11	6/16/2011 4:00	13.4	611.1	14400	1308196800
17.11	6/16/2011 5:00	14.2	611.1	18000	1308200400
18.11	6/16/2011 6:00	15.4	649.9	21600	1308204000
19.11	6/16/2011 7:00	16	669.3	25200	1308207600
19.11	6/16/2011 8:00	16.5	1018.5	28800	1308211200
19.11	6/16/2011 9:00	17.6	58.2	32400	1308214800
20.11	6/16/2011 10:00	18.4	58.2	36000	1308218400
21.11	6/16/2011 11:00	18.6	611.1	39600	1308222000
21.11	6/16/2011 12:00	19.8	58.2	43200	1308225600
21.11	6/16/2011 13:00	19.8	58.2	46800	1308229200
21.11	6/16/2011 14:00	19.7	58.2	50400	1308232800
23.11	6/16/2011 15:00	20.3	805.1	54000	1308236400
21.11	6/16/2011 16:00	19.6	58.2	57600	1308240000
22.11	6/16/2011 17:00	20	58.2	61200	1308243600
22.11	6/16/2011 18:00	19.8	669.3	64800	1308247200
22.11	6/16/2011 19:00	20	58.2	68400	1308250800
22.11	6/16/2011 20:00	19.8	426.8	72000	1308254400
22.11	6/16/2011 21:00	19.8	679	75600	1308258000
19.11	6/16/2011 22:00	17.5	58.2	79200	1308261600
21.11	6/16/2011 23:00	18.4	679	82800	1308265200
21.11	6/17/2011 0:00	19	58.2	0	1308268800
20.11	6/17/2011 1:00	18.7	58.2	3600	1308272400
20.11	6/17/2011 2:00	18.5	58.2	7200	1308276000
20.11	6/17/2011 3:00	17.9	58.2	10800	1308279600
19.11	6/17/2011 4:00	17.4	58.2	14400	1308283200
20.11	6/17/2011 5:00	17.9	58.2	18000	1308286800
20.11	6/17/2011 6:00	18.4	58.2	21600	1308290400
21.11	6/17/2011 7:00	18.8	58.2	25200	1308294000
21.11	6/17/2011 8:00	19.6	58.2	28800	1308297600
22.11	6/17/2011 9:00	20.1	58.2	32400	1308301200
22.11	6/17/2011 10:00	20.1	58.2	36000	1308304800
22.11	6/17/2011 11:00	20.3	58.2	39600	1308308400
22.11	6/17/2011 12:00	20.2	58.2	43200	1308312000
21.11	6/17/2011 13:00	19.7	58.2	46800	1308315600
22.11	6/17/2011 14:00	20.2	58.2	50400	1308319200
22.11	6/17/2011 15:00	20.3	58.2	54000	1308322800
22.11	6/17/2011 16:00	20.6	58.2	57600	1308326400
22.11	6/17/2011 17:00	20.7	58.2	61200	1308330000
23.11	6/17/2011 18:00	21.2	58.2	64800	1308333600
23.11	6/17/2011 19:00	20.9	58.2	68400	1308337200
21.11	6/17/2011 20:00	19.8	58.2	72000	1308340800
21.11	6/17/2011 21:00	19.4	58.2	75600	1308344400
21.11	6/17/2011 22:00	19.6	58.2	79200	1308348000
21.11	6/17/2011 23:00	19.4	58.2	82800	1308351600
21.11	6/18/2011 0:00	18.9	58.2	0	1308355200
21.11	6/18/2011 1:00	19.2	58.2	3600	1308358800
21.11	6/18/2011 2:00	19.4	58.2	7200	1308362400
21.11	6/18/2011 3:00	19.4	58.2	10800	1308366000
21.11	6/18/2011 4:00	19.8	58.2	14400	1308369600
22.11	6/18/2011 5:00	20.1	58.2	18000	1308373200
23.11	6/18/2011 6:00	21.1	58.2	21600	1308376800
23.11	6/18/2011 7:00	21.6	58.2	25200	1308380400
22.11	6/18/2011 8:00	20.8	58.2	28800	1308384000
23.11	6/18/2011 9:00	21	58.2	32400	1308387600
23.11	6/18/2011 10:00	21.2	58.2	36000	1308391200
23.11	6/18/2011 11:00	21.4	58.2	39600	1308394800
23.11	6/18/2011 12:00	21.3	58.2	43200	1308398400
23.11	6/18/2011 13:00	21.6	58.2	46800	1308402000
24.11	6/18/2011 14:00	21.6	533.5	50400	1308405600
23.11	6/18/2011 15:00	21.3	853.6	54000	1308409200
23.11	6/18/2011 17:00	21.5	58.2	61200	1308416400
24.11	6/18/2011 18:00	21.4	533.5	64800	1308420000
24.11	6/18/2011 19:00	21.3	533.5	68400	1308423600
23.11	6/18/2011 20:00	21.3	58.2	72000	1308427200
23.11	6/18/2011 21:00	21.2	58.2	75600	1308430800
23.11	6/18/2011 22:00	20.9	543.2	79200	1308434400
23.11	6/18/2011 23:00	21.1	58.2	82800	1308438000
23.11	6/19/2011 0:00	21.3	58.2	0	1308441600
23.11	6/19/2011 1:00	20.9	58.2	3600	1308445200
23.11	6/19/2011 2:00	20.9	58.2	7200	1308448800
22.11	6/19/2011 3:00	20.7	58.2	10800	1308452400
22.11	6/19/2011 4:00	20.5	58.2	14400	1308456000
22.11	6/19/2011 5:00	20.1	378.3	18000	1308459600
22.11	6/19/2011 6:00	20.1	58.2	21600	1308463200
22.11	6/19/2011 7:00	20.3	58.2	25200	1308466800
22.11	6/19/2011 8:00	20.7	58.2	28800	1308470400
22.11	6/19/2011 9:00	20.6	58.2	32400	1308474000
23.11	6/19/2011 10:00	21	58.2	36000	1308477600
23.11	6/19/2011 11:00	20.9	58.2	39600	1308481200
24.11	6/19/2011 12:00	21	795.4	43200	1308484800
23.11	6/19/2011 13:00	20.7	543.2	46800	1308488400
23.11	6/19/2011 14:00	20.5	407.4	50400	1308492000
23.11	6/19/2011 15:00	21.2	436.5	54000	1308495600
24.11	6/19/2011 16:00	21.4	514.1	57600	1308499200
23.11	6/19/2011 17:00	21	552.9	61200	1308502800
23.11	6/19/2011 18:00	21	543.2	64800	1308506400
24.11	6/19/2011 19:00	21.3	523.8	68400	1308510000
23.11	6/19/2011 20:00	21.1	58.2	72000	1308513600
23.11	6/19/2011 21:00	20.4	523.8	75600	1308517200
22.11	6/19/2011 22:00	19.6	523.8	79200	1308520800
22.11	6/19/2011 23:00	19.4	514.1	82800	1308524400
22.11	6/20/2011 0:00	19.7	514.1	0	1308528000
21.11	6/20/2011 1:00	19.4	58.2	3600	1308531600
21.11	6/20/2011 2:00	19.5	58.2	7200	1308535200
21.11	6/20/2011 3:00	19.4	58.2	10800	1308538800
21.11	6/20/2011 4:00	18.9	58.2	14400	1308542400
21.11	6/20/2011 5:00	19.1	58.2	18000	1308546000
21.11	6/20/2011 6:00	18.8	58.2	21600	1308549600
21.11	6/20/2011 7:00	18.8	58.2	25200	1308553200
19.11	6/20/2011 8:00	17.3	58.2	28800	1308556800
19.11	6/20/2011 9:00	17.5	58.2	32400	1308560400
20.11	6/20/2011 10:00	17.6	873	36000	1308564000
20.11	6/20/2011 11:00	18.1	950.6	39600	1308567600
20.11	6/20/2011 12:00	17.8	1047.6	43200	1308571200
21.11	6/20/2011 13:00	18.1	1047.6	46800	1308574800
22.11	6/20/2011 14:00	19	708.1	50400	1308578400
22.11	6/20/2011 15:00	19.7	766.3	54000	1308582000
22.11	6/20/2011 16:00	19.7	1057.3	57600	1308585600
22.11	6/20/2011 17:00	20.1	1008.8	61200	1308589200
22.11	6/20/2011 18:00	19.2	1008.8	64800	1308592800
21.11	6/20/2011 19:00	18.6	582	68400	1308596400
21.11	6/20/2011 20:00	18.4	494.7	72000	1308600000
20.11	6/20/2011 21:00	17.9	494.7	75600	1308603600
20.11	6/20/2011 22:00	17.9	494.7	79200	1308607200
21.11	6/20/2011 23:00	18.6	494.7	82800	1308610800
21.11	6/21/2011 0:00	18.6	504.4	0	1308614400
20.11	6/21/2011 1:00	18.4	58.2	3600	1308618000
21.11	6/21/2011 2:00	18.6	882.7	7200	1308621600
21.11	6/21/2011 3:00	18.6	543.2	10800	1308625200
21.11	6/21/2011 4:00	18.9	834.2	14400	1308628800
21.11	6/21/2011 5:00	18.9	523.8	18000	1308632400
22.11	6/21/2011 6:00	19.5	776	21600	1308636000
22.11	6/21/2011 7:00	20	504.4	25200	1308639600
23.11	6/21/2011 8:00	20.5	979.7	28800	1308643200
23.11	6/21/2011 9:00	20.9	514.1	32400	1308646800
24.11	6/21/2011 10:00	21.6	882.7	36000	1308650400
25.11	6/21/2011 11:00	22.3	485	39600	1308654000
26.11	6/21/2011 12:00	23.2	504.4	43200	1308657600
25.11	6/21/2011 13:00	22.7	543.2	46800	1308661200
26.11	6/21/2011 14:00	23.4	552.9	50400	1308664800
26.11	6/21/2011 15:00	23.9	552.9	54000	1308668400
26.11	6/21/2011 16:00	23.5	552.9	57600	1308672000
25.11	6/21/2011 17:00	22.3	552.9	61200	1308675600
24.11	6/21/2011 18:00	21.7	543.2	64800	1308679200
24.11	6/21/2011 19:00	21.5	543.2	68400	1308682800
24.11	6/21/2011 20:00	21.5	504.4	72000	1308686400
24.11	6/21/2011 21:00	21.5	543.2	75600	1308690000
23.11	6/21/2011 22:00	21.1	543.2	79200	1308693600
24.11	6/21/2011 23:00	21.6	543.2	82800	1308697200
23.11	6/22/2011 0:00	20.9	543.2	0	1308700800
23.11	6/22/2011 1:00	21.1	514.1	3600	1308704400
23.11	6/22/2011 2:00	20.9	504.4	7200	1308708000
23.11	6/22/2011 3:00	21.1	494.7	10800	1308711600
22.11	6/22/2011 4:00	20.3	58.2	14400	1308715200
23.11	6/22/2011 5:00	21.4	58.2	18000	1308718800
24.11	6/22/2011 6:00	22	58.2	21600	1308722400
25.11	6/22/2011 7:00	23.2	58.2	25200	1308726000
25.11	6/22/2011 8:00	23.7	58.2	28800	1308729600
26.11	6/22/2011 9:00	24.2	514.1	32400	1308733200
26.11	6/22/2011 10:00	24.2	485	36000	1308736800
26.11	6/22/2011 11:00	23.8	533.5	39600	1308740400
25.11	6/22/2011 12:00	23.5	58.2	43200	1308744000
26.11	6/22/2011 13:00	24.1	455.9	46800	1308747600
26.11	6/22/2011 14:00	24.1	485	50400	1308751200
26.11	6/22/2011 15:00	23.5	494.7	54000	1308754800
26.11	6/22/2011 16:00	23.5	485	57600	1308758400
26.11	6/22/2011 17:00	24.7	475.3	61200	1308762000
26.11	6/22/2011 18:00	24.4	543.2	64800	1308765600
26.11	6/22/2011 19:00	24.1	58.2	68400	1308769200
26.11	6/22/2011 20:00	23.5	504.4	72000	1308772800
26.11	6/22/2011 21:00	23.2	485	75600	1308776400
25.11	6/22/2011 22:00	23.4	58.2	79200	1308780000
26.11	6/22/2011 23:00	23.8	58.2	82800	1308783600
26.11	6/23/2011 0:00	23.8	58.2	0	1308787200
25.11	6/23/2011 1:00	23.2	58.2	3600	1308790800
25.11	6/23/2011 2:00	23.1	455.9	7200	1308794400
25.11	6/23/2011 3:00	23.1	494.7	10800	1308798000
24.11	6/23/2011 4:00	22.5	58.2	14400	1308801600
25.11	6/23/2011 5:00	23.1	58.2	18000	1308805200
26.11	6/23/2011 6:00	23.2	494.7	21600	1308808800
25.11	6/23/2011 7:00	23.6	58.2	25200	1308812400
25.11	6/23/2011 8:00	23.7	58.2	28800	1308816000
26.11	6/23/2011 9:00	24.2	523.8	32400	1308819600
26.11	6/23/2011 10:00	23.3	766.3	36000	1308823200
26.11	6/23/2011 11:00	23.5	863.3	39600	1308826800
26.11	6/23/2011 12:00	23.7	940.9	43200	1308830400
26.11	6/23/2011 13:00	23.7	989.4	46800	1308834000
25.11	6/23/2011 14:00	22.2	979.7	50400	1308837600
25.11	6/23/2011 15:00	22.2	999.1	54000	1308841200
24.11	6/23/2011 16:00	22	989.4	57600	1308844800
25.11	6/23/2011 17:00	22.5	940.9	61200	1308848400
25.11	6/23/2011 18:00	22.3	882.7	64800	1308852000
25.11	6/23/2011 19:00	22.2	688.7	68400	1308855600
24.11	6/23/2011 20:00	21.8	523.8	72000	1308859200
24.11	6/23/2011 21:00	21.8	659.6	75600	1308862800
25.11	6/23/2011 22:00	22.2	649.9	79200	1308866400
24.11	6/23/2011 23:00	21.8	659.6	82800	1308870000
24.11	6/24/2011 0:00	21.5	649.9	0	1308873600
24.11	6/24/2011 1:00	21.5	543.2	3600	1308877200
24.11	6/24/2011 2:00	21.3	562.6	7200	1308880800
23.11	6/24/2011 3:00	20.5	572.3	10800	1308884400
24.11	6/24/2011 4:00	21.1	591.7	14400	1308888000
24.11	6/24/2011 5:00	21.4	611.1	18000	1308891600
25.11	6/24/2011 6:00	22	688.7	21600	1308895200
25.11	6/24/2011 7:00	22.3	785.7	25200	1308898800
25.11	6/24/2011 8:00	22.9	679	28800	1308902400
24.11	6/24/2011 9:00	22.2	58.2	32400	1308906000
23.11	6/24/2011 10:00	21.6	58.2	36000	1308909600
23.11	6/24/2011 11:00	20.6	698.4	39600	1308913200
21.11	6/24/2011 12:00	19.8	58.2	43200	1308916800
22.11	6/24/2011 13:00	20.8	58.2	46800	1308920400
23.11	6/24/2011 14:00	21	58.2	50400	1308924000
22.11	6/24/2011 15:00	20.8	58.2	54000	1308927600
22.11	6/24/2011 16:00	20.4	58.2	57600	1308931200
21.11	6/24/2011 17:00	19.1	58.2	61200	1308934800
20.11	6/24/2011 18:00	18.6	58.2	64800	1308938400
20.11	6/24/2011 19:00	18.5	58.2	68400	1308942000
20.11	6/24/2011 20:00	18.1	58.2	72000	1308945600
19.11	6/24/2011 21:00	17.7	58.2	75600	1308949200
20.11	6/24/2011 22:00	18	58.2	79200	1308952800
20.11	6/24/2011 23:00	17.9	58.2	82800	1308956400
20.11	6/25/2011 0:00	17.9	58.2	0	1308960000
19.11	6/25/2011 1:00	17.7	58.2	3600	1308963600
19.11	6/25/2011 2:00	17.4	58.2	7200	1308967200
19.11	6/25/2011 3:00	17.1	58.2	10800	1308970800
18.11	6/25/2011 4:00	16.6	58.2	14400	1308974400
20.11	6/25/2011 5:00	17.9	58.2	18000	1308978000
20.11	6/25/2011 6:00	17.9	58.2	21600	1308981600
20.11	6/25/2011 7:00	18.7	58.2	25200	1308985200
21.11	6/25/2011 8:00	19.8	58.2	28800	1308988800
22.11	6/25/2011 9:00	19.6	640.2	32400	1308992400
22.11	6/25/2011 10:00	20.2	911.8	36000	1308996000
22.11	6/25/2011 11:00	19.8	931.2	39600	1308999600
22.11	6/25/2011 12:00	19.8	892.4	43200	1309003200
22.11	6/25/2011 13:00	19.6	853.6	46800	1309006800
22.11	6/25/2011 14:00	20.3	834.2	50400	1309010400
23.11	6/25/2011 15:00	20	805.1	54000	1309014000
22.11	6/25/2011 16:00	19.2	805.1	57600	1309017600
18.11	6/25/2011 17:00	18.9	795.4	61200	1309021200
18.11	6/25/2011 18:00	18.7	766.3	64800	1309024800
21.11	6/25/2011 19:00	18.3	679	68400	1309028400
20.11	6/25/2011 20:00	17.4	640.2	72000	1309032000
21.11	6/25/2011 21:00	18	649.9	75600	1309035600
20.11	6/25/2011 22:00	17.6	630.5	79200	1309039200
16.11	6/25/2011 23:00	16.9	620.8	82800	1309042800
19.11	6/26/2011 0:00	16.2	630.5	0	1309046400
19.11	6/26/2011 1:00	16	640.2	3600	1309050000
18.11	6/26/2011 2:00	14.6	766.3	7200	1309053600
18.11	6/26/2011 3:00	14.8	785.7	10800	1309057200
18.11	6/26/2011 4:00	15.2	776	14400	1309060800
18.11	6/26/2011 5:00	16.3	814.8	18000	1309064400
17.11	6/26/2011 6:00	17.7	805.1	21600	1309068000
20.11	6/26/2011 7:00	18	863.3	25200	1309071600
21.11	6/26/2011 8:00	18.4	843.9	28800	1309075200
20.11	6/26/2011 9:00	18.5	58.2	32400	1309078800
21.11	6/26/2011 10:00	19.4	58.2	36000	1309082400
20.11	6/26/2011 11:00	18.6	58.2	39600	1309086000
21.11	6/26/2011 12:00	19.5	58.2	43200	1309089600
21.11	6/26/2011 13:00	19.4	58.2	46800	1309093200
21.11	6/26/2011 14:00	19	58.2	50400	1309096800
21.11	6/26/2011 15:00	18.9	58.2	54000	1309100400
20.11	6/26/2011 16:00	18.4	58.2	57600	1309104000
20.11	6/26/2011 17:00	18.2	58.2	61200	1309107600
21.11	6/26/2011 18:00	18.8	58.2	64800	1309111200
20.11	6/26/2011 19:00	18.7	58.2	68400	1309114800
21.11	6/26/2011 20:00	18.9	58.2	72000	1309118400
21.11	6/26/2011 21:00	18.9	58.2	75600	1309122000
20.11	6/26/2011 22:00	18.6	58.2	79200	1309125600
21.11	6/26/2011 23:00	19.1	58.2	82800	1309129200
21.11	6/27/2011 0:00	18.9	58.2	0	1309132800
20.11	6/27/2011 1:00	18.6	58.2	3600	1309136400
20.11	6/27/2011 2:00	18.4	58.2	7200	1309140000
20.11	6/27/2011 3:00	18.4	58.2	10800	1309143600
20.11	6/27/2011 4:00	18.5	58.2	14400	1309147200
21.11	6/27/2011 5:00	18.8	58.2	18000	1309150800
21.11	6/27/2011 6:00	19.5	58.2	21600	1309154400
22.11	6/27/2011 7:00	20.1	58.2	25200	1309158000
23.11	6/27/2011 8:00	21	58.2	28800	1309161600
22.11	6/27/2011 9:00	19.8	640.2	32400	1309165200
22.11	6/27/2011 10:00	20.1	824.5	36000	1309168800
24.11	6/27/2011 11:00	21	805.1	39600	1309172400
22.11	6/27/2011 12:00	20.2	824.5	43200	1309176000
23.11	6/27/2011 13:00	20.7	843.9	46800	1309179600
23.11	6/27/2011 14:00	21	853.6	50400	1309183200
23.11	6/27/2011 15:00	21.1	853.6	54000	1309186800
23.11	6/27/2011 16:00	21.2	873	57600	1309190400
23.11	6/27/2011 17:00	21	834.2	61200	1309194000
23.11	6/27/2011 18:00	20.7	785.7	64800	1309197600
23.11	6/27/2011 19:00	20.6	659.6	68400	1309201200
23.11	6/27/2011 20:00	20.6	640.2	72000	1309204800
22.11	6/27/2011 21:00	19.7	611.1	75600	1309208400
22.11	6/27/2011 22:00	19.8	582	79200	1309212000
22.11	6/27/2011 23:00	19.1	582	82800	1309215600
22.11	6/28/2011 0:00	19.7	582	0	1309219200
22.11	6/28/2011 1:00	19.2	649.9	3600	1309222800
22.11	6/28/2011 2:00	19.5	776	7200	1309226400
19.11	6/28/2011 3:00	19.8	785.7	10800	1309230000
23.11	6/28/2011 4:00	20.5	776	14400	1309233600
24.11	6/28/2011 5:00	21.6	785.7	18000	1309237200
25.11	6/28/2011 6:00	22.7	795.4	21600	1309240800
26.11	6/28/2011 7:00	23.4	795.4	25200	1309244400
26.11	6/28/2011 8:00	23.6	814.8	28800	1309248000
25.11	6/28/2011 9:00	23.4	58.2	32400	1309251600
25.11	6/28/2011 10:00	23.3	58.2	36000	1309255200
25.11	6/28/2011 11:00	23.7	58.2	39600	1309258800
26.11	6/28/2011 12:00	24	58.2	43200	1309262400
26.11	6/28/2011 13:00	24	659.6	46800	1309266000
26.11	6/28/2011 14:00	24.8	514.1	50400	1309269600
26.11	6/28/2011 15:00	24.7	688.7	54000	1309273200
26.11	6/28/2011 16:00	24.7	485	57600	1309276800
26.11	6/28/2011 17:00	24	601.4	61200	1309280400
24.11	6/28/2011 18:00	22.4	58.2	64800	1309284000
24.11	6/28/2011 19:00	22.5	58.2	68400	1309287600
25.11	6/28/2011 20:00	23.1	58.2	72000	1309291200
24.11	6/28/2011 21:00	22.2	58.2	75600	1309294800
23.11	6/28/2011 22:00	21.8	58.2	79200	1309298400
23.11	6/28/2011 23:00	21.5	58.2	82800	1309302000
23.11	6/29/2011 0:00	21.6	58.2	0	1309305600
23.11	6/29/2011 1:00	21.6	58.2	3600	1309309200
23.11	6/29/2011 2:00	21.4	58.2	7200	1309312800
23.11	6/29/2011 3:00	20.9	58.2	10800	1309316400
22.11	6/29/2011 4:00	20.5	58.2	14400	1309320000
22.11	6/29/2011 5:00	20.4	58.2	18000	1309323600
22.11	6/29/2011 6:00	20.6	58.2	21600	1309327200
21.11	6/29/2011 7:00	19.3	58.2	25200	1309330800
21.11	6/29/2011 8:00	18.9	989.4	28800	1309334400
21.11	6/29/2011 9:00	18.5	582	32400	1309338000
20.11	6/29/2011 10:00	18.6	58.2	36000	1309341600
20.11	6/29/2011 11:00	18.5	58.2	39600	1309345200
21.11	6/29/2011 12:00	18.9	58.2	43200	1309348800
21.11	6/29/2011 13:00	18.9	58.2	46800	1309352400
21.11	6/29/2011 14:00	18.8	58.2	50400	1309356000
21.11	6/29/2011 15:00	19.3	58.2	54000	1309359600
21.11	6/29/2011 16:00	18.8	58.2	57600	1309363200
21.11	6/29/2011 17:00	18.9	58.2	61200	1309366800
20.11	6/29/2011 18:00	18.6	58.2	64800	1309370400
20.11	6/29/2011 19:00	18.3	58.2	68400	1309374000
20.11	6/29/2011 20:00	17.7	582	72000	1309377600
19.11	6/29/2011 21:00	17.1	58.2	75600	1309381200
18.11	6/29/2011 22:00	16.7	58.2	79200	1309384800
19.11	6/29/2011 23:00	16.8	58.2	82800	1309388400
18.11	6/30/2011 0:00	16.1	58.2	0	1309392000
18.11	6/30/2011 1:00	15.7	572.3	3600	1309395600
18.11	6/30/2011 2:00	15	630.5	7200	1309399200
18.11	6/30/2011 3:00	15	620.8	10800	1309402800
18.11	6/30/2011 4:00	15.2	601.4	14400	1309406400
18.11	6/30/2011 5:00	15.7	601.4	18000	1309410000
19.11	6/30/2011 6:00	17.1	58.2	21600	1309413600
19.11	6/30/2011 7:00	17.4	58.2	25200	1309417200
19.11	6/30/2011 8:00	17.7	58.2	28800	1309420800
19.11	6/30/2011 9:00	17.4	58.2	32400	1309424400
20.11	6/30/2011 10:00	17.8	58.2	36000	1309428000
20.11	6/30/2011 11:00	18.2	58.2	39600	1309431600
20.11	6/30/2011 12:00	18.5	58.2	43200	1309435200
20.11	6/30/2011 13:00	18.5	58.2	46800	1309438800
20.11	6/30/2011 14:00	18.4	58.2	50400	1309442400
20.11	6/30/2011 15:00	18.2	58.2	54000	1309446000
20.11	6/30/2011 16:00	17.9	58.2	57600	1309449600
18.11	6/30/2011 17:00	16.6	58.2	61200	1309453200
19.11	6/30/2011 18:00	17.1	58.2	64800	1309456800
18.11	6/30/2011 19:00	16.6	58.2	68400	1309460400
18.11	6/30/2011 20:00	16.1	58.2	72000	1309464000
17.11	6/30/2011 21:00	15.5	58.2	75600	1309467600
18.11	6/30/2011 22:00	15.8	58.2	79200	1309471200
17.11	6/30/2011 23:00	15.4	58.2	82800	1309474800