Twet Load Tset
12.7 449.0 15.11
14.3 618.0 17.11
14.0 695.0 17.11
10.8 653.0 15.11
10.8 971.0 15.11
11.6 856.0 15.11
12.0 911.0 15.11
12.2 612.0 15.11
11.9 706.0 15.11
11.5 762.0 15.11
11.3 405.0 15.11
11.8 807.0 15.11
11.8 860.0 15.11
11.6 859.0 15.11
11.1 888.0 15.11
10.2 688.0 15.11
8.7 663.0 15.11
7.7 451.0 15.11
6.6 393.0 15.11
5.6 391.0 15.11
5.1 404.0 15.11
4.5 401.0 15.11
4.1 794.0 15.11
4.0 414.0 15.11
3.6 55.0 15.11
3.8 54.0 15.11
3.9 55.0 15.11
3.7 56.0 15.11
3.6 54.0 15.11
3.3 54.0 15.11
4.6 55.0 15.11
4.8 54.0 15.11
5.4 401.0 15.11
5.5 510.0 15.11
6.7 401.0 15.11
7.4 628.0 15.11
7.3 612.0 15.11
7.2 597.0 15.11
7.5 511.0 15.11
7.8 570.0 15.11
7.8 549.0 15.11
7.8 431.0 15.11
7.8 399.0 15.11
8.0 56.0 15.11
8.0 55.0 15.11
8.0 55.0 15.11
8.3 514.0 15.11
8.3 55.0 15.11
8.3 54.0 15.11
8.3 54.0 15.11
8.6 54.0 15.11
8.6 55.0 15.11
8.6 54.0 15.11
8.8 54.0 15.11
9.1 55.0 15.11
9.7 54.0 15.11
9.9 55.0 15.11
9.1 393.0 15.11
8.5 55.0 15.11
8.1 390.0 15.11
7.0 387.0 15.11
7.5 403.0 15.11
7.1 421.0 15.11
7.2 413.0 15.11
7.3 410.0 15.11
6.0 409.0 15.11
5.0 413.0 15.11
4.5 415.0 15.11
4.1 405.0 15.11
4.2 408.0 15.11
4.0 410.0 15.11
3.7 417.0 15.11
3.9 421.0 15.11
3.6 417.0 15.11
3.4 54.0 15.11
2.7 55.0 15.11
2.3 55.0 15.11
2.0 55.0 15.11
1.7 54.0 15.11
1.7 55.0 15.11
2.3 54.0 15.11
2.9 55.0 15.11
3.4 417.0 15.11
3.1 55.0 15.11
3.1 55.0 15.11
2.5 54.0 15.11
2.2 56.0 15.11
1.5 55.0 15.11
0.6 55.0 15.11
0.3 55.0 15.11
0.1 55.0 15.11
0.0 54.0 15.11
0.0 55.0 15.11
-0.6 55.0 15.11
-0.7 54.0 15.11
-0.7 54.0 15.11
-1.2 55.0 15.11
-1.5 55.0 15.11
-1.9 55.0 15.11
-2.2 55.0 15.11
-2.2 54.0 15.11
-1.4 54.0 15.11
-0.3 54.0 15.11
0.4 54.0 16.11
0.7 54.0 15.11
0.9 53.0 15.11
1.2 55.0 15.11
1.9 53.0 15.11
2.5 54.0 15.11
1.9 53.0 15.11
1.9 54.0 15.11
1.7 53.0 15.11
1.1 54.0 15.11
-0.1 54.0 15.11
-0.5 53.0 15.11
-1.6 54.0 15.11
-1.8 54.0 15.11
-2.1 53.0 15.11
-2.4 53.0 15.11
-2.7 54.0 16.11
-2.9 54.0 15.11
-2.8 54.0 16.11
-2.9 54.0 15.11
-2.9 53.0 15.11
-3.5 54.0 15.11
-3.0 53.0 15.11
-1.6 54.0 15.11
-0.4 53.0 15.11
-0.2 54.0 15.11
0.0 53.0 15.11
1.0 54.0 15.11
1.7 54.0 15.11
2.5 53.0 15.11
3.0 54.0 15.11
3.6 55.0 15.11
3.5 54.0 15.11
3.3 55.0 15.11
3.2 55.0 15.11
2.7 56.0 15.11
1.9 54.0 15.11
2.3 55.0 15.11
2.7 55.0 15.11
3.0 55.0 15.11
2.8 55.0 15.11
2.4 55.0 15.11
2.1 55.0 15.11
1.9 55.0 15.11
2.1 54.0 15.11
2.0 55.0 15.11
2.3 55.0 15.11
3.1 55.0 15.11
4.7 55.0 15.11
5.9 54.0 15.11
7.0 357.0 15.11
8.4 55.0 15.11
9.8 706.0 15.11
10.9 722.0 15.11
11.6 756.0 15.11
12.5 767.0 16.11
11.8 758.0 15.11
11.3 705.0 15.11
10.5 457.0 15.11
9.7 415.0 15.11
10.0 421.0 15.11
9.4 417.0 15.11
9.4 417.0 15.11
10.2 500.0 15.11
10.5 430.0 15.11
10.5 427.0 15.11
10.2 522.0 15.11
9.9 605.0 15.11
9.9 596.0 15.11
10.2 613.0 15.11
10.7 534.0 15.11
11.5 607.0 15.11
12.8 634.0 16.11
13.5 733.0 17.11
14.4 791.0 18.11
14.9 421.0 17.11
15.0 911.0 17.11
14.8 916.0 17.11
14.1 871.0 16.11
14.1 898.0 17.11
13.8 841.0 16.11
13.6 795.0 17.11
13.6 517.0 16.11
13.6 461.0 16.11
13.2 444.0 16.11
13.4 448.0 16.11
14.1 446.0 17.11
13.9 836.0 16.11
13.9 468.0 16.11
12.0 449.0 15.11
8.9 542.0 15.11
7.9 591.0 15.11
6.3 537.0 15.11
4.7 575.0 15.11
4.1 54.0 15.11
3.3 53.0 15.11
2.8 53.0 15.11
3.3 54.0 15.11
3.4 53.0 15.11
3.6 446.0 15.11
4.7 54.0 15.11
5.9 776.0 15.11
6.3 595.0 15.11
6.0 649.0 15.11
5.6 618.0 15.11
4.9 544.0 15.11
3.9 449.0 15.11
3.1 401.0 15.11
2.4 54.0 15.11
1.7 54.0 15.11
1.1 54.0 15.11
0.8 54.0 15.11
0.1 53.0 15.11
-0.2 53.0 15.11
-0.9 53.0 15.11
-1.5 54.0 15.11
-1.7 52.0 15.11
-1.7 53.0 15.11
-1.9 53.0 15.11
-1.0 53.0 15.11
-0.6 54.0 15.11
0.2 53.0 15.11
0.4 54.0 16.11
0.9 54.0 15.11
1.6 53.0 15.11
1.6 54.0 15.11
2.1 54.0 15.11
2.4 54.0 15.11
1.8 53.0 15.11
1.3 54.0 15.11
1.3 53.0 15.11
1.1 53.0 15.11
0.3 54.0 15.11
0.1 54.0 15.11
0.1 54.0 15.11
0.1 54.0 15.11
-0.1 53.0 15.11
0.1 53.0 15.11
0.8 53.0 15.11
0.3 54.0 15.11
0.8 53.0 15.11
0.1 53.0 15.11
0.3 53.0 15.11
1.6 53.0 15.11
2.7 54.0 15.11
4.1 53.0 15.11
5.3 53.0 15.11
6.6 426.0 15.11
7.0 429.0 15.11
8.0 406.0 15.11
8.5 425.0 15.11
8.5 419.0 15.11
8.6 420.0 15.11
8.1 420.0 15.11
7.9 417.0 15.11
7.7 412.0 15.11
7.0 405.0 15.11
6.6 405.0 15.11
6.0 53.0 15.11
5.6 414.0 15.11
5.8 408.0 15.11
5.3 523.0 15.11
4.8 571.0 15.11
4.9 54.0 15.11
4.7 53.0 15.11
4.2 54.0 15.11
4.6 53.0 15.11
6.0 55.0 15.11
6.1 53.0 15.11
7.7 1088.0 15.11
8.5 409.0 15.11
9.9 708.0 15.11
11.6 785.0 15.11
12.0 858.0 15.11
13.2 852.0 16.11
13.8 857.0 16.11
13.6 786.0 17.11
12.9 531.0 16.11
13.2 470.0 16.11
13.0 460.0 16.11
14.2 453.0 17.11
14.0 454.0 16.11
13.7 592.0 17.11
12.7 473.0 15.11
13.5 462.0 16.11
13.8 713.0 17.11
12.6 663.0 16.11
12.6 642.0 16.11
12.3 660.0 15.11
12.1 650.0 15.11
12.3 676.0 15.11
13.4 717.0 17.11
14.7 755.0 18.11
14.9 865.0 17.11
16.0 453.0 18.11
16.2 946.0 19.11
16.8 941.0 19.11
16.8 1151.0 19.11
16.9 946.0 19.11
16.5 946.0 19.11
16.5 929.0 19.11
16.0 534.0 19.11
14.8 460.0 17.11
14.7 461.0 17.11
14.4 458.0 17.11
14.2 453.0 17.11
13.7 942.0 16.11
13.0 477.0 16.11
12.5 478.0 15.11
12.3 724.0 16.11
12.0 663.0 15.11
11.5 673.0 15.11
11.5 662.0 15.11
11.3 684.0 15.11
11.5 722.0 15.11
13.5 767.0 17.11
14.2 824.0 17.11
14.3 885.0 17.11
13.2 452.0 16.11
13.9 933.0 16.11
13.9 946.0 16.11
14.3 946.0 17.11
14.9 941.0 17.11
14.9 944.0 17.11
15.6 934.0 18.11
14.1 537.0 17.11
13.4 479.0 16.11
13.4 470.0 16.11
12.5 455.0 15.11
12.2 450.0 15.11
12.2 915.0 15.11
11.7 481.0 15.11
11.7 467.0 15.11
12.0 687.0 15.11
11.3 610.0 15.11
11.0 655.0 15.11
10.7 616.0 15.11
10.7 625.0 15.11
10.7 662.0 15.11
12.6 708.0 16.11
13.5 794.0 17.11
14.4 927.0 17.11
15.6 453.0 18.11
15.9 946.0 18.11
16.3 946.0 19.11
16.5 1191.0 19.11
17.5 682.0 20.11
17.1 946.0 19.11
16.4 946.0 19.11
16.3 592.0 19.11
15.5 507.0 18.11
14.5 478.0 17.11
13.6 455.0 16.11
12.3 449.0 15.11
11.3 946.0 15.11
10.7 426.0 15.11
10.5 435.0 15.11
10.2 595.0 15.11
10.2 860.0 15.11
9.9 814.0 15.11
10.2 541.0 15.11
9.9 583.0 15.11
10.2 861.0 15.11
10.2 560.0 15.11
10.2 509.0 15.11
10.7 599.0 15.11
11.5 424.0 15.11
11.8 653.0 15.11
12.3 53.0 15.11
12.3 53.0 15.11
12.8 53.0 15.11
13.1 55.0 15.11
13.4 54.0 15.11
13.2 53.0 16.11
12.9 54.0 15.11
12.7 54.0 15.11
12.7 54.0 15.11
12.7 54.0 15.11
12.4 887.0 15.11
12.4 55.0 15.11
11.8 53.0 17.11
11.8 55.0 17.11
11.6 54.0 16.11
11.0 54.0 15.11
15.9 35.0 18.11
16.2 18.0 18.11
10.8 53.0 15.11
10.8 54.0 15.11
11.0 54.0 15.11
11.3 478.0 15.11
11.8 19.0 15.11
12.1 433.0 15.11
13.1 446.0 16.11
13.8 483.0 16.11
15.1 498.0 18.11
15.3 476.0 18.11
15.3 500.0 18.11
15.1 483.0 18.11
14.7 464.0 17.11
13.8 453.0 16.11
13.4 440.0 16.11
13.1 440.0 16.11
13.4 458.0 16.11
13.2 470.0 16.11
13.2 456.0 16.11
12.6 684.0 16.11
12.6 667.0 16.11
12.4 640.0 15.11
12.6 638.0 16.11
12.6 626.0 16.11
12.6 636.0 16.11
12.8 611.0 16.11
13.8 730.0 17.11
15.6 867.0 18.11
16.6 439.0 19.11
17.5 941.0 20.11
17.7 1137.0 20.11
17.6 1131.0 20.11
17.7 1130.0 20.11
17.1 913.0 19.11
17.6 894.0 20.11
17.2 533.0 20.11
16.8 459.0 19.11
16.8 490.0 19.11
16.5 483.0 19.11
16.5 455.0 19.11
16.5 936.0 19.11
16.6 494.0 19.11
16.6 479.0 19.11
16.6 802.0 20.11
16.4 1042.0 19.11
16.2 786.0 19.11
16.2 741.0 19.11
16.2 754.0 19.11
16.0 773.0 19.11
16.2 804.0 19.11
16.4 856.0 19.11
17.2 931.0 20.11
17.9 455.0 20.11
18.1 1120.0 21.11
17.6 1249.0 20.11
18.2 1138.0 21.11
18.1 1139.0 21.11
17.9 1127.0 20.11
17.6 1088.0 20.11
17.0 557.0 20.11
16.7 469.0 19.11
16.5 455.0 19.11
16.0 454.0 18.11
15.6 450.0 18.11
15.9 946.0 18.11
15.3 480.0 18.11
15.1 461.0 18.11
14.9 726.0 18.11
14.9 945.0 17.11
14.9 684.0 18.11
14.6 655.0 18.11
14.3 662.0 17.11
14.3 668.0 17.11
14.6 723.0 18.11
15.1 730.0 18.11
15.3 819.0 18.11
15.8 444.0 18.11
16.1 929.0 18.11
16.5 940.0 19.11
16.3 932.0 19.11
16.8 1112.0 19.11
17.0 1124.0 20.11
17.4 1124.0 20.11
16.9 602.0 20.11
16.5 509.0 19.11
16.3 483.0 19.11
15.6 466.0 18.11
15.8 469.0 18.11
15.3 928.0 18.11
15.1 495.0 18.11
15.1 477.0 18.11
15.1 765.0 18.11
15.4 810.0 18.11
15.2 752.0 18.11
14.6 730.0 18.11
14.6 760.0 18.11
15.0 817.0 17.11
15.2 856.0 18.11
15.5 901.0 18.11
16.2 941.0 19.11
16.4 462.0 19.11
17.2 1175.0 20.11
17.8 1173.0 20.11
18.4 1215.0 21.11
18.8 1214.0 21.11
19.5 1224.0 22.11
19.5 1187.0 22.11
18.9 643.0 22.11
18.7 532.0 21.11
17.6 493.0 20.11
17.4 489.0 20.11
16.9 491.0 19.11
16.9 945.0 19.11
17.0 517.0 19.11
16.7 502.0 19.11
15.6 829.0 18.11
15.4 1042.0 18.11
15.4 755.0 18.11
14.9 746.0 18.11
14.9 763.0 18.11
15.4 763.0 18.11
16.2 857.0 18.11
17.7 938.0 20.11
18.7 946.0 21.11
19.2 492.0 22.11
18.4 1253.0 21.11
18.7 946.0 21.11
18.7 946.0 21.11
18.4 1294.0 21.11
18.2 909.0 20.11
18.1 930.0 20.11
17.2 594.0 20.11
16.7 477.0 19.11
16.3 483.0 19.11
17.1 493.0 19.11
17.2 491.0 20.11
16.7 946.0 19.11
16.2 480.0 19.11
15.7 473.0 18.11
15.8 506.0 18.11
15.6 494.0 18.11
15.6 492.0 18.11
15.3 487.0 18.11
15.1 484.0 18.11
15.4 482.0 18.11
15.4 481.0 18.11
15.6 490.0 18.11
15.4 491.0 18.11
15.4 481.0 18.11
16.5 497.0 19.11
15.6 494.0 18.11
15.6 496.0 18.11
15.4 493.0 18.11
14.9 484.0 17.11
14.1 458.0 17.11
13.5 447.0 16.11
13.5 453.0 16.11
13.0 432.0 15.11
13.0 429.0 15.11
12.7 424.0 15.11
12.4 500.0 15.11
12.2 423.0 15.11
12.2 423.0 15.11
11.6 422.0 15.11
11.3 462.0 15.11
10.8 405.0 15.11
10.5 415.0 15.11
10.2 419.0 15.11
10.2 410.0 15.11
10.2 424.0 15.11
9.9 433.0 15.11
10.5 410.0 15.11
10.5 421.0 15.11
10.7 417.0 15.11
11.5 416.0 15.11
11.8 423.0 15.11
12.3 430.0 15.11
12.8 428.0 15.11
13.3 463.0 16.11
12.8 449.0 15.11
12.5 430.0 15.11
12.5 439.0 15.11
12.6 446.0 15.11
13.1 429.0 16.11
13.1 416.0 16.11
13.1 455.0 16.11
12.9 442.0 15.11
12.0 652.0 15.11
11.3 634.0 15.11
11.0 596.0 15.11
10.2 596.0 15.11
10.4 595.0 15.11
9.4 612.0 15.11
9.1 627.0 15.11
8.8 641.0 15.11
7.6 671.0 15.11
7.9 434.0 15.11
7.0 672.0 15.11
7.9 662.0 15.11
7.2 663.0 15.11
6.6 665.0 15.11
6.2 635.0 15.11
5.6 591.0 15.11
4.5 458.0 15.11
3.4 417.0 15.11
3.0 418.0 15.11
2.1 420.0 15.11
1.3 54.0 15.11
0.6 658.0 15.11
0.0 54.0 15.11
-0.8 53.0 15.11
-1.1 54.0 15.11
-1.7 54.0 15.11
-1.9 53.0 15.11
-2.2 53.0 15.11
-2.3 53.0 15.11
-2.1 52.0 15.11
-1.0 53.0 15.11
-0.3 53.0 15.11
0.6 53.0 15.11
1.3 54.0 15.11
2.4 764.0 15.11
3.3 52.0 15.11
3.5 800.0 15.11
4.0 809.0 15.11
4.0 569.0 15.11
3.7 817.0 15.11
3.4 433.0 15.11
3.4 404.0 15.11
3.7 406.0 15.11
3.7 406.0 15.11
3.4 405.0 15.11
3.6 53.0 15.11
4.3 53.0 15.11
4.1 53.0 15.11
3.4 53.0 15.11
3.9 53.0 15.11
4.1 53.0 15.11
4.4 54.0 15.11
4.4 55.0 15.11
5.4 53.0 15.11
6.0 768.0 15.11
8.0 570.0 15.11
9.6 608.0 15.11
11.0 53.0 15.11
12.2 738.0 15.11
13.6 828.0 16.11
13.8 864.0 16.11
14.8 831.0 17.11
15.4 839.0 18.11
16.2 857.0 18.11
15.7 554.0 18.11
15.9 457.0 18.11
15.2 451.0 18.11
14.7 451.0 17.11
14.6 439.0 17.11
14.5 689.0 17.11
14.4 476.0 17.11
11.4 451.0 15.11
10.6 645.0 15.11
9.5 625.0 15.11
10.0 652.0 15.11
9.7 614.0 15.11
9.3 610.0 15.11
8.8 602.0 15.11
9.5 634.0 15.11
9.1 650.0 15.11
9.1 655.0 15.11
9.6 441.0 15.11
8.6 708.0 15.11
9.8 709.0 15.11
10.1 731.0 15.11
9.7 722.0 15.11
9.7 683.0 15.11
9.2 680.0 15.11
8.3 498.0 15.11
7.6 435.0 15.11
7.2 438.0 15.11
6.5 432.0 15.11
6.7 430.0 15.11
5.9 657.0 15.11
5.6 426.0 15.11
5.3 431.0 15.11
4.6 498.0 15.11
4.2 531.0 15.11
4.1 54.0 15.11
3.6 54.0 15.11
3.6 53.0 15.11
4.3 55.0 15.11
4.4 54.0 15.11
5.2 54.0 15.11
5.3 403.0 15.11
5.8 434.0 15.11
6.4 555.0 15.11
7.0 586.0 15.11
7.8 843.0 15.11
7.7 506.0 15.11
7.7 917.0 15.11
7.5 504.0 15.11
7.7 442.0 15.11
7.4 406.0 15.11
7.1 417.0 15.11
7.1 405.0 15.11
6.8 406.0 15.11
8.3 534.0 15.11
9.1 406.0 15.11
9.7 405.0 15.11
9.7 414.0 15.11
9.9 433.0 15.11
9.1 414.0 15.11
8.3 425.0 15.11
8.3 416.0 15.11
8.3 417.0 15.11
8.9 415.0 15.11
9.1 419.0 15.11
10.4 406.0 15.11
11.7 405.0 15.11
13.5 442.0 16.11
12.5 445.0 15.11
12.7 451.0 15.11
12.5 447.0 15.11
11.7 436.0 15.11
10.4 417.0 15.11
9.1 419.0 15.11
8.6 417.0 15.11
8.1 416.0 15.11
7.6 408.0 15.11
7.3 405.0 15.11
7.3 424.0 15.11
7.0 411.0 15.11
