Tset	Date	Twet	Load	Hour(s)	 TimeStamp(s)
15.11	3/1/2011 0:00	2.6	58.2	0	1298937600
15.11	3/1/2011 1:00	1.4	58.2	3600	1298941200
15.11	3/1/2011 2:00	0.2	58.2	7200	1298944800
15.11	3/1/2011 3:00	-0.8	58.2	10800	1298948400
15.11	3/1/2011 4:00	-1.3	58.2	14400	1298952000
15.11	3/1/2011 5:00	-1.5	58.2	18000	1298955600
15.11	3/1/2011 6:00	-1.9	58.2	21600	1298959200
15.11	3/1/2011 7:00	-1.2	58.2	25200	1298962800
15.11	3/1/2011 8:00	-0.8	58.2	28800	1298966400
15.11	3/1/2011 9:00	0	58.2	32400	1298970000
15.11	3/1/2011 10:00	0.6	58.2	36000	1298973600
15.11	3/1/2011 11:00	1.7	58.2	39600	1298977200
15.11	3/1/2011 12:00	1.6	58.2	43200	1298980800
15.11	3/1/2011 13:00	2.4	58.2	46800	1298984400
15.11	3/1/2011 14:00	2.7	58.2	50400	1298988000
15.11	3/1/2011 15:00	2.8	58.2	54000	1298991600
15.11	3/1/2011 16:00	2.2	58.2	57600	1298995200
15.11	3/1/2011 17:00	1.7	58.2	61200	1298998800
15.11	3/1/2011 18:00	0.4	58.2	64800	1299002400
15.11	3/1/2011 19:00	-0.3	58.2	68400	1299006000
15.11	3/1/2011 20:00	-0.8	58.2	72000	1299009600
15.11	3/1/2011 21:00	-1.7	58.2	75600	1299013200
15.11	3/1/2011 22:00	-2.7	58.2	79200	1299016800
15.11	3/1/2011 23:00	-2.7	58.2	82800	1299020400
15.11	3/2/2011 0:00	-1.5	58.2	0	1299024000
15.11	3/2/2011 1:00	-1.7	58.2	3600	1299027600
15.11	3/2/2011 2:00	-1.7	58.2	7200	1299031200
15.11	3/2/2011 3:00	-1.2	58.2	10800	1299034800
15.11	3/2/2011 4:00	-1	58.2	14400	1299038400
15.11	3/2/2011 5:00	-0.7	58.2	18000	1299042000
15.11	3/2/2011 6:00	-0.8	58.2	21600	1299045600
15.11	3/2/2011 7:00	0	58.2	25200	1299049200
15.11	3/2/2011 8:00	1.5	58.2	28800	1299052800
15.11	3/2/2011 9:00	3.3	58.2	32400	1299056400
15.11	3/2/2011 10:00	4.3	58.2	36000	1299060000
15.11	3/2/2011 11:00	5.5	58.2	39600	1299063600
15.11	3/2/2011 12:00	6.7	58.2	43200	1299067200
15.11	3/2/2011 13:00	7.4	756.6	46800	1299070800
15.11	3/2/2011 14:00	7.3	58.2	50400	1299074400
15.11	3/2/2011 15:00	7.4	494.7	54000	1299078000
15.11	3/2/2011 16:00	6	58.2	57600	1299081600
15.11	3/2/2011 17:00	4.1	58.2	61200	1299085200
15.11	3/2/2011 18:00	2.8	446.2	64800	1299088800
15.11	3/2/2011 19:00	1.1	514.1	68400	1299092400
15.11	3/2/2011 20:00	-0.1	58.2	72000	1299096000
15.11	3/2/2011 21:00	-0.9	58.2	75600	1299099600
15.11	3/2/2011 22:00	-2.3	58.2	79200	1299103200
15.11	3/2/2011 23:00	-3.2	465.6	82800	1299106800
15.11	3/3/2011 0:00	-4.1	58.2	0	1299110400
15.11	3/3/2011 1:00	-4.8	407.4	3600	1299114000
15.11	3/3/2011 2:00	-5.4	58.2	7200	1299117600
15.11	3/3/2011 3:00	-5.8	58.2	10800	1299121200
15.11	3/3/2011 4:00	-6	58.2	14400	1299124800
15.11	3/3/2011 5:00	-6.4	58.2	18000	1299128400
15.11	3/3/2011 6:00	-6.9	58.2	21600	1299132000
15.11	3/3/2011 7:00	-6.4	58.2	25200	1299135600
15.11	3/3/2011 8:00	-5.7	58.2	28800	1299139200
15.11	3/3/2011 9:00	-5.1	58.2	32400	1299142800
15.11	3/3/2011 10:00	-3.8	426.8	36000	1299146400
15.11	3/3/2011 11:00	-4.3	58.2	39600	1299150000
15.11	3/3/2011 12:00	-3.9	58.2	43200	1299153600
15.11	3/3/2011 13:00	-3.2	58.2	46800	1299157200
15.11	3/3/2011 14:00	-2	58.2	50400	1299160800
15.11	3/3/2011 15:00	-2.1	58.2	54000	1299164400
15.11	3/3/2011 16:00	-2.5	58.2	57600	1299168000
15.11	3/3/2011 17:00	-3.3	58.2	61200	1299171600
15.11	3/3/2011 18:00	-3.7	58.2	64800	1299175200
15.11	3/3/2011 19:00	-3.4	58.2	68400	1299178800
15.11	3/3/2011 20:00	-3.7	58.2	72000	1299182400
15.11	3/3/2011 21:00	-4.1	58.2	75600	1299186000
15.11	3/3/2011 22:00	-3.8	58.2	79200	1299189600
15.11	3/3/2011 23:00	-3.3	58.2	82800	1299193200
15.11	3/4/2011 0:00	-3.2	58.2	0	1299196800
15.11	3/4/2011 1:00	-2.9	58.2	3600	1299200400
15.11	3/4/2011 2:00	-2.7	58.2	7200	1299204000
15.11	3/4/2011 3:00	-2.7	58.2	10800	1299207600
15.11	3/4/2011 4:00	-3.6	58.2	14400	1299211200
15.11	3/4/2011 5:00	-3.4	58.2	18000	1299214800
15.11	3/4/2011 6:00	-3.6	58.2	21600	1299218400
15.11	3/4/2011 7:00	-2.2	58.2	25200	1299222000
15.11	3/4/2011 8:00	-0.7	58.2	28800	1299225600
15.11	3/4/2011 9:00	0.1	58.2	32400	1299229200
15.11	3/4/2011 10:00	1.1	58.2	36000	1299232800
15.11	3/4/2011 11:00	1.1	58.2	39600	1299236400
15.11	3/4/2011 12:00	1.6	58.2	43200	1299240000
15.11	3/4/2011 13:00	2.8	58.2	46800	1299243600
15.11	3/4/2011 14:00	3.1	58.2	50400	1299247200
15.11	3/4/2011 15:00	3.3	58.2	54000	1299250800
15.11	3/4/2011 16:00	3.7	58.2	57600	1299254400
15.11	3/4/2011 17:00	3.1	58.2	61200	1299258000
15.11	3/4/2011 18:00	3.2	58.2	64800	1299261600
15.11	3/4/2011 19:00	3.1	58.2	68400	1299265200
15.11	3/4/2011 20:00	3.4	58.2	72000	1299268800
15.11	3/4/2011 21:00	3.1	58.2	75600	1299272400
15.11	3/4/2011 22:00	3.3	58.2	79200	1299276000
15.11	3/4/2011 23:00	3.5	58.2	82800	1299279600
15.11	3/5/2011 0:00	3.5	58.2	0	1299283200
15.11	3/5/2011 1:00	3.2	58.2	3600	1299286800
15.11	3/5/2011 2:00	3.7	58.2	7200	1299290400
15.11	3/5/2011 3:00	4.2	58.2	10800	1299294000
15.11	3/5/2011 4:00	4.2	58.2	14400	1299297600
15.11	3/5/2011 5:00	4.2	58.2	18000	1299301200
15.11	3/5/2011 6:00	5.3	58.2	21600	1299304800
15.11	3/5/2011 7:00	5.9	58.2	25200	1299308400
15.11	3/5/2011 8:00	7.5	58.2	28800	1299312000
15.11	3/5/2011 9:00	9.1	58.2	32400	1299315600
15.11	3/5/2011 10:00	10.2	58.2	36000	1299319200
15.11	3/5/2011 11:00	11	58.2	39600	1299322800
15.11	3/5/2011 12:00	11.2	58.2	43200	1299326400
15.11	3/5/2011 13:00	11	58.2	46800	1299330000
15.11	3/5/2011 14:00	11.2	58.2	50400	1299333600
15.11	3/5/2011 15:00	11.2	58.2	54000	1299337200
15.11	3/5/2011 16:00	11	58.2	57600	1299340800
15.11	3/5/2011 17:00	10.7	58.2	61200	1299344400
15.11	3/5/2011 18:00	10.7	58.2	64800	1299348000
15.11	3/5/2011 19:00	10.5	58.2	68400	1299351600
15.11	3/5/2011 20:00	10.2	58.2	72000	1299355200
15.11	3/5/2011 21:00	10.2	58.2	75600	1299358800
15.11	3/5/2011 22:00	9.7	58.2	79200	1299362400
15.11	3/5/2011 23:00	9.7	58.2	82800	1299366000
15.11	3/6/2011 0:00	9.4	58.2	0	1299369600
15.11	3/6/2011 1:00	9.4	58.2	3600	1299373200
15.11	3/6/2011 2:00	9.4	58.2	7200	1299376800
15.11	3/6/2011 3:00	10.5	58.2	10800	1299380400
15.11	3/6/2011 4:00	10.2	58.2	14400	1299384000
15.11	3/6/2011 5:00	10.5	58.2	18000	1299387600
15.11	3/6/2011 6:00	11	58.2	21600	1299391200
15.11	3/6/2011 7:00	11.3	58.2	25200	1299394800
15.11	3/6/2011 8:00	11.3	58.2	28800	1299398400
15.11	3/6/2011 9:00	11.9	58.2	32400	1299402000
15.11	3/6/2011 10:00	12.4	58.2	36000	1299405600
16.11	3/6/2011 11:00	12.7	737.2	39600	1299409200
15.11	3/6/2011 12:00	13.2	58.2	43200	1299412800
15.11	3/6/2011 13:00	12.4	649.9	46800	1299416400
15.11	3/6/2011 14:00	13.2	58.2	50400	1299420000
15.11	3/6/2011 15:00	13	58.2	54000	1299423600
15.11	3/6/2011 16:00	12.7	58.2	57600	1299427200
15.11	3/6/2011 17:00	10.5	417.1	61200	1299430800
15.11	3/6/2011 18:00	6.4	533.5	64800	1299434400
15.11	3/6/2011 19:00	5	58.2	68400	1299438000
15.11	3/6/2011 20:00	3.1	58.2	72000	1299441600
15.11	3/6/2011 21:00	2.3	58.2	75600	1299445200
15.11	3/6/2011 22:00	2	58.2	79200	1299448800
15.11	3/6/2011 23:00	2.1	58.2	82800	1299452400
15.11	3/7/2011 0:00	1.2	58.2	0	1299456000
15.11	3/7/2011 1:00	1	58.2	3600	1299459600
15.11	3/7/2011 2:00	0.5	58.2	7200	1299463200
15.11	3/7/2011 3:00	0.1	58.2	10800	1299466800
15.11	3/7/2011 4:00	0	58.2	14400	1299470400
15.11	3/7/2011 5:00	-0.5	58.2	18000	1299474000
15.11	3/7/2011 6:00	-0.3	58.2	21600	1299477600
15.11	3/7/2011 7:00	0	58.2	25200	1299481200
15.11	3/7/2011 8:00	0.5	58.2	28800	1299484800
15.11	3/7/2011 9:00	1.2	58.2	32400	1299488400
15.11	3/7/2011 10:00	1.5	58.2	36000	1299492000
15.11	3/7/2011 11:00	2.6	58.2	39600	1299495600
15.11	3/7/2011 12:00	2.3	58.2	43200	1299499200
15.11	3/7/2011 13:00	3	58.2	46800	1299502800
15.11	3/7/2011 14:00	2.7	58.2	50400	1299506400
15.11	3/7/2011 15:00	2.6	58.2	54000	1299510000
15.11	3/7/2011 16:00	2	58.2	57600	1299513600
15.11	3/7/2011 17:00	0.6	58.2	61200	1299517200
15.11	3/7/2011 18:00	0.1	58.2	64800	1299520800
15.11	3/7/2011 19:00	0	58.2	68400	1299524400
15.11	3/7/2011 20:00	-0.5	58.2	72000	1299528000
15.11	3/7/2011 21:00	-0.8	58.2	75600	1299531600
15.11	3/7/2011 22:00	-1.2	58.2	79200	1299535200
15.11	3/7/2011 23:00	-0.7	58.2	82800	1299538800
15.11	3/8/2011 0:00	-1.4	58.2	0	1299542400
15.11	3/8/2011 1:00	-2.2	58.2	3600	1299546000
15.11	3/8/2011 2:00	-2.4	58.2	7200	1299549600
15.11	3/8/2011 3:00	-2.4	58.2	10800	1299553200
15.11	3/8/2011 4:00	-2.8	58.2	14400	1299556800
15.11	3/8/2011 5:00	-3.3	58.2	18000	1299560400
15.11	3/8/2011 6:00	-2.9	58.2	21600	1299564000
15.11	3/8/2011 7:00	-1	58.2	25200	1299567600
15.11	3/8/2011 8:00	-0.9	58.2	28800	1299571200
15.11	3/8/2011 9:00	-0.1	58.2	32400	1299574800
15.11	3/8/2011 10:00	0.7	58.2	36000	1299578400
15.11	3/8/2011 11:00	1.4	58.2	39600	1299582000
15.11	3/8/2011 12:00	1.6	58.2	43200	1299585600
15.11	3/8/2011 13:00	1.4	58.2	46800	1299589200
15.11	3/8/2011 14:00	1.8	58.2	50400	1299592800
15.11	3/8/2011 15:00	2.1	58.2	54000	1299596400
15.11	3/8/2011 16:00	1.6	494.7	57600	1299600000
15.11	3/8/2011 17:00	1.4	58.2	61200	1299603600
15.11	3/8/2011 18:00	1.1	455.9	64800	1299607200
15.11	3/8/2011 19:00	0	58.2	68400	1299610800
15.11	3/8/2011 20:00	0.7	58.2	72000	1299614400
15.11	3/8/2011 21:00	0	58.2	75600	1299618000
15.11	3/8/2011 22:00	0.1	58.2	79200	1299621600
15.11	3/8/2011 23:00	-0.3	58.2	82800	1299625200
15.11	3/9/2011 0:00	-0.3	58.2	0	1299628800
15.11	3/9/2011 1:00	0.7	58.2	3600	1299632400
15.11	3/9/2011 2:00	0.5	58.2	7200	1299636000
15.11	3/9/2011 3:00	0.7	58.2	10800	1299639600
15.11	3/9/2011 4:00	1.1	58.2	14400	1299643200
15.11	3/9/2011 5:00	1.6	58.2	18000	1299646800
15.11	3/9/2011 6:00	2.4	58.2	21600	1299650400
15.11	3/9/2011 7:00	2.9	58.2	25200	1299654000
15.11	3/9/2011 8:00	3	58.2	28800	1299657600
15.11	3/9/2011 9:00	3.9	58.2	32400	1299661200
15.11	3/9/2011 10:00	4.7	58.2	36000	1299664800
15.11	3/9/2011 11:00	5	58.2	39600	1299668400
15.11	3/9/2011 12:00	5.3	58.2	43200	1299672000
15.11	3/9/2011 13:00	5.8	58.2	46800	1299675600
15.11	3/9/2011 14:00	5.8	58.2	50400	1299679200
15.11	3/9/2011 15:00	5.7	58.2	54000	1299682800
15.11	3/9/2011 16:00	5.7	58.2	57600	1299686400
15.11	3/9/2011 17:00	5.4	58.2	61200	1299690000
15.11	3/9/2011 18:00	5.1	58.2	64800	1299693600
15.11	3/9/2011 19:00	5.4	58.2	68400	1299697200
15.11	3/9/2011 20:00	5.6	58.2	72000	1299700800
15.11	3/9/2011 21:00	6.1	58.2	75600	1299704400
15.11	3/9/2011 22:00	6.4	58.2	79200	1299708000
15.11	3/9/2011 23:00	6.7	58.2	82800	1299711600
15.11	3/10/2011 0:00	6.9	58.2	0	1299715200
15.11	3/10/2011 1:00	6.9	58.2	3600	1299718800
15.11	3/10/2011 2:00	7.5	58.2	7200	1299722400
15.11	3/10/2011 3:00	8.6	58.2	10800	1299726000
15.11	3/10/2011 4:00	8.6	58.2	14400	1299729600
15.11	3/10/2011 5:00	9.1	58.2	18000	1299733200
15.11	3/10/2011 6:00	8.6	58.2	21600	1299736800
15.11	3/10/2011 7:00	9.1	58.2	25200	1299740400
15.11	3/10/2011 8:00	10.2	58.2	28800	1299744000
15.11	3/10/2011 9:00	10.8	58.2	32400	1299747600
15.11	3/10/2011 10:00	11.3	58.2	36000	1299751200
15.11	3/10/2011 11:00	11.9	58.2	39600	1299754800
15.11	3/10/2011 12:00	12.1	58.2	43200	1299758400
15.11	3/10/2011 13:00	12.7	58.2	46800	1299762000
15.11	3/10/2011 14:00	12.4	58.2	50400	1299765600
15.11	3/10/2011 15:00	12.7	58.2	54000	1299769200
15.11	3/10/2011 16:00	13.2	58.2	57600	1299772800
15.11	3/10/2011 17:00	13	58.2	61200	1299776400
15.11	3/10/2011 18:00	13	58.2	64800	1299780000
16.11	3/10/2011 19:00	13.8	58.2	68400	1299783600
15.11	3/10/2011 20:00	9.7	58.2	72000	1299787200
15.11	3/10/2011 21:00	8.3	58.2	75600	1299790800
15.11	3/10/2011 22:00	7.7	58.2	79200	1299794400
15.11	3/10/2011 23:00	7.7	58.2	82800	1299798000
15.11	3/11/2011 0:00	8	58.2	0	1299801600
15.11	3/11/2011 1:00	7.2	58.2	3600	1299805200
15.11	3/11/2011 2:00	6.4	58.2	7200	1299808800
15.11	3/11/2011 3:00	5.9	58.2	10800	1299812400
15.11	3/11/2011 4:00	4.7	58.2	14400	1299816000
15.11	3/11/2011 5:00	3.4	58.2	18000	1299819600
15.11	3/11/2011 6:00	2.4	58.2	21600	1299823200
15.11	3/11/2011 7:00	3	58.2	25200	1299826800
15.11	3/11/2011 8:00	3.6	58.2	28800	1299830400
15.11	3/11/2011 9:00	3.6	58.2	32400	1299834000
15.11	3/11/2011 10:00	3.7	58.2	36000	1299837600
15.11	3/11/2011 11:00	4.7	58.2	39600	1299841200
15.11	3/11/2011 12:00	5.3	58.2	43200	1299844800
15.11	3/11/2011 13:00	5.1	58.2	46800	1299848400
15.11	3/11/2011 14:00	4.3	58.2	50400	1299852000
15.11	3/11/2011 15:00	4.6	58.2	54000	1299855600
15.11	3/11/2011 16:00	3.4	58.2	57600	1299859200
15.11	3/11/2011 17:00	3.1	58.2	61200	1299862800
15.11	3/11/2011 18:00	2.1	58.2	64800	1299866400
15.11	3/11/2011 19:00	2.3	58.2	68400	1299870000
15.11	3/11/2011 20:00	2.5	58.2	72000	1299873600
15.11	3/11/2011 21:00	2.3	58.2	75600	1299877200
15.11	3/11/2011 22:00	1.9	58.2	79200	1299880800
15.11	3/11/2011 23:00	1.6	58.2	82800	1299884400
15.11	3/12/2011 0:00	1.3	58.2	0	1299888000
15.11	3/12/2011 1:00	0.9	58.2	3600	1299891600
15.11	3/12/2011 2:00	0.9	58.2	7200	1299895200
15.11	3/12/2011 3:00	0.9	58.2	10800	1299898800
15.11	3/12/2011 4:00	0.6	58.2	14400	1299902400
15.11	3/12/2011 5:00	0.3	58.2	18000	1299906000
15.11	3/12/2011 6:00	0.6	58.2	21600	1299909600
15.11	3/12/2011 7:00	2.1	58.2	25200	1299913200
15.11	3/12/2011 8:00	3.5	58.2	28800	1299916800
15.11	3/12/2011 9:00	3.8	58.2	32400	1299920400
15.11	3/12/2011 10:00	3.9	58.2	36000	1299924000
15.11	3/12/2011 11:00	3.9	58.2	39600	1299927600
15.11	3/12/2011 12:00	4.4	58.2	43200	1299931200
15.11	3/12/2011 13:00	5.2	58.2	46800	1299934800
15.11	3/12/2011 14:00	7.2	58.2	50400	1299938400
15.11	3/12/2011 15:00	7.6	58.2	54000	1299942000
15.11	3/12/2011 16:00	7.8	58.2	57600	1299945600
15.11	3/12/2011 17:00	7.7	58.2	61200	1299949200
15.11	3/12/2011 18:00	6	58.2	64800	1299952800
15.11	3/12/2011 19:00	5.1	58.2	68400	1299956400
15.11	3/12/2011 20:00	4.2	58.2	72000	1299960000
15.11	3/12/2011 21:00	3.3	58.2	75600	1299963600
15.11	3/12/2011 22:00	2.7	58.2	79200	1299967200
15.11	3/12/2011 23:00	3	58.2	82800	1299970800
15.11	3/13/2011 0:00	3.9	58.2	0	1299974400
15.11	3/13/2011 1:00	3.3	58.2	3600	1299978000
15.11	3/13/2011 3:00	4.1	58.2	10800	1299985200
15.11	3/13/2011 4:00	3.7	58.2	14400	1299988800
15.11	3/13/2011 5:00	1.6	58.2	18000	1299992400
15.11	3/13/2011 6:00	5	58.2	21600	1299996000
15.11	3/13/2011 7:00	6	58.2	25200	1299999600
15.11	3/13/2011 8:00	5.8	58.2	28800	1300003200
15.11	3/13/2011 9:00	6.1	58.2	32400	1300006800
15.11	3/13/2011 10:00	6.4	58.2	36000	1300010400
15.11	3/13/2011 11:00	6.6	58.2	39600	1300014000
15.11	3/13/2011 12:00	7.4	58.2	43200	1300017600
15.11	3/13/2011 13:00	7.2	58.2	46800	1300021200
15.11	3/13/2011 14:00	6.7	1639.3	50400	1300024800
15.11	3/13/2011 15:00	6.9	494.7	54000	1300028400
15.11	3/13/2011 16:00	5.9	649.9	57600	1300032000
15.11	3/13/2011 17:00	4.8	843.9	61200	1300035600
15.11	3/13/2011 18:00	4	611.1	64800	1300039200
15.11	3/13/2011 19:00	3.2	649.9	68400	1300042800
15.11	3/13/2011 20:00	2.5	436.5	72000	1300046400
15.11	3/13/2011 21:00	1.9	58.2	75600	1300050000
15.11	3/13/2011 22:00	1.3	58.2	79200	1300053600
15.11	3/13/2011 23:00	0.9	58.2	82800	1300057200
15.11	3/14/2011 0:00	0.3	58.2	0	1300060800
15.11	3/14/2011 1:00	-0.3	58.2	3600	1300064400
15.11	3/14/2011 2:00	-0.3	58.2	7200	1300068000
15.11	3/14/2011 3:00	-0.6	58.2	10800	1300071600
15.11	3/14/2011 4:00	-1	58.2	14400	1300075200
15.11	3/14/2011 5:00	-0.4	58.2	18000	1300078800
15.11	3/14/2011 6:00	1.2	58.2	21600	1300082400
15.11	3/14/2011 7:00	2.5	58.2	25200	1300086000
15.11	3/14/2011 8:00	2.5	58.2	28800	1300089600
15.11	3/14/2011 9:00	3.4	58.2	32400	1300093200
15.11	3/14/2011 10:00	3.3	58.2	36000	1300096800
15.11	3/14/2011 11:00	3.6	58.2	39600	1300100400
15.11	3/14/2011 12:00	4.3	58.2	43200	1300104000
15.11	3/14/2011 13:00	4.2	58.2	46800	1300107600
15.11	3/14/2011 14:00	4.5	58.2	50400	1300111200
15.11	3/14/2011 15:00	4.8	58.2	54000	1300114800
15.11	3/14/2011 16:00	4.2	58.2	57600	1300118400
15.11	3/14/2011 17:00	3.3	58.2	61200	1300122000
15.11	3/14/2011 18:00	3	58.2	64800	1300125600
15.11	3/14/2011 19:00	2.7	58.2	68400	1300129200
15.11	3/14/2011 20:00	2.9	58.2	72000	1300132800
15.11	3/14/2011 21:00	2.6	58.2	75600	1300136400
15.11	3/14/2011 22:00	2.7	58.2	79200	1300140000
15.11	3/14/2011 23:00	1.7	58.2	82800	1300143600
15.11	3/15/2011 0:00	0.5	58.2	0	1300147200
15.11	3/15/2011 1:00	1.1	58.2	3600	1300150800
15.11	3/15/2011 2:00	0.5	58.2	7200	1300154400
15.11	3/15/2011 3:00	0.3	58.2	10800	1300158000
15.11	3/15/2011 4:00	0	58.2	14400	1300161600
15.11	3/15/2011 5:00	-0.1	58.2	18000	1300165200
15.11	3/15/2011 6:00	0	58.2	21600	1300168800
15.11	3/15/2011 7:00	1.3	58.2	25200	1300172400
15.11	3/15/2011 8:00	2.8	58.2	28800	1300176000
15.11	3/15/2011 9:00	4.1	58.2	32400	1300179600
15.11	3/15/2011 10:00	4.3	58.2	36000	1300183200
15.11	3/15/2011 11:00	4.5	58.2	39600	1300186800
15.11	3/15/2011 12:00	4.6	58.2	43200	1300190400
15.11	3/15/2011 13:00	4.9	58.2	46800	1300194000
15.11	3/15/2011 14:00	4.7	58.2	50400	1300197600
15.11	3/15/2011 15:00	4.9	1144.6	54000	1300201200
15.11	3/15/2011 16:00	4.9	475.3	57600	1300204800
15.11	3/15/2011 17:00	5	58.2	61200	1300208400
15.11	3/15/2011 18:00	6.1	58.2	64800	1300212000
15.11	3/15/2011 19:00	5.8	58.2	68400	1300215600
15.11	3/15/2011 20:00	5.6	58.2	72000	1300219200
15.11	3/15/2011 21:00	5.3	58.2	75600	1300222800
15.11	3/15/2011 22:00	5	58.2	79200	1300226400
15.11	3/15/2011 23:00	5	58.2	82800	1300230000
15.11	3/16/2011 0:00	5	58.2	0	1300233600
15.11	3/16/2011 1:00	5.3	58.2	3600	1300237200
15.11	3/16/2011 2:00	5.3	58.2	7200	1300240800
15.11	3/16/2011 3:00	5.3	58.2	10800	1300244400
15.11	3/16/2011 4:00	5.3	58.2	14400	1300248000
15.11	3/16/2011 5:00	5.3	58.2	18000	1300251600
15.11	3/16/2011 6:00	5.3	58.2	21600	1300255200
15.11	3/16/2011 7:00	6.1	58.2	25200	1300258800
15.11	3/16/2011 8:00	6.4	58.2	28800	1300262400
15.11	3/16/2011 9:00	7.3	58.2	32400	1300266000
15.11	3/16/2011 10:00	8.6	58.2	36000	1300269600
15.11	3/16/2011 11:00	9.7	58.2	39600	1300273200
15.11	3/16/2011 12:00	9.5	58.2	43200	1300276800
15.11	3/16/2011 13:00	9.5	58.2	46800	1300280400
15.11	3/16/2011 14:00	9	58.2	50400	1300284000
15.11	3/16/2011 15:00	9.7	58.2	54000	1300287600
15.11	3/16/2011 16:00	9	58.2	57600	1300291200
15.11	3/16/2011 17:00	8.7	58.2	61200	1300294800
15.11	3/16/2011 18:00	8.4	58.2	64800	1300298400
15.11	3/16/2011 19:00	8.4	58.2	68400	1300302000
15.11	3/16/2011 20:00	8.2	58.2	72000	1300305600
15.11	3/16/2011 21:00	7.9	58.2	75600	1300309200
15.11	3/16/2011 22:00	7.6	58.2	79200	1300312800
15.11	3/16/2011 23:00	7.1	58.2	82800	1300316400
15.11	3/17/2011 0:00	6.5	58.2	0	1300320000
15.11	3/17/2011 1:00	5.7	58.2	3600	1300323600
15.11	3/17/2011 2:00	4.9	58.2	7200	1300327200
15.11	3/17/2011 3:00	3.8	58.2	10800	1300330800
15.11	3/17/2011 4:00	3.5	58.2	14400	1300334400
15.11	3/17/2011 5:00	3.2	58.2	18000	1300338000
15.11	3/17/2011 6:00	3.2	58.2	21600	1300341600
15.11	3/17/2011 7:00	6.5	58.2	25200	1300345200
15.11	3/17/2011 8:00	8	58.2	28800	1300348800
15.11	3/17/2011 9:00	9	58.2	32400	1300352400
15.11	3/17/2011 10:00	9.3	58.2	36000	1300356000
15.11	3/17/2011 11:00	9.9	58.2	39600	1300359600
15.11	3/17/2011 12:00	10.4	58.2	43200	1300363200
15.11	3/17/2011 13:00	10.4	58.2	46800	1300366800
15.11	3/17/2011 14:00	10.7	785.7	50400	1300370400
15.11	3/17/2011 15:00	10	863.3	54000	1300374000
15.11	3/17/2011 16:00	10	591.7	57600	1300377600
15.11	3/17/2011 17:00	9.5	523.8	61200	1300381200
15.11	3/17/2011 18:00	9	620.8	64800	1300384800
15.11	3/17/2011 19:00	8.5	630.5	68400	1300388400
15.11	3/17/2011 20:00	8.2	523.8	72000	1300392000
15.11	3/17/2011 21:00	8	397.7	75600	1300395600
15.11	3/17/2011 22:00	7.9	58.2	79200	1300399200
15.11	3/17/2011 23:00	7.4	407.4	82800	1300402800
15.11	3/18/2011 0:00	7.4	417.1	0	1300406400
15.11	3/18/2011 1:00	6.9	397.7	3600	1300410000
15.11	3/18/2011 2:00	6.3	426.8	7200	1300413600
15.11	3/18/2011 3:00	6.9	58.2	10800	1300417200
15.11	3/18/2011 4:00	7.5	58.2	14400	1300420800
15.11	3/18/2011 5:00	7.7	58.2	18000	1300424400
15.11	3/18/2011 6:00	7.9	58.2	21600	1300428000
15.11	3/18/2011 7:00	9.2	58.2	25200	1300431600
15.11	3/18/2011 8:00	11.2	58.2	28800	1300435200
15.11	3/18/2011 9:00	12.2	58.2	32400	1300438800
16.11	3/18/2011 10:00	14.3	58.2	36000	1300442400
16.11	3/18/2011 11:00	14.1	58.2	39600	1300446000
17.11	3/18/2011 12:00	14.7	58.2	43200	1300449600
17.11	3/18/2011 13:00	15.6	58.2	46800	1300453200
19.11	3/18/2011 14:00	16.8	58.2	50400	1300456800
19.11	3/18/2011 15:00	16.9	58.2	54000	1300460400
18.11	3/18/2011 16:00	16	58.2	57600	1300464000
17.11	3/18/2011 17:00	15.6	58.2	61200	1300467600
17.11	3/18/2011 18:00	15.2	58.2	64800	1300471200
17.11	3/18/2011 19:00	14.8	58.2	68400	1300474800
17.11	3/18/2011 20:00	15.3	58.2	72000	1300478400
17.11	3/18/2011 21:00	15.1	58.2	75600	1300482000
17.11	3/18/2011 22:00	15.4	58.2	79200	1300485600
17.11	3/18/2011 23:00	15.2	58.2	82800	1300489200
16.11	3/19/2011 0:00	14	58.2	0	1300492800
15.11	3/19/2011 1:00	13.5	58.2	3600	1300496400
15.11	3/19/2011 2:00	10.4	58.2	7200	1300500000
15.11	3/19/2011 3:00	8.3	58.2	10800	1300503600
15.11	3/19/2011 4:00	7.4	58.2	14400	1300507200
15.11	3/19/2011 5:00	6.9	58.2	18000	1300510800
15.11	3/19/2011 6:00	5.9	58.2	21600	1300514400
15.11	3/19/2011 7:00	6.1	58.2	25200	1300518000
15.11	3/19/2011 8:00	6.4	58.2	28800	1300521600
15.11	3/19/2011 9:00	6.8	58.2	32400	1300525200
15.11	3/19/2011 10:00	7	58.2	36000	1300528800
15.11	3/19/2011 11:00	7.1	407.4	39600	1300532400
15.11	3/19/2011 12:00	7.8	795.4	43200	1300536000
15.11	3/19/2011 13:00	7.6	795.4	46800	1300539600
15.11	3/19/2011 14:00	7.9	659.6	50400	1300543200
15.11	3/19/2011 15:00	7.6	669.3	54000	1300546800
15.11	3/19/2011 16:00	7	688.7	57600	1300550400
15.11	3/19/2011 17:00	6.4	766.3	61200	1300554000
15.11	3/19/2011 18:00	5.7	611.1	64800	1300557600
15.11	3/19/2011 19:00	5.6	543.2	68400	1300561200
15.11	3/19/2011 20:00	4.8	417.1	72000	1300564800
15.11	3/19/2011 21:00	4.6	58.2	75600	1300568400
15.11	3/19/2011 22:00	3	407.4	79200	1300572000
15.11	3/19/2011 23:00	2.2	58.2	82800	1300575600
15.11	3/20/2011 0:00	1.7	58.2	0	1300579200
15.11	3/20/2011 1:00	1.1	58.2	3600	1300582800
15.11	3/20/2011 2:00	1.1	58.2	7200	1300586400
15.11	3/20/2011 3:00	0.7	426.8	10800	1300590000
15.11	3/20/2011 5:00	0	669.3	18000	1300597200
15.11	3/20/2011 6:00	0	698.4	21600	1300600800
15.11	3/20/2011 7:00	0.7	766.3	25200	1300604400
15.11	3/20/2011 8:00	0.9	795.4	28800	1300608000
15.11	3/20/2011 9:00	1.4	776	32400	1300611600
15.11	3/20/2011 10:00	1	805.1	36000	1300615200
15.11	3/20/2011 11:00	1.2	58.2	39600	1300618800
15.11	3/20/2011 12:00	2.7	58.2	43200	1300622400
15.11	3/20/2011 13:00	3	58.2	46800	1300626000
15.11	3/20/2011 14:00	2.6	58.2	50400	1300629600
15.11	3/20/2011 15:00	3.3	58.2	54000	1300633200
15.11	3/20/2011 16:00	3.3	58.2	57600	1300636800
15.11	3/20/2011 17:00	3.3	58.2	61200	1300640400
15.11	3/20/2011 18:00	2.7	58.2	64800	1300644000
15.11	3/20/2011 19:00	2.9	58.2	68400	1300647600
15.11	3/20/2011 20:00	3.8	58.2	72000	1300651200
15.11	3/20/2011 21:00	4.4	58.2	75600	1300654800
15.11	3/20/2011 22:00	5	58.2	79200	1300658400
15.11	3/20/2011 23:00	5	58.2	82800	1300662000
15.11	3/21/2011 0:00	5.4	58.2	0	1300665600
15.11	3/21/2011 1:00	5.4	58.2	3600	1300669200
15.11	3/21/2011 2:00	5.4	58.2	7200	1300672800
15.11	3/21/2011 3:00	5.4	58.2	10800	1300676400
15.11	3/21/2011 4:00	5.4	58.2	14400	1300680000
15.11	3/21/2011 5:00	5.4	58.2	18000	1300683600
15.11	3/21/2011 6:00	5.6	58.2	21600	1300687200
15.11	3/21/2011 7:00	5.9	58.2	25200	1300690800
15.11	3/21/2011 8:00	6.4	58.2	28800	1300694400
15.11	3/21/2011 9:00	7.8	58.2	32400	1300698000
15.11	3/21/2011 10:00	8.3	58.2	36000	1300701600
15.11	3/21/2011 11:00	10.7	58.2	39600	1300705200
15.11	3/21/2011 12:00	12	58.2	43200	1300708800
15.11	3/21/2011 13:00	12.7	58.2	46800	1300712400
15.11	3/21/2011 14:00	13.4	58.2	50400	1300716000
16.11	3/21/2011 15:00	14.4	58.2	54000	1300719600
18.11	3/21/2011 16:00	15.1	688.7	57600	1300723200
18.11	3/21/2011 17:00	14.7	688.7	61200	1300726800
16.11	3/21/2011 18:00	13.5	436.5	64800	1300730400
15.11	3/21/2011 19:00	13	388	68400	1300734000
16.11	3/21/2011 20:00	13.5	436.5	72000	1300737600
17.11	3/21/2011 21:00	14.5	397.7	75600	1300741200
16.11	3/21/2011 22:00	14.2	58.2	79200	1300744800
15.11	3/21/2011 23:00	12.5	58.2	82800	1300748400
15.11	3/22/2011 0:00	11	58.2	0	1300752000
15.11	3/22/2011 1:00	10.5	58.2	3600	1300755600
15.11	3/22/2011 2:00	10.2	58.2	7200	1300759200
15.11	3/22/2011 3:00	9.4	58.2	10800	1300762800
15.11	3/22/2011 4:00	8.6	58.2	14400	1300766400
15.11	3/22/2011 5:00	7.3	58.2	18000	1300770000
15.11	3/22/2011 6:00	7	58.2	21600	1300773600
15.11	3/22/2011 7:00	7.1	58.2	25200	1300777200
15.11	3/22/2011 8:00	7.2	58.2	28800	1300780800
15.11	3/22/2011 9:00	7.5	58.2	32400	1300784400
15.11	3/22/2011 10:00	8.3	58.2	36000	1300788000
15.11	3/22/2011 11:00	8.6	58.2	39600	1300791600
15.11	3/22/2011 12:00	9.8	58.2	43200	1300795200
15.11	3/22/2011 13:00	9.4	58.2	46800	1300798800
15.11	3/22/2011 14:00	10.1	58.2	50400	1300802400
15.11	3/22/2011 15:00	9.9	58.2	54000	1300806000
15.11	3/22/2011 16:00	8.9	58.2	57600	1300809600
15.11	3/22/2011 17:00	8.3	58.2	61200	1300813200
15.11	3/22/2011 18:00	8.2	58.2	64800	1300816800
15.11	3/22/2011 19:00	7	58.2	68400	1300820400
15.11	3/22/2011 20:00	6.4	58.2	72000	1300824000
15.11	3/22/2011 21:00	5.9	58.2	75600	1300827600
15.11	3/22/2011 22:00	6.2	58.2	79200	1300831200
15.11	3/22/2011 23:00	6.4	58.2	82800	1300834800
15.11	3/23/2011 0:00	6.1	58.2	0	1300838400
15.11	3/23/2011 1:00	5.3	58.2	3600	1300842000
15.11	3/23/2011 2:00	4.8	58.2	7200	1300845600
15.11	3/23/2011 3:00	5	58.2	10800	1300849200
15.11	3/23/2011 4:00	5.3	58.2	14400	1300852800
15.11	3/23/2011 5:00	5.3	58.2	18000	1300856400
15.11	3/23/2011 6:00	5.6	58.2	21600	1300860000
15.11	3/23/2011 7:00	5.3	58.2	25200	1300863600
15.11	3/23/2011 8:00	5.3	58.2	28800	1300867200
15.11	3/23/2011 9:00	5.3	58.2	32400	1300870800
15.11	3/23/2011 10:00	5.6	58.2	36000	1300874400
15.11	3/23/2011 11:00	5.9	58.2	39600	1300878000
15.11	3/23/2011 12:00	6.1	58.2	43200	1300881600
15.11	3/23/2011 13:00	6.4	58.2	46800	1300885200
15.11	3/23/2011 14:00	6.6	58.2	50400	1300888800
15.11	3/23/2011 15:00	6.6	58.2	54000	1300892400
15.11	3/23/2011 16:00	7.2	58.2	57600	1300896000
15.11	3/23/2011 17:00	7.2	58.2	61200	1300899600
15.11	3/23/2011 18:00	6.9	58.2	64800	1300903200
15.11	3/23/2011 19:00	6.6	58.2	68400	1300906800
15.11	3/23/2011 20:00	6.1	58.2	72000	1300910400
15.11	3/23/2011 21:00	5.5	58.2	75600	1300914000
15.11	3/23/2011 22:00	5.3	58.2	79200	1300917600
15.11	3/23/2011 23:00	4.8	58.2	82800	1300921200
15.11	3/24/2011 0:00	4.5	58.2	0	1300924800
15.11	3/24/2011 1:00	4.5	58.2	3600	1300928400
15.11	3/24/2011 2:00	4.5	58.2	7200	1300932000
15.11	3/24/2011 3:00	4.1	58.2	10800	1300935600
15.11	3/24/2011 4:00	3.9	58.2	14400	1300939200
15.11	3/24/2011 5:00	3.4	58.2	18000	1300942800
15.11	3/24/2011 6:00	3.1	58.2	21600	1300946400
15.11	3/24/2011 7:00	2.8	58.2	25200	1300950000
15.11	3/24/2011 8:00	2.8	58.2	28800	1300953600
15.11	3/24/2011 9:00	2.6	58.2	32400	1300957200
15.11	3/24/2011 10:00	2.7	58.2	36000	1300960800
15.11	3/24/2011 11:00	2.8	58.2	39600	1300964400
15.11	3/24/2011 12:00	2.9	58.2	43200	1300968000
15.11	3/24/2011 13:00	3.5	58.2	46800	1300971600
15.11	3/24/2011 14:00	3	746.9	50400	1300975200
15.11	3/24/2011 15:00	2.6	708.1	54000	1300978800
15.11	3/24/2011 16:00	2.8	785.7	57600	1300982400
15.11	3/24/2011 17:00	2.6	465.6	61200	1300986000
15.11	3/24/2011 18:00	2	931.2	64800	1300989600
15.11	3/24/2011 19:00	0.6	708.1	68400	1300993200
15.11	3/24/2011 20:00	0.3	552.9	72000	1300996800
15.11	3/24/2011 21:00	0	485	75600	1301000400
15.11	3/24/2011 22:00	0.1	58.2	79200	1301004000
15.11	3/24/2011 23:00	-0.1	58.2	82800	1301007600
15.11	3/25/2011 0:00	-1.5	465.6	0	1301011200
15.11	3/25/2011 1:00	-2.2	475.3	3600	1301014800
15.11	3/25/2011 2:00	-2.4	446.2	7200	1301018400
15.11	3/25/2011 3:00	-3.5	58.2	10800	1301022000
15.11	3/25/2011 4:00	-2.9	58.2	14400	1301025600
15.11	3/25/2011 5:00	-3.3	58.2	18000	1301029200
15.11	3/25/2011 6:00	-2.6	58.2	21600	1301032800
15.11	3/25/2011 7:00	-1.9	58.2	25200	1301036400
15.11	3/25/2011 8:00	-1.2	58.2	28800	1301040000
15.11	3/25/2011 9:00	-0.3	58.2	32400	1301043600
15.11	3/25/2011 10:00	0	58.2	36000	1301047200
15.11	3/25/2011 11:00	1.1	58.2	39600	1301050800
15.11	3/25/2011 12:00	1.1	58.2	43200	1301054400
15.11	3/25/2011 13:00	1.3	58.2	46800	1301058000
15.11	3/25/2011 14:00	1.4	58.2	50400	1301061600
15.11	3/25/2011 15:00	1	58.2	54000	1301065200
15.11	3/25/2011 16:00	0.8	58.2	57600	1301068800
15.11	3/25/2011 17:00	0.5	58.2	61200	1301072400
15.11	3/25/2011 18:00	0.5	58.2	64800	1301076000
15.11	3/25/2011 19:00	0.1	58.2	68400	1301079600
15.11	3/25/2011 20:00	0.4	58.2	72000	1301083200
15.11	3/25/2011 21:00	-0.2	58.2	75600	1301086800
15.11	3/25/2011 22:00	-0.7	58.2	79200	1301090400
15.11	3/25/2011 23:00	-0.9	58.2	82800	1301094000
15.11	3/26/2011 0:00	-1.7	58.2	0	1301097600
15.11	3/26/2011 1:00	-2.3	58.2	3600	1301101200
15.11	3/26/2011 2:00	-2.7	58.2	7200	1301104800
15.11	3/26/2011 3:00	-3.2	58.2	10800	1301108400
15.11	3/26/2011 4:00	-3.2	58.2	14400	1301112000
15.11	3/26/2011 5:00	-3.7	58.2	18000	1301115600
15.11	3/26/2011 6:00	-3	58.2	21600	1301119200
15.11	3/26/2011 7:00	-2.5	58.2	25200	1301122800
15.11	3/26/2011 8:00	-2.5	58.2	28800	1301126400
15.11	3/26/2011 9:00	-1.2	58.2	32400	1301130000
15.11	3/26/2011 10:00	-0.7	58.2	36000	1301133600
15.11	3/26/2011 11:00	0.2	58.2	39600	1301137200
15.11	3/26/2011 12:00	0.7	58.2	43200	1301140800
15.11	3/26/2011 13:00	0.9	58.2	46800	1301144400
15.11	3/26/2011 14:00	0.7	58.2	50400	1301148000
15.11	3/26/2011 15:00	0.9	58.2	54000	1301151600
15.11	3/26/2011 16:00	1	58.2	57600	1301155200
15.11	3/26/2011 17:00	0	58.2	61200	1301158800
15.11	3/26/2011 18:00	0	58.2	64800	1301162400
15.11	3/26/2011 19:00	-0.8	58.2	68400	1301166000
15.11	3/26/2011 20:00	-0.9	58.2	72000	1301169600
15.11	3/26/2011 21:00	-1.4	58.2	75600	1301173200
15.11	3/26/2011 22:00	-1.5	58.2	79200	1301176800
15.11	3/26/2011 23:00	-2	58.2	82800	1301180400
15.11	3/27/2011 0:00	-1.6	58.2	0	1301184000
15.11	3/27/2011 1:00	-1.5	58.2	3600	1301187600
15.11	3/27/2011 3:00	-2.3	58.2	10800	1301194800
15.11	3/27/2011 4:00	-2.7	58.2	14400	1301198400
15.11	3/27/2011 5:00	-3	58.2	18000	1301202000
15.11	3/27/2011 6:00	-2.4	58.2	21600	1301205600
15.11	3/27/2011 7:00	-2	58.2	25200	1301209200
15.11	3/27/2011 8:00	-1.6	58.2	28800	1301212800
15.11	3/27/2011 9:00	-0.9	58.2	32400	1301216400
15.11	3/27/2011 10:00	-0.5	58.2	36000	1301220000
15.11	3/27/2011 11:00	1	58.2	39600	1301223600
15.11	3/27/2011 12:00	1.2	58.2	43200	1301227200
15.11	3/27/2011 13:00	1.4	58.2	46800	1301230800
15.11	3/27/2011 14:00	1.7	58.2	50400	1301234400
15.11	3/27/2011 15:00	1.7	58.2	54000	1301238000
15.11	3/27/2011 16:00	1.4	58.2	57600	1301241600
15.11	3/27/2011 17:00	0.6	58.2	61200	1301245200
15.11	3/27/2011 18:00	-0.3	58.2	64800	1301248800
15.11	3/27/2011 19:00	-0.4	58.2	68400	1301252400
15.11	3/27/2011 20:00	-1.7	58.2	72000	1301256000
15.11	3/27/2011 21:00	-3	58.2	75600	1301259600
15.11	3/27/2011 22:00	-2.5	58.2	79200	1301263200
15.11	3/27/2011 23:00	-2.6	58.2	82800	1301266800
15.11	3/28/2011 0:00	-2.8	58.2	0	1301270400
15.11	3/28/2011 1:00	-3	58.2	3600	1301274000
15.11	3/28/2011 2:00	-3.4	58.2	7200	1301277600
15.11	3/28/2011 3:00	-4.1	58.2	10800	1301281200
15.11	3/28/2011 4:00	-4.6	58.2	14400	1301284800
15.11	3/28/2011 5:00	-4.6	58.2	18000	1301288400
15.11	3/28/2011 6:00	-4.3	58.2	21600	1301292000
15.11	3/28/2011 7:00	-3.7	58.2	25200	1301295600
15.11	3/28/2011 8:00	-3.4	58.2	28800	1301299200
15.11	3/28/2011 9:00	-3	58.2	32400	1301302800
15.11	3/28/2011 10:00	-2.4	58.2	36000	1301306400
15.11	3/28/2011 11:00	-1.9	533.5	39600	1301310000
15.11	3/28/2011 12:00	-0.1	58.2	43200	1301313600
15.11	3/28/2011 13:00	0.1	58.2	46800	1301317200
15.11	3/28/2011 14:00	1	58.2	50400	1301320800
15.11	3/28/2011 15:00	1	58.2	54000	1301324400
15.11	3/28/2011 16:00	1	58.2	57600	1301328000
15.11	3/28/2011 17:00	0.5	989.4	61200	1301331600
15.11	3/28/2011 18:00	-0.7	989.4	64800	1301335200
15.11	3/28/2011 19:00	-1.1	989.4	68400	1301338800
15.11	3/28/2011 20:00	-1.7	708.1	72000	1301342400
15.11	3/28/2011 21:00	-1.7	543.2	75600	1301346000
15.11	3/28/2011 22:00	-2.4	475.3	79200	1301349600
15.11	3/28/2011 23:00	-3.1	533.5	82800	1301353200
15.11	3/29/2011 0:00	-3.1	669.3	0	1301356800
15.11	3/29/2011 1:00	-3.4	465.6	3600	1301360400
15.11	3/29/2011 2:00	-3.8	475.3	7200	1301364000
15.11	3/29/2011 3:00	-3.2	475.3	10800	1301367600
15.11	3/29/2011 4:00	-4.3	591.7	14400	1301371200
15.11	3/29/2011 5:00	-4.3	620.8	18000	1301374800
15.11	3/29/2011 6:00	-2.4	630.5	21600	1301378400
15.11	3/29/2011 7:00	-1.7	630.5	25200	1301382000
15.11	3/29/2011 8:00	-0.5	659.6	28800	1301385600
15.11	3/29/2011 9:00	-0.1	688.7	32400	1301389200
15.11	3/29/2011 10:00	0.2	58.2	36000	1301392800
15.11	3/29/2011 11:00	1.5	58.2	39600	1301396400
15.11	3/29/2011 12:00	1.4	58.2	43200	1301400000
15.11	3/29/2011 13:00	2.1	940.9	46800	1301403600
15.11	3/29/2011 14:00	3.1	543.2	50400	1301407200
15.11	3/29/2011 15:00	2.8	698.4	54000	1301410800
15.11	3/29/2011 16:00	2.7	766.3	57600	1301414400
15.11	3/29/2011 17:00	2	766.3	61200	1301418000
15.11	3/29/2011 18:00	1.2	746.9	64800	1301421600
15.11	3/29/2011 19:00	0.5	698.4	68400	1301425200
15.11	3/29/2011 20:00	-0.3	455.9	72000	1301428800
15.11	3/29/2011 21:00	-1.2	436.5	75600	1301432400
15.11	3/29/2011 22:00	-1.1	58.2	79200	1301436000
15.11	3/29/2011 23:00	-0.6	426.8	82800	1301439600
15.11	3/30/2011 0:00	-0.8	426.8	0	1301443200
15.11	3/30/2011 1:00	-1.5	426.8	3600	1301446800
15.11	3/30/2011 2:00	-1.2	436.5	7200	1301450400
15.11	3/30/2011 3:00	-1.4	58.2	10800	1301454000
15.11	3/30/2011 4:00	-0.2	58.2	14400	1301457600
15.11	3/30/2011 5:00	2.1	58.2	18000	1301461200
15.11	3/30/2011 6:00	2.5	58.2	21600	1301464800
15.11	3/30/2011 7:00	2.5	58.2	25200	1301468400
15.11	3/30/2011 8:00	2.3	58.2	28800	1301472000
15.11	3/30/2011 9:00	2.3	58.2	32400	1301475600
15.11	3/30/2011 10:00	2.3	58.2	36000	1301479200
15.11	3/30/2011 11:00	2.7	523.8	39600	1301482800
15.11	3/30/2011 12:00	3.2	58.2	43200	1301486400
15.11	3/30/2011 13:00	3.3	58.2	46800	1301490000
15.11	3/30/2011 14:00	3.5	436.5	50400	1301493600
15.11	3/30/2011 15:00	3.3	455.9	54000	1301497200
15.11	3/30/2011 16:00	3	446.2	57600	1301500800
15.11	3/30/2011 17:00	2.9	58.2	61200	1301504400
15.11	3/30/2011 18:00	2.6	58.2	64800	1301508000
15.11	3/30/2011 19:00	2.6	58.2	68400	1301511600
15.11	3/30/2011 20:00	2.8	58.2	72000	1301515200
15.11	3/30/2011 21:00	2.8	58.2	75600	1301518800
15.11	3/30/2011 22:00	2.8	543.2	79200	1301522400
15.11	3/30/2011 23:00	2.8	58.2	82800	1301526000
15.11	3/31/2011 0:00	2.6	58.2	0	1301529600
15.11	3/31/2011 1:00	2.6	58.2	3600	1301533200
15.11	3/31/2011 2:00	2.4	58.2	7200	1301536800
15.11	3/31/2011 3:00	2.4	514.1	10800	1301540400
15.11	3/31/2011 4:00	2.3	533.5	14400	1301544000
15.11	3/31/2011 5:00	2.5	533.5	18000	1301547600
15.11	3/31/2011 6:00	2.8	368.6	21600	1301551200
15.11	3/31/2011 7:00	3.4	58.2	25200	1301554800
15.11	3/31/2011 8:00	3.4	426.8	28800	1301558400
15.11	3/31/2011 9:00	3.9	58.2	32400	1301562000
15.11	3/31/2011 10:00	4.1	58.2	36000	1301565600
15.11	3/31/2011 11:00	4.7	58.2	39600	1301569200
15.11	3/31/2011 12:00	4.8	58.2	43200	1301572800
15.11	3/31/2011 13:00	4.5	58.2	46800	1301576400
15.11	3/31/2011 14:00	5	58.2	50400	1301580000
15.11	3/31/2011 15:00	5	58.2	54000	1301583600
15.11	3/31/2011 16:00	4.8	58.2	57600	1301587200
15.11	3/31/2011 17:00	4.8	58.2	61200	1301590800
15.11	3/31/2011 18:00	4.8	58.2	64800	1301594400
15.11	3/31/2011 19:00	4.5	58.2	68400	1301598000
15.11	3/31/2011 20:00	4.5	58.2	72000	1301601600
15.11	3/31/2011 21:00	4.1	58.2	75600	1301605200
15.11	3/31/2011 22:00	3.9	58.2	79200	1301608800
15.11	3/31/2011 23:00	3.9	58.2	82800	1301612400