Twet Load Tset
13.4 903.0 16.11
13.6 630.0 17.11
14.1 653.0 17.11
14.7 664.0 18.11
15.1 703.0 18.11
16.2 767.0 19.11
17.0 1116.0 20.11
19.2 1221.0 22.11
19.6 1242.0 22.11
20.2 393.0 22.11
20.1 1350.0 23.11
20.0 1359.0 23.11
19.9 1368.0 23.11
19.7 1373.0 22.11
20.2 1335.0 23.11
19.8 1215.0 22.11
19.8 584.0 22.11
18.9 474.0 21.11
18.6 471.0 21.11
18.8 462.0 21.11
18.1 457.0 20.11
18.1 1341.0 21.11
17.2 497.0 20.11
17.4 483.0 20.11
17.2 1271.0 20.11
17.0 1194.0 20.11
16.7 1078.0 19.11
17.7 1061.0 20.11
17.0 1110.0 20.11
17.3 1311.0 20.11
17.5 1180.0 20.11
17.9 1206.0 20.11
17.9 1205.0 20.11
17.9 459.0 20.11
17.6 1209.0 20.11
18.2 1233.0 21.11
18.8 1260.0 21.11
18.6 1226.0 21.11
17.5 1229.0 20.11
16.4 580.0 19.11
16.0 496.0 18.11
15.2 425.0 18.11
15.0 401.0 17.11
14.2 410.0 17.11
13.7 410.0 16.11
13.4 1256.0 16.11
13.2 452.0 16.11
12.6 436.0 15.11
12.6 958.0 15.11
12.6 906.0 15.11
12.6 639.0 16.11
12.6 630.0 16.11
12.4 630.0 15.11
12.9 647.0 16.11
13.5 667.0 17.11
14.0 708.0 17.11
15.2 739.0 18.11
16.2 410.0 18.11
17.4 1148.0 20.11
18.6 1300.0 21.11
19.0 1356.0 22.11
19.4 1378.0 22.11
20.6 927.0 23.11
21.1 926.0 23.11
20.8 702.0 23.11
19.9 567.0 22.11
19.4 512.0 22.11
19.2 509.0 22.11
18.7 500.0 21.11
18.1 1150.0 21.11
18.1 539.0 21.11
17.9 533.0 20.11
17.7 927.0 20.11
17.7 928.0 20.11
17.5 923.0 20.11
17.5 925.0 20.11
17.5 926.0 20.11
17.7 927.0 20.11
18.7 927.0 21.11
19.1 927.0 21.11
20.3 927.0 23.11
20.5 488.0 23.11
19.9 927.0 22.11
21.1 1229.0 24.11
21.5 1556.0 24.11
21.3 1343.0 24.11
20.9 1268.0 23.11
19.3 1143.0 22.11
19.0 554.0 21.11
18.5 462.0 21.11
18.9 454.0 21.11
19.3 455.0 22.11
19.3 447.0 22.11
19.1 928.0 21.11
18.8 458.0 21.11
18.6 455.0 21.11
18.2 487.0 21.11
17.7 492.0 20.11
17.5 457.0 20.11
16.7 489.0 19.11
17.5 476.0 20.11
18.2 512.0 21.11
19.4 535.0 22.11
19.6 543.0 22.11
20.2 542.0 23.11
20.9 472.0 23.11
21.4 555.0 24.11
20.5 577.0 23.11
20.8 556.0 23.11
20.3 553.0 23.11
20.3 553.0 23.11
20.3 472.0 23.11
18.7 441.0 21.11
18.3 437.0 21.11
17.6 428.0 20.11
17.6 433.0 20.11
17.1 426.0 19.11
17.1 561.0 20.11
16.5 414.0 19.11
16.3 410.0 19.11
16.1 405.0 18.11
15.6 400.0 18.11
15.3 402.0 18.11
15.3 396.0 18.11
15.0 399.0 17.11
15.1 399.0 17.11
15.3 424.0 18.11
15.5 418.0 18.11
16.4 435.0 19.11
17.1 434.0 19.11
16.6 421.0 19.11
17.1 420.0 19.11
17.3 465.0 20.11
17.0 482.0 19.11
17.6 462.0 20.11
17.3 485.0 20.11
16.8 440.0 19.11
16.6 418.0 19.11
16.1 408.0 18.11
15.9 406.0 18.11
15.0 396.0 17.11
14.7 441.0 17.11
14.7 427.0 17.11
13.9 412.0 16.11
13.7 1023.0 16.11
12.9 890.0 15.11
12.6 586.0 16.11
12.6 580.0 16.11
13.2 648.0 16.11
13.4 659.0 16.11
14.0 872.0 16.11
14.4 893.0 17.11
14.9 543.0 18.11
15.3 396.0 18.11
15.4 1120.0 18.11
15.6 874.0 18.11
16.1 831.0 18.11
15.1 1075.0 18.11
15.1 1164.0 18.11
14.9 794.0 18.11
14.7 472.0 17.11
12.7 398.0 15.11
12.0 402.0 15.11
11.7 401.0 15.11
11.5 403.0 15.11
12.0 1054.0 15.11
12.5 420.0 15.11
13.2 420.0 16.11
13.8 979.0 16.11
13.6 478.0 16.11
13.8 623.0 17.11
13.9 652.0 17.11
14.1 666.0 17.11
14.7 707.0 18.11
15.6 758.0 19.11
16.4 1233.0 19.11
16.8 1136.0 19.11
17.8 399.0 20.11
17.8 1183.0 20.11
18.4 1228.0 21.11
18.5 1289.0 21.11
19.6 1208.0 22.11
19.2 1127.0 22.11
19.2 539.0 22.11
19.2 505.0 22.11
18.9 432.0 21.11
18.6 408.0 21.11
18.6 453.0 21.11
18.3 459.0 21.11
18.2 1153.0 21.11
18.1 490.0 20.11
18.2 489.0 21.11
18.0 1228.0 21.11
18.0 1136.0 21.11
18.0 1066.0 20.11
18.0 1210.0 21.11
18.4 1318.0 21.11
18.6 1157.0 21.11
19.3 1252.0 22.11
17.8 1123.0 20.11
17.2 833.0 19.11
16.9 452.0 19.11
17.1 1082.0 20.11
17.3 1372.0 20.11
17.3 1129.0 20.11
17.5 1284.0 20.11
17.1 833.0 19.11
16.6 787.0 20.11
13.9 471.0 16.11
13.9 418.0 16.11
13.9 436.0 16.11
13.4 419.0 16.11
13.4 413.0 16.11
13.6 835.0 16.11
13.7 441.0 16.11
13.7 427.0 16.11
12.9 911.0 15.11
12.0 601.0 15.11
11.2 547.0 15.11
10.7 544.0 15.11
10.7 507.0 15.11
11.0 536.0 15.11
11.4 614.0 15.11
11.0 628.0 15.11
11.2 653.0 15.11
11.2 415.0 15.11
11.3 666.0 15.11
11.5 716.0 15.11
10.6 692.0 15.11
11.2 744.0 15.11
11.8 725.0 15.11
10.9 657.0 15.11
10.6 433.0 15.11
10.3 393.0 15.11
9.8 394.0 15.11
9.6 399.0 15.11
9.8 396.0 15.11
9.5 659.0 15.11
9.2 388.0 15.11
8.4 380.0 15.11
8.0 776.0 15.11
7.1 471.0 15.11
6.9 723.0 15.11
7.1 723.0 15.11
7.3 474.0 15.11
8.4 815.0 15.11
8.7 792.0 15.11
9.7 605.0 15.11
10.9 677.0 15.11
10.2 356.0 15.11
10.7 735.0 15.11
11.2 769.0 15.11
11.4 772.0 15.11
11.8 810.0 15.11
12.0 782.0 15.11
12.0 698.0 15.11
12.0 505.0 15.11
11.5 428.0 15.11
11.4 409.0 15.11
10.9 412.0 15.11
10.6 408.0 15.11
10.6 705.0 15.11
10.5 503.0 15.11
10.2 384.0 15.11
10.7 388.0 15.11
9.7 391.0 15.11
8.9 391.0 15.11
8.9 394.0 15.11
9.4 390.0 15.11
11.0 392.0 15.11
12.2 406.0 15.11
12.9 424.0 15.11
14.3 435.0 17.11
14.3 401.0 17.11
14.5 438.0 17.11
15.2 445.0 18.11
13.7 455.0 16.11
13.4 456.0 16.11
15.4 457.0 18.11
14.3 421.0 17.11
14.5 420.0 17.11
15.3 408.0 18.11
16.0 412.0 18.11
15.6 406.0 18.11
14.7 413.0 17.11
15.1 448.0 17.11
14.8 408.0 17.11
14.8 408.0 17.11
14.0 401.0 16.11
14.3 403.0 17.11
14.1 403.0 16.11
13.3 403.0 16.11
13.5 427.0 16.11
14.8 401.0 17.11
15.7 407.0 18.11
16.5 425.0 19.11
16.9 437.0 19.11
17.6 410.0 20.11
18.8 472.0 21.11
18.6 479.0 21.11
18.8 470.0 21.11
18.5 471.0 21.11
18.1 474.0 20.11
17.1 456.0 19.11
17.5 458.0 20.11
17.3 435.0 20.11
17.1 441.0 19.11
17.2 433.0 19.11
16.7 435.0 19.11
15.9 454.0 18.11
16.0 472.0 18.11
16.3 458.0 19.11
16.4 1208.0 19.11
16.2 1130.0 19.11
16.0 1062.0 19.11
16.1 1013.0 19.11
15.9 1027.0 18.11
16.2 1097.0 19.11
16.7 1135.0 19.11
16.4 1143.0 19.11
17.0 1181.0 20.11
17.7 414.0 20.11
18.7 1226.0 21.11
18.7 1231.0 21.11
18.7 1167.0 21.11
18.2 1238.0 21.11
18.0 1204.0 21.11
18.2 1146.0 21.11
18.6 554.0 21.11
18.6 463.0 21.11
17.9 459.0 20.11
17.6 438.0 20.11
17.6 431.0 20.11
17.7 1213.0 20.11
17.7 480.0 20.11
18.0 472.0 20.11
18.2 1276.0 21.11
18.0 1154.0 21.11
18.4 1077.0 21.11
18.7 1103.0 21.11
18.4 1124.0 21.11
18.9 1178.0 21.11
18.9 1235.0 21.11
19.8 1246.0 22.11
19.9 1305.0 22.11
19.9 450.0 22.11
20.8 1283.0 23.11
19.9 1417.0 23.11
20.5 1388.0 23.11
20.3 1367.0 23.11
20.3 1271.0 23.11
20.5 1247.0 23.11
20.1 606.0 23.11
20.1 503.0 22.11
19.9 477.0 22.11
20.0 484.0 22.11
18.0 458.0 20.11
18.6 1368.0 21.11
18.6 523.0 21.11
18.4 506.0 21.11
17.8 1342.0 21.11
17.3 1155.0 20.11
17.3 1065.0 20.11
17.3 1249.0 20.11
17.2 819.0 19.11
17.9 1151.0 20.11
18.6 686.0 21.11
19.2 757.0 22.11
19.3 757.0 22.11
19.5 452.0 22.11
18.5 786.0 21.11
18.7 1646.0 22.11
19.5 1389.0 22.11
18.8 1276.0 21.11
19.7 1231.0 22.11
19.9 1248.0 22.11
19.3 577.0 22.11
19.5 493.0 22.11
19.8 467.0 22.11
19.6 485.0 22.11
19.4 476.0 22.11
18.6 842.0 21.11
19.0 536.0 21.11
18.1 521.0 21.11
17.8 1300.0 20.11
16.6 1087.0 19.11
15.8 730.0 19.11
15.1 703.0 18.11
15.1 728.0 18.11
12.2 631.0 15.11
12.9 701.0 16.11
13.4 767.0 17.11
13.9 865.0 16.11
14.1 491.0 17.11
14.5 924.0 17.11
14.7 910.0 17.11
14.3 906.0 17.11
14.1 920.0 17.11
14.3 923.0 17.11
13.9 896.0 16.11
13.4 538.0 16.11
13.4 444.0 16.11
12.7 431.0 15.11
12.2 431.0 15.11
12.2 430.0 15.11
13.0 888.0 16.11
12.0 437.0 15.11
11.7 422.0 15.11
11.5 964.0 15.11
12.0 573.0 15.11
11.8 585.0 15.11
10.7 605.0 15.11
12.1 560.0 15.11
12.7 640.0 16.11
14.0 721.0 17.11
14.4 822.0 17.11
14.6 874.0 17.11
14.3 422.0 17.11
14.1 869.0 16.11
14.7 872.0 17.11
15.0 738.0 18.11
14.9 1289.0 18.11
14.7 895.0 17.11
14.7 746.0 18.11
14.3 752.0 17.11
14.1 657.0 17.11
13.6 630.0 17.11
13.7 611.0 17.11
12.2 573.0 15.11
11.0 927.0 15.11
10.5 545.0 15.11
10.5 532.0 15.11
10.3 536.0 15.11
11.0 545.0 15.11
11.2 521.0 15.11
10.7 520.0 15.11
11.0 504.0 15.11
11.7 549.0 15.11
12.2 585.0 15.11
12.5 603.0 15.11
13.8 667.0 17.11
15.2 563.0 18.11
16.6 700.0 19.11
16.2 720.0 19.11
16.2 719.0 19.11
16.9 734.0 20.11
17.1 772.0 20.11
17.4 734.0 20.11
17.0 715.0 20.11
16.6 704.0 19.11
16.5 673.0 19.11
15.8 667.0 19.11
15.9 656.0 19.11
14.4 683.0 17.11
13.7 592.0 17.11
13.4 590.0 16.11
13.5 585.0 16.11
13.5 591.0 16.11
13.3 579.0 16.11
12.3 569.0 15.11
13.6 574.0 16.11
14.2 552.0 17.11
12.7 601.0 16.11
14.7 643.0 18.11
15.2 662.0 18.11
15.9 612.0 19.11
16.6 689.0 19.11
18.0 742.0 21.11
17.1 726.0 20.11
18.5 754.0 21.11
18.8 764.0 22.11
19.0 805.0 22.11
19.2 827.0 21.11
19.0 804.0 22.11
19.1 782.0 22.11
18.7 769.0 21.11
19.1 772.0 22.11
18.9 674.0 22.11
18.6 784.0 21.11
18.4 762.0 21.11
18.0 1161.0 21.11
18.0 1104.0 20.11
17.8 1082.0 20.11
17.8 1081.0 20.11
17.8 1081.0 20.11
17.8 1124.0 20.11
18.0 1155.0 21.11
18.4 1182.0 21.11
18.9 1239.0 21.11
19.1 787.0 22.11
19.0 1248.0 22.11
19.1 1327.0 22.11
19.4 1227.0 22.11
20.1 1252.0 23.11
20.0 1207.0 23.11
20.3 1181.0 23.11
20.3 1092.0 23.11
19.2 786.0 22.11
18.4 750.0 21.11
18.5 746.0 21.11
18.9 767.0 22.11
18.4 1232.0 21.11
18.2 728.0 21.11
17.9 707.0 21.11
17.9 1187.0 20.11
17.7 1083.0 20.11
17.7 1075.0 20.11
17.5 1156.0 20.11
18.0 804.0 21.11
18.0 1136.0 21.11
18.2 1183.0 21.11
18.4 1185.0 21.11
18.6 1202.0 21.11
19.0 743.0 22.11
19.8 1224.0 22.11
19.6 1237.0 22.11
20.5 1341.0 23.11
20.0 1343.0 23.11
20.6 1273.0 23.11
20.0 1274.0 23.11
20.1 1105.0 23.11
20.1 1249.0 23.11
19.4 1045.0 22.11
18.8 1054.0 21.11
18.8 768.0 22.11
19.2 1213.0 22.11
19.3 785.0 22.11
19.3 794.0 22.11
18.3 1137.0 21.11
18.2 1115.0 21.11
18.0 1105.0 20.11
18.0 1086.0 20.11
17.9 1145.0 20.11
18.2 1224.0 21.11
19.2 1272.0 22.11
19.4 1338.0 22.11
19.9 941.0 22.11
20.5 763.0 23.11
20.8 791.0 23.11
20.7 1603.0 23.11
21.5 1617.0 24.11
21.0 1589.0 24.11
21.2 1473.0 24.11
19.7 1433.0 22.11
20.0 1361.0 23.11
20.0 945.0 22.11
20.2 944.0 22.11
19.9 945.0 22.11
19.4 1247.0 22.11
19.3 1775.0 22.11
19.3 947.0 22.11
19.7 654.0 22.11
19.7 1701.0 22.11
19.5 1307.0 22.11
19.5 1284.0 22.11
19.5 1278.0 22.11
19.1 1281.0 22.11
18.9 1257.0 21.11
18.7 1540.0 21.11
18.8 724.0 22.11
19.5 1400.0 22.11
20.4 1633.0 23.11
20.8 758.0 23.11
21.2 1515.0 24.11
21.4 1537.0 24.11
21.4 1512.0 24.11
21.6 1491.0 24.11
20.8 1430.0 23.11
20.8 1593.0 23.11
20.5 946.0 23.11
20.4 1331.0 23.11
20.4 945.0 23.11
20.2 1271.0 23.11
20.0 1461.0 23.11
20.0 1786.0 22.11
20.4 946.0 23.11
20.7 1469.0 23.11
20.7 1313.0 23.11
20.7 1284.0 23.11
20.7 1292.0 23.11
20.7 1314.0 23.11
21.5 1334.0 24.11
21.5 1344.0 24.11
21.8 1425.0 24.11
22.0 1574.0 25.11
22.4 1746.0 25.11
22.5 803.0 25.11
22.4 1566.0 25.11
23.2 1586.0 26.11
22.9 1593.0 25.11
23.5 1556.0 26.11
23.2 1456.0 26.11
22.5 1368.0 25.11
21.7 1229.0 24.11
21.4 1624.0 24.11
21.1 946.0 23.11
21.3 1217.0 24.11
21.1 1552.0 24.11
20.9 946.0 23.11
21.3 947.0 24.11
20.7 947.0 23.11
20.5 1167.0 23.11
20.5 1141.0 23.11
20.2 946.0 22.11
20.5 947.0 23.11
20.7 766.0 23.11
21.1 1641.0 24.11
22.0 925.0 24.11
22.4 946.0 25.11
23.2 946.0 26.11
23.9 706.0 26.11
24.4 1377.0 26.11
24.0 1387.0 26.11
23.2 1383.0 26.11
22.9 1328.0 25.11
21.9 1251.0 24.11
22.9 1503.0 25.11
21.6 946.0 24.11
21.7 947.0 24.11
22.4 1194.0 25.11
22.2 1639.0 25.11
21.0 1313.0 24.11
20.6 946.0 23.11
20.1 946.0 22.11
19.9 943.0 22.11
20.0 946.0 22.11
20.4 946.0 23.11
20.2 946.0 22.11
20.7 1155.0 23.11
21.1 946.0 23.11
21.8 948.0 24.11
21.7 633.0 24.11
22.2 1515.0 25.11
22.9 946.0 25.11
22.9 660.0 25.11
23.0 1541.0 26.11
22.6 646.0 25.11
22.6 1453.0 25.11
22.2 898.0 24.11
23.0 909.0 25.11
22.9 929.0 25.11
21.7 930.0 24.11
22.7 924.0 25.11
19.3 818.0 21.11
20.2 819.0 22.11
20.2 1263.0 23.11
19.5 810.0 22.11
19.3 789.0 22.11
19.1 794.0 22.11
19.2 932.0 21.11
18.7 921.0 21.11
18.9 901.0 21.11
19.4 876.0 22.11
20.2 842.0 22.11
20.8 880.0 23.11
21.0 940.0 23.11
22.4 946.0 25.11
23.5 847.0 26.11
24.5 946.0 26.11
25.0 946.0 26.11
24.8 946.0 26.11
24.2 933.0 26.11
24.2 935.0 26.11
23.9 941.0 26.11
23.7 939.0 26.11
23.7 937.0 26.11
23.4 946.0 26.11
23.1 940.0 25.11
22.7 946.0 25.11
22.7 946.0 25.11
22.0 946.0 24.11
21.5 947.0 24.11
21.5 943.0 24.11
21.5 945.0 24.11
22.2 1590.0 25.11
22.9 1522.0 25.11
23.7 1656.0 26.11
23.7 1748.0 26.11
23.8 922.0 26.11
24.1 1780.0 26.11
24.0 1739.0 26.11
23.8 1719.0 26.11
23.7 1719.0 26.11
23.3 1658.0 26.11
23.2 1598.0 26.11
22.5 982.0 25.11
22.7 646.0 25.11
20.2 560.0 23.11
20.7 573.0 23.11
21.1 551.0 23.11
21.3 1789.0 24.11
21.6 653.0 24.11
21.1 621.0 24.11
20.7 1552.0 23.11
20.7 1364.0 23.11
19.2 1214.0 22.11
18.6 1103.0 21.11
18.3 1183.0 21.11
17.7 1183.0 20.11
18.2 1202.0 21.11
18.4 1194.0 21.11
19.3 1212.0 22.11
19.3 585.0 22.11
19.0 1284.0 22.11
18.7 1276.0 21.11
19.6 1331.0 22.11
19.8 1309.0 22.11
20.2 1298.0 23.11
20.3 1212.0 23.11
20.2 654.0 23.11
19.8 554.0 22.11
19.1 543.0 22.11
20.5 541.0 23.11
19.3 523.0 22.11
18.9 1271.0 22.11
19.2 578.0 22.11
18.6 544.0 21.11
18.4 1277.0 21.11
18.4 1203.0 21.11
17.9 704.0 21.11
17.8 927.0 20.11
17.1 907.0 19.11
16.6 917.0 19.11
17.2 927.0 20.11
16.8 909.0 19.11
17.2 564.0 20.11
17.4 1239.0 20.11
17.8 557.0 20.11
17.7 1259.0 20.11
18.2 1275.0 21.11
18.0 1291.0 21.11
17.7 1265.0 20.11
17.3 1600.0 20.11
17.1 587.0 20.11
16.7 514.0 19.11
17.1 500.0 20.11
17.7 504.0 20.11
17.8 492.0 20.11
17.2 1222.0 20.11
17.0 529.0 19.11
