	Twet	Load	Tset
0	13.4	903.0	16.11
1	13.6	630.0	17.11
2	14.1	653.0	17.11
3	14.7	664.0	18.11
4	15.1	703.0	18.11
5	16.2	767.0	19.11
6	17.0	1116.0	20.11
7	19.2	1221.0	22.11
8	19.6	1242.0	22.11
9	20.2	393.0	22.11
10	20.1	1350.0	23.11
11	20.0	1359.0	23.11
12	19.9	1368.0	23.11
13	19.7	1373.0	22.11
14	20.2	1335.0	23.11
15	19.8	1215.0	22.11
16	19.8	584.0	22.11
17	18.9	474.0	21.11
18	18.6	471.0	21.11
19	18.8	462.0	21.11
20	18.1	457.0	20.11
21	18.1	1341.0	21.11
22	17.2	497.0	20.11
23	17.4	483.0	20.11
24	17.2	1271.0	20.11
25	17.0	1194.0	20.11
26	16.7	1078.0	19.11
27	17.7	1061.0	20.11
28	17.0	1110.0	20.11
29	17.3	1311.0	20.11
30	17.5	1180.0	20.11
31	17.9	1206.0	20.11
32	17.9	1205.0	20.11
33	17.9	459.0	20.11
34	17.6	1209.0	20.11
35	18.2	1233.0	21.11
36	18.8	1260.0	21.11
37	18.6	1226.0	21.11
38	17.5	1229.0	20.11
39	16.4	580.0	19.11
40	16.0	496.0	18.11
41	15.2	425.0	18.11
42	15.0	401.0	17.11
43	14.2	410.0	17.11
44	13.7	410.0	16.11
45	13.4	1256.0	16.11
46	13.2	452.0	16.11
47	12.6	436.0	15.11
48	12.6	958.0	15.11
49	12.6	906.0	15.11
50	12.6	639.0	16.11
51	12.6	630.0	16.11
52	12.4	630.0	15.11
53	12.9	647.0	16.11
54	13.5	667.0	17.11
55	14.0	708.0	17.11
56	15.2	739.0	18.11
57	16.2	410.0	18.11
58	17.4	1148.0	20.11
59	18.6	1300.0	21.11
60	19.0	1356.0	22.11
61	19.4	1378.0	22.11
62	20.6	927.0	23.11
63	21.1	926.0	23.11
64	20.8	702.0	23.11
65	19.9	567.0	22.11
66	19.4	512.0	22.11
67	19.2	509.0	22.11
68	18.7	500.0	21.11
69	18.1	1150.0	21.11
70	18.1	539.0	21.11
71	17.9	533.0	20.11
72	17.7	927.0	20.11
73	17.7	928.0	20.11
74	17.5	923.0	20.11
75	17.5	925.0	20.11
76	17.5	926.0	20.11
77	17.7	927.0	20.11
78	18.7	927.0	21.11
79	19.1	927.0	21.11
80	20.3	927.0	23.11
81	20.5	488.0	23.11
82	19.9	927.0	22.11
83	21.1	1229.0	24.11
84	21.5	1556.0	24.11
85	21.3	1343.0	24.11
86	20.9	1268.0	23.11
87	19.3	1143.0	22.11
88	19.0	554.0	21.11
89	18.5	462.0	21.11
90	18.9	454.0	21.11
91	19.3	455.0	22.11
92	19.3	447.0	22.11
93	19.1	928.0	21.11
94	18.8	458.0	21.11
95	18.6	455.0	21.11
96	18.2	487.0	21.11
97	17.7	492.0	20.11
98	17.5	457.0	20.11
99	16.7	489.0	19.11
100	17.5	476.0	20.11
101	18.2	512.0	21.11
102	19.4	535.0	22.11
103	19.6	543.0	22.11
104	20.2	542.0	23.11
105	20.9	472.0	23.11
106	21.4	555.0	24.11
107	20.5	577.0	23.11
108	20.8	556.0	23.11
109	20.3	553.0	23.11
110	20.3	553.0	23.11
111	20.3	472.0	23.11
112	18.7	441.0	21.11
113	18.3	437.0	21.11
114	17.6	428.0	20.11
115	17.6	433.0	20.11
116	17.1	426.0	19.11
117	17.1	561.0	20.11
118	16.5	414.0	19.11
119	16.3	410.0	19.11
120	16.1	405.0	18.11
121	15.6	400.0	18.11
122	15.3	402.0	18.11
123	15.3	396.0	18.11
124	15.0	399.0	17.11
125	15.1	399.0	17.11
126	15.3	424.0	18.11
127	15.5	418.0	18.11
128	16.4	435.0	19.11
129	17.1	434.0	19.11
130	16.6	421.0	19.11
131	17.1	420.0	19.11
132	17.3	465.0	20.11
133	17.0	482.0	19.11
134	17.6	462.0	20.11
135	17.3	485.0	20.11
136	16.8	440.0	19.11
137	16.6	418.0	19.11
138	16.1	408.0	18.11
139	15.9	406.0	18.11
140	15.0	396.0	17.11
141	14.7	441.0	17.11
142	14.7	427.0	17.11
143	13.9	412.0	16.11
144	13.7	1023.0	16.11
145	12.9	890.0	15.11
146	12.6	586.0	16.11
147	12.6	580.0	16.11
148	13.2	648.0	16.11
149	13.4	659.0	16.11
150	14.0	872.0	16.11
151	14.4	893.0	17.11
152	14.9	543.0	18.11
153	15.3	396.0	18.11
154	15.4	1120.0	18.11
155	15.6	874.0	18.11
156	16.1	831.0	18.11
157	15.1	1075.0	18.11
158	15.1	1164.0	18.11
159	14.9	794.0	18.11
160	14.7	472.0	17.11
161	12.7	398.0	15.11
162	12.0	402.0	15.11
163	11.7	401.0	15.11
164	11.5	403.0	15.11
165	12.0	1054.0	15.11
166	12.5	420.0	15.11
167	13.2	420.0	16.11
168	13.8	979.0	16.11
169	13.6	478.0	16.11
170	13.8	623.0	17.11
171	13.9	652.0	17.11
172	14.1	666.0	17.11
173	14.7	707.0	18.11
174	15.6	758.0	19.11
175	16.4	1233.0	19.11
176	16.8	1136.0	19.11
177	17.8	399.0	20.11
178	17.8	1183.0	20.11
179	18.4	1228.0	21.11
180	18.5	1289.0	21.11
181	19.6	1208.0	22.11
182	19.2	1127.0	22.11
183	19.2	539.0	22.11
184	19.2	505.0	22.11
185	18.9	432.0	21.11
186	18.6	408.0	21.11
187	18.6	453.0	21.11
188	18.3	459.0	21.11
189	18.2	1153.0	21.11
190	18.1	490.0	20.11
191	18.2	489.0	21.11
192	18.0	1228.0	21.11
193	18.0	1136.0	21.11
194	18.0	1066.0	20.11
195	18.0	1210.0	21.11
196	18.4	1318.0	21.11
197	18.6	1157.0	21.11
198	19.3	1252.0	22.11
199	17.8	1123.0	20.11
200	17.2	833.0	19.11
201	16.9	452.0	19.11
202	17.1	1082.0	20.11
203	17.3	1372.0	20.11
204	17.3	1129.0	20.11
205	17.5	1284.0	20.11
206	17.1	833.0	19.11
207	16.6	787.0	20.11
208	13.9	471.0	16.11
209	13.9	418.0	16.11
210	13.9	436.0	16.11
211	13.4	419.0	16.11
212	13.4	413.0	16.11
213	13.6	835.0	16.11
214	13.7	441.0	16.11
215	13.7	427.0	16.11
216	12.9	911.0	15.11
217	12.0	601.0	15.11
218	11.2	547.0	15.11
219	10.7	544.0	15.11
220	10.7	507.0	15.11
221	11.0	536.0	15.11
222	11.4	614.0	15.11
223	11.0	628.0	15.11
224	11.2	653.0	15.11
225	11.2	415.0	15.11
226	11.3	666.0	15.11
227	11.5	716.0	15.11
228	10.6	692.0	15.11
229	11.2	744.0	15.11
230	11.8	725.0	15.11
231	10.9	657.0	15.11
232	10.6	433.0	15.11
233	10.3	393.0	15.11
234	9.8	394.0	15.11
235	9.6	399.0	15.11
236	9.8	396.0	15.11
237	9.5	659.0	15.11
238	9.2	388.0	15.11
239	8.4	380.0	15.11
240	8.0	776.0	15.11
241	7.1	471.0	15.11
242	6.9	723.0	15.11
243	7.1	723.0	15.11
244	7.3	474.0	15.11
245	8.4	815.0	15.11
246	8.7	792.0	15.11
247	9.7	605.0	15.11
248	10.9	677.0	15.11
249	10.2	356.0	15.11
250	10.7	735.0	15.11
251	11.2	769.0	15.11
252	11.4	772.0	15.11
253	11.8	810.0	15.11
254	12.0	782.0	15.11
255	12.0	698.0	15.11
256	12.0	505.0	15.11
257	11.5	428.0	15.11
258	11.4	409.0	15.11
259	10.9	412.0	15.11
260	10.6	408.0	15.11
261	10.6	705.0	15.11
262	10.5	503.0	15.11
263	10.2	384.0	15.11
264	10.7	388.0	15.11
265	9.7	391.0	15.11
266	8.9	391.0	15.11
267	8.9	394.0	15.11
268	9.4	390.0	15.11
269	11.0	392.0	15.11
270	12.2	406.0	15.11
271	12.9	424.0	15.11
272	14.3	435.0	17.11
273	14.3	401.0	17.11
274	14.5	438.0	17.11
275	15.2	445.0	18.11
276	13.7	455.0	16.11
277	13.4	456.0	16.11
278	15.4	457.0	18.11
279	14.3	421.0	17.11
280	14.5	420.0	17.11
281	15.3	408.0	18.11
282	16.0	412.0	18.11
283	15.6	406.0	18.11
284	14.7	413.0	17.11
285	15.1	448.0	17.11
286	14.8	408.0	17.11
287	14.8	408.0	17.11
288	14.0	401.0	16.11
289	14.3	403.0	17.11
290	14.1	403.0	16.11
291	13.3	403.0	16.11
292	13.5	427.0	16.11
293	14.8	401.0	17.11
294	15.7	407.0	18.11
295	16.5	425.0	19.11
296	16.9	437.0	19.11
297	17.6	410.0	20.11
298	18.8	472.0	21.11
299	18.6	479.0	21.11
300	18.8	470.0	21.11
301	18.5	471.0	21.11
302	18.1	474.0	20.11
303	17.1	456.0	19.11
304	17.5	458.0	20.11
305	17.3	435.0	20.11
306	17.1	441.0	19.11
307	17.2	433.0	19.11
308	16.7	435.0	19.11
309	15.9	454.0	18.11
310	16.0	472.0	18.11
311	16.3	458.0	19.11
312	16.4	1208.0	19.11
313	16.2	1130.0	19.11
314	16.0	1062.0	19.11
315	16.1	1013.0	19.11
316	15.9	1027.0	18.11
317	16.2	1097.0	19.11
318	16.7	1135.0	19.11
319	16.4	1143.0	19.11
320	17.0	1181.0	20.11
321	17.7	414.0	20.11
322	18.7	1226.0	21.11
323	18.7	1231.0	21.11
324	18.7	1167.0	21.11
325	18.2	1238.0	21.11
326	18.0	1204.0	21.11
327	18.2	1146.0	21.11
328	18.6	554.0	21.11
329	18.6	463.0	21.11
330	17.9	459.0	20.11
331	17.6	438.0	20.11
332	17.6	431.0	20.11
333	17.7	1213.0	20.11
334	17.7	480.0	20.11
335	18.0	472.0	20.11
336	18.2	1276.0	21.11
337	18.0	1154.0	21.11
338	18.4	1077.0	21.11
339	18.7	1103.0	21.11
340	18.4	1124.0	21.11
341	18.9	1178.0	21.11
342	18.9	1235.0	21.11
343	19.8	1246.0	22.11
344	19.9	1305.0	22.11
345	19.9	450.0	22.11
346	20.8	1283.0	23.11
347	19.9	1417.0	23.11
348	20.5	1388.0	23.11
349	20.3	1367.0	23.11
350	20.3	1271.0	23.11
351	20.5	1247.0	23.11
352	20.1	606.0	23.11
353	20.1	503.0	22.11
354	19.9	477.0	22.11
355	20.0	484.0	22.11
356	18.0	458.0	20.11
357	18.6	1368.0	21.11
358	18.6	523.0	21.11
359	18.4	506.0	21.11
360	17.8	1342.0	21.11
361	17.3	1155.0	20.11
362	17.3	1065.0	20.11
363	17.3	1249.0	20.11
364	17.2	819.0	19.11
365	17.9	1151.0	20.11
366	18.6	686.0	21.11
367	19.2	757.0	22.11
368	19.3	757.0	22.11
369	19.5	452.0	22.11
370	18.5	786.0	21.11
371	18.7	1646.0	22.11
372	19.5	1389.0	22.11
373	18.8	1276.0	21.11
374	19.7	1231.0	22.11
375	19.9	1248.0	22.11
376	19.3	577.0	22.11
377	19.5	493.0	22.11
378	19.8	467.0	22.11
379	19.6	485.0	22.11
380	19.4	476.0	22.11
381	18.6	842.0	21.11
382	19.0	536.0	21.11
383	18.1	521.0	21.11
384	17.8	1300.0	20.11
385	16.6	1087.0	19.11
386	15.8	730.0	19.11
387	15.1	703.0	18.11
388	15.1	728.0	18.11
389	12.2	631.0	15.11
390	12.9	701.0	16.11
391	13.4	767.0	17.11
392	13.9	865.0	16.11
393	14.1	491.0	17.11
394	14.5	924.0	17.11
395	14.7	910.0	17.11
396	14.3	906.0	17.11
397	14.1	920.0	17.11
398	14.3	923.0	17.11
399	13.9	896.0	16.11
400	13.4	538.0	16.11
401	13.4	444.0	16.11
402	12.7	431.0	15.11
403	12.2	431.0	15.11
404	12.2	430.0	15.11
405	13.0	888.0	16.11
406	12.0	437.0	15.11
407	11.7	422.0	15.11
408	11.5	964.0	15.11
409	12.0	573.0	15.11
410	11.8	585.0	15.11
411	10.7	605.0	15.11
412	12.1	560.0	15.11
413	12.7	640.0	16.11
414	14.0	721.0	17.11
415	14.4	822.0	17.11
416	14.6	874.0	17.11
417	14.3	422.0	17.11
418	14.1	869.0	16.11
419	14.7	872.0	17.11
420	15.0	738.0	18.11
421	14.9	1289.0	18.11
422	14.7	895.0	17.11
423	14.7	746.0	18.11
424	14.3	752.0	17.11
425	14.1	657.0	17.11
426	13.6	630.0	17.11
427	13.7	611.0	17.11
428	12.2	573.0	15.11
429	11.0	927.0	15.11
430	10.5	545.0	15.11
431	10.5	532.0	15.11
432	10.3	536.0	15.11
433	11.0	545.0	15.11
434	11.2	521.0	15.11
435	10.7	520.0	15.11
436	11.0	504.0	15.11
437	11.7	549.0	15.11
438	12.2	585.0	15.11
439	12.5	603.0	15.11
440	13.8	667.0	17.11
441	15.2	563.0	18.11
442	16.6	700.0	19.11
443	16.2	720.0	19.11
444	16.2	719.0	19.11
445	16.9	734.0	20.11
446	17.1	772.0	20.11
447	17.4	734.0	20.11
448	17.0	715.0	20.11
449	16.6	704.0	19.11
450	16.5	673.0	19.11
451	15.8	667.0	19.11
452	15.9	656.0	19.11
453	14.4	683.0	17.11
454	13.7	592.0	17.11
455	13.4	590.0	16.11
456	13.5	585.0	16.11
457	13.5	591.0	16.11
458	13.3	579.0	16.11
459	12.3	569.0	15.11
460	13.6	574.0	16.11
461	14.2	552.0	17.11
462	12.7	601.0	16.11
463	14.7	643.0	18.11
464	15.2	662.0	18.11
465	15.9	612.0	19.11
466	16.6	689.0	19.11
467	18.0	742.0	21.11
468	17.1	726.0	20.11
469	18.5	754.0	21.11
470	18.8	764.0	22.11
471	19.0	805.0	22.11
472	19.2	827.0	21.11
473	19.0	804.0	22.11
474	19.1	782.0	22.11
475	18.7	769.0	21.11
476	19.1	772.0	22.11
477	18.9	674.0	22.11
478	18.6	784.0	21.11
479	18.4	762.0	21.11
480	18.0	1161.0	21.11
481	18.0	1104.0	20.11
482	17.8	1082.0	20.11
483	17.8	1081.0	20.11
484	17.8	1081.0	20.11
485	17.8	1124.0	20.11
486	18.0	1155.0	21.11
487	18.4	1182.0	21.11
488	18.9	1239.0	21.11
489	19.1	787.0	22.11
490	19.0	1248.0	22.11
491	19.1	1327.0	22.11
492	19.4	1227.0	22.11
493	20.1	1252.0	23.11
494	20.0	1207.0	23.11
495	20.3	1181.0	23.11
496	20.3	1092.0	23.11
497	19.2	786.0	22.11
498	18.4	750.0	21.11
499	18.5	746.0	21.11
500	18.9	767.0	22.11
501	18.4	1232.0	21.11
502	18.2	728.0	21.11
503	17.9	707.0	21.11
504	17.9	1187.0	20.11
505	17.7	1083.0	20.11
506	17.7	1075.0	20.11
507	17.5	1156.0	20.11
508	18.0	804.0	21.11
509	18.0	1136.0	21.11
510	18.2	1183.0	21.11
511	18.4	1185.0	21.11
512	18.6	1202.0	21.11
513	19.0	743.0	22.11
514	19.8	1224.0	22.11
515	19.6	1237.0	22.11
516	20.5	1341.0	23.11
517	20.0	1343.0	23.11
518	20.6	1273.0	23.11
519	20.0	1274.0	23.11
520	20.1	1105.0	23.11
521	20.1	1249.0	23.11
522	19.4	1045.0	22.11
523	18.8	1054.0	21.11
524	18.8	768.0	22.11
525	19.2	1213.0	22.11
526	19.3	785.0	22.11
527	19.3	794.0	22.11
528	18.3	1137.0	21.11
529	18.2	1115.0	21.11
530	18.0	1105.0	20.11
531	18.0	1086.0	20.11
532	17.9	1145.0	20.11
533	18.2	1224.0	21.11
534	19.2	1272.0	22.11
535	19.4	1338.0	22.11
536	19.9	941.0	22.11
537	20.5	763.0	23.11
538	20.8	791.0	23.11
539	20.7	1603.0	23.11
540	21.5	1617.0	24.11
541	21.0	1589.0	24.11
542	21.2	1473.0	24.11
543	19.7	1433.0	22.11
544	20.0	1361.0	23.11
545	20.0	945.0	22.11
546	20.2	944.0	22.11
547	19.9	945.0	22.11
548	19.4	1247.0	22.11
549	19.3	1775.0	22.11
550	19.3	947.0	22.11
551	19.7	654.0	22.11
552	19.7	1701.0	22.11
553	19.5	1307.0	22.11
554	19.5	1284.0	22.11
555	19.5	1278.0	22.11
556	19.1	1281.0	22.11
557	18.9	1257.0	21.11
558	18.7	1540.0	21.11
559	18.8	724.0	22.11
560	19.5	1400.0	22.11
561	20.4	1633.0	23.11
562	20.8	758.0	23.11
563	21.2	1515.0	24.11
564	21.4	1537.0	24.11
565	21.4	1512.0	24.11
566	21.6	1491.0	24.11
567	20.8	1430.0	23.11
568	20.8	1593.0	23.11
569	20.5	946.0	23.11
570	20.4	1331.0	23.11
571	20.4	945.0	23.11
572	20.2	1271.0	23.11
573	20.0	1461.0	23.11
574	20.0	1786.0	22.11
575	20.4	946.0	23.11
576	20.7	1469.0	23.11
577	20.7	1313.0	23.11
578	20.7	1284.0	23.11
579	20.7	1292.0	23.11
580	20.7	1314.0	23.11
581	21.5	1334.0	24.11
582	21.5	1344.0	24.11
583	21.8	1425.0	24.11
584	22.0	1574.0	25.11
585	22.4	1746.0	25.11
586	22.5	803.0	25.11
587	22.4	1566.0	25.11
588	23.2	1586.0	26.11
589	22.9	1593.0	25.11
590	23.5	1556.0	26.11
591	23.2	1456.0	26.11
592	22.5	1368.0	25.11
593	21.7	1229.0	24.11
594	21.4	1624.0	24.11
595	21.1	946.0	23.11
596	21.3	1217.0	24.11
597	21.1	1552.0	24.11
598	20.9	946.0	23.11
599	21.3	947.0	24.11
600	20.7	947.0	23.11
601	20.5	1167.0	23.11
602	20.5	1141.0	23.11
603	20.2	946.0	22.11
604	20.5	947.0	23.11
605	20.7	766.0	23.11
606	21.1	1641.0	24.11
607	22.0	925.0	24.11
608	22.4	946.0	25.11
609	23.2	946.0	26.11
610	23.9	706.0	26.11
611	24.4	1377.0	26.11
612	24.0	1387.0	26.11
613	23.2	1383.0	26.11
614	22.9	1328.0	25.11
615	21.9	1251.0	24.11
616	22.9	1503.0	25.11
617	21.6	946.0	24.11
618	21.7	947.0	24.11
619	22.4	1194.0	25.11
620	22.2	1639.0	25.11
621	21.0	1313.0	24.11
622	20.6	946.0	23.11
623	20.1	946.0	22.11
624	19.9	943.0	22.11
625	20.0	946.0	22.11
626	20.4	946.0	23.11
627	20.2	946.0	22.11
628	20.7	1155.0	23.11
629	21.1	946.0	23.11
630	21.8	948.0	24.11
631	21.7	633.0	24.11
632	22.2	1515.0	25.11
633	22.9	946.0	25.11
634	22.9	660.0	25.11
635	23.0	1541.0	26.11
636	22.6	646.0	25.11
637	22.6	1453.0	25.11
638	22.2	898.0	24.11
639	23.0	909.0	25.11
640	22.9	929.0	25.11
641	21.7	930.0	24.11
642	22.7	924.0	25.11
643	19.3	818.0	21.11
644	20.2	819.0	22.11
645	20.2	1263.0	23.11
646	19.5	810.0	22.11
647	19.3	789.0	22.11
648	19.1	794.0	22.11
649	19.2	932.0	21.11
650	18.7	921.0	21.11
651	18.9	901.0	21.11
652	19.4	876.0	22.11
653	20.2	842.0	22.11
654	20.8	880.0	23.11
655	21.0	940.0	23.11
656	22.4	946.0	25.11
657	23.5	847.0	26.11
658	24.5	946.0	26.11
659	25.0	946.0	26.11
660	24.8	946.0	26.11
661	24.2	933.0	26.11
662	24.2	935.0	26.11
663	23.9	941.0	26.11
664	23.7	939.0	26.11
665	23.7	937.0	26.11
666	23.4	946.0	26.11
667	23.1	940.0	25.11
668	22.7	946.0	25.11
669	22.7	946.0	25.11
670	22.0	946.0	24.11
671	21.5	947.0	24.11
672	21.5	943.0	24.11
673	21.5	945.0	24.11
674	22.2	1590.0	25.11
675	22.9	1522.0	25.11
676	23.7	1656.0	26.11
677	23.7	1748.0	26.11
678	23.8	922.0	26.11
679	24.1	1780.0	26.11
680	24.0	1739.0	26.11
681	23.8	1719.0	26.11
682	23.7	1719.0	26.11
683	23.3	1658.0	26.11
684	23.2	1598.0	26.11
685	22.5	982.0	25.11
686	22.7	646.0	25.11
687	20.2	560.0	23.11
688	20.7	573.0	23.11
689	21.1	551.0	23.11
690	21.3	1789.0	24.11
691	21.6	653.0	24.11
692	21.1	621.0	24.11
693	20.7	1552.0	23.11
694	20.7	1364.0	23.11
695	19.2	1214.0	22.11
696	18.6	1103.0	21.11
697	18.3	1183.0	21.11
698	17.7	1183.0	20.11
699	18.2	1202.0	21.11
700	18.4	1194.0	21.11
701	19.3	1212.0	22.11
702	19.3	585.0	22.11
703	19.0	1284.0	22.11
704	18.7	1276.0	21.11
705	19.6	1331.0	22.11
706	19.8	1309.0	22.11
707	20.2	1298.0	23.11
708	20.3	1212.0	23.11
709	20.2	654.0	23.11
710	19.8	554.0	22.11
711	19.1	543.0	22.11
712	20.5	541.0	23.11
713	19.3	523.0	22.11
714	18.9	1271.0	22.11
715	19.2	578.0	22.11
716	18.6	544.0	21.11
717	18.4	1277.0	21.11
718	18.4	1203.0	21.11
719	17.9	704.0	21.11
720	17.8	927.0	20.11
721	17.1	907.0	19.11
722	16.6	917.0	19.11
723	17.2	927.0	20.11
724	16.8	909.0	19.11
725	17.2	564.0	20.11
726	17.4	1239.0	20.11
727	17.8	557.0	20.11
728	17.7	1259.0	20.11
729	18.2	1275.0	21.11
730	18.0	1291.0	21.11
731	17.7	1265.0	20.11
732	17.3	1600.0	20.11
733	17.1	587.0	20.11
734	16.7	514.0	19.11
735	17.1	500.0	20.11
736	17.7	504.0	20.11
737	17.8	492.0	20.11
738	17.2	1222.0	20.11
739	17.0	529.0	19.11
