Tset	Date	Twet	Load	Hour(s)	TimeStamp(s)
15.11	5/1/2011 0:00	8.9	756.6	0	1304208000
15.11	5/1/2011 1:00	8.9	669.3	3600	1304211600
15.11	5/1/2011 2:00	9.1	698.4	7200	1304215200
15.11	5/1/2011 3:00	7.8	737.2	10800	1304218800
15.11	5/1/2011 4:00	7.8	698.4	14400	1304222400
15.11	5/1/2011 5:00	8	717.8	18000	1304226000
15.11	5/1/2011 6:00	9.4	737.2	21600	1304229600
15.11	5/1/2011 7:00	10.5	737.2	25200	1304233200
15.11	5/1/2011 8:00	11.5	795.4	28800	1304236800
15.11	5/1/2011 9:00	12	465.6	32400	1304240400
15.11	5/1/2011 10:00	11.7	659.6	36000	1304244000
15.11	5/1/2011 11:00	12	746.9	39600	1304247600
16.11	5/1/2011 12:00	12.5	805.1	43200	1304251200
15.11	5/1/2011 13:00	12.7	882.7	46800	1304254800
15.11	5/1/2011 14:00	11.7	979.7	50400	1304258400
15.11	5/1/2011 15:00	12.8	940.9	54000	1304262000
15.11	5/1/2011 16:00	12.3	940.9	57600	1304265600
15.11	5/1/2011 17:00	12.9	931.2	61200	1304269200
15.11	5/1/2011 18:00	12.4	863.3	64800	1304272800
15.11	5/1/2011 19:00	12.1	591.7	68400	1304276400
15.11	5/1/2011 20:00	12.1	485	72000	1304280000
15.11	5/1/2011 21:00	12.1	533.5	75600	1304283600
15.11	5/1/2011 22:00	12.4	533.5	79200	1304287200
15.11	5/1/2011 23:00	12.1	543.2	82800	1304290800
15.11	5/2/2011 0:00	11.6	543.2	0	1304294400
15.11	5/2/2011 1:00	11.3	475.3	3600	1304298000
15.11	5/2/2011 2:00	11.3	582	7200	1304301600
15.11	5/2/2011 3:00	11.3	582	10800	1304305200
15.11	5/2/2011 4:00	11.3	601.4	14400	1304308800
15.11	5/2/2011 5:00	11.3	523.8	18000	1304312400
15.11	5/2/2011 6:00	11.8	523.8	21600	1304316000
15.11	5/2/2011 7:00	12.3	611.1	25200	1304319600
16.11	5/2/2011 8:00	13.6	582	28800	1304323200
18.11	5/2/2011 9:00	14.7	746.9	32400	1304326800
18.11	5/2/2011 10:00	15.9	931.2	36000	1304330400
19.11	5/2/2011 11:00	17.1	989.4	39600	1304334000
21.11	5/2/2011 12:00	18.2	999.1	43200	1304337600
20.11	5/2/2011 13:00	18.3	58.2	46800	1304341200
21.11	5/2/2011 14:00	18.5	1503.5	50400	1304344800
21.11	5/2/2011 15:00	18.3	1270.7	54000	1304348400
21.11	5/2/2011 16:00	18.1	1328.9	57600	1304352000
20.11	5/2/2011 17:00	17.3	1338.6	61200	1304355600
16.11	5/2/2011 18:00	16.9	1328.9	64800	1304359200
20.11	5/2/2011 19:00	17	1270.7	68400	1304362800
16.11	5/2/2011 20:00	16.8	737.2	72000	1304366400
18.11	5/2/2011 21:00	16.3	58.2	75600	1304370000
18.11	5/2/2011 22:00	16.1	58.2	79200	1304373600
18.11	5/2/2011 23:00	16.2	58.2	82800	1304377200
18.11	5/3/2011 0:00	16.2	58.2	0	1304380800
15.11	5/3/2011 1:00	15.4	746.9	3600	1304384400
17.11	5/3/2011 2:00	14.6	824.5	7200	1304388000
17.11	5/3/2011 3:00	14.6	892.4	10800	1304391600
17.11	5/3/2011 4:00	14.1	911.8	14400	1304395200
17.11	5/3/2011 5:00	14.1	931.2	18000	1304398800
19.11	5/3/2011 6:00	16.4	911.8	21600	1304402400
20.11	5/3/2011 7:00	17.4	873	25200	1304406000
21.11	5/3/2011 8:00	18.5	892.4	28800	1304409600
22.11	5/3/2011 9:00	19.1	552.9	32400	1304413200
22.11	5/3/2011 10:00	20	1008.8	36000	1304416800
23.11	5/3/2011 11:00	20.6	1319.2	39600	1304420400
23.11	5/3/2011 12:00	20.4	1008.8	43200	1304424000
23.11	5/3/2011 13:00	20.1	1290.1	46800	1304427600
23.11	5/3/2011 14:00	19.8	1503.5	50400	1304431200
23.11	5/3/2011 15:00	20.1	1309.5	54000	1304434800
22.11	5/3/2011 16:00	19.9	1668.4	57600	1304438400
21.11	5/3/2011 17:00	19.3	58.2	61200	1304442000
21.11	5/3/2011 18:00	19	58.2	64800	1304445600
21.11	5/3/2011 19:00	19.1	58.2	68400	1304449200
20.11	5/3/2011 20:00	17.2	591.7	72000	1304452800
18.11	5/3/2011 21:00	15.8	58.2	75600	1304456400
17.11	5/3/2011 22:00	15.3	58.2	79200	1304460000
17.11	5/3/2011 23:00	15.2	407.4	82800	1304463600
17.11	5/4/2011 0:00	15.1	407.4	0	1304467200
18.11	5/4/2011 1:00	14.9	572.3	3600	1304470800
15.11	5/4/2011 2:00	11.3	863.3	7200	1304474400
15.11	5/4/2011 3:00	10.2	950.6	10800	1304478000
15.11	5/4/2011 4:00	9.1	882.7	14400	1304481600
15.11	5/4/2011 5:00	8	882.7	18000	1304485200
15.11	5/4/2011 6:00	8	931.2	21600	1304488800
15.11	5/4/2011 7:00	8	970	25200	1304492400
15.11	5/4/2011 8:00	8.3	989.4	28800	1304496000
15.11	5/4/2011 9:00	8	58.2	32400	1304499600
15.11	5/4/2011 10:00	7.8	58.2	36000	1304503200
15.11	5/4/2011 11:00	9.4	58.2	39600	1304506800
15.11	5/4/2011 12:00	9.9	58.2	43200	1304510400
15.11	5/4/2011 13:00	9.2	58.2	46800	1304514000
15.11	5/4/2011 14:00	9.2	58.2	50400	1304517600
15.11	5/4/2011 15:00	9.6	58.2	54000	1304521200
15.11	5/4/2011 16:00	9.6	58.2	57600	1304524800
15.11	5/4/2011 17:00	8.8	58.2	61200	1304528400
15.11	5/4/2011 18:00	7.7	58.2	64800	1304532000
15.11	5/4/2011 19:00	7.2	58.2	68400	1304535600
15.11	5/4/2011 20:00	6.3	58.2	72000	1304539200
15.11	5/4/2011 21:00	6.5	58.2	75600	1304542800
15.11	5/4/2011 22:00	6.1	58.2	79200	1304546400
15.11	5/4/2011 23:00	6.1	58.2	82800	1304550000
15.11	5/5/2011 0:00	5.8	58.2	0	1304553600
15.11	5/5/2011 1:00	5.8	58.2	3600	1304557200
15.11	5/5/2011 2:00	5.8	58.2	7200	1304560800
15.11	5/5/2011 3:00	4.9	58.2	10800	1304564400
15.11	5/5/2011 4:00	4.7	58.2	14400	1304568000
15.11	5/5/2011 5:00	5.5	58.2	18000	1304571600
15.11	5/5/2011 6:00	6.7	58.2	21600	1304575200
15.11	5/5/2011 7:00	7.6	58.2	25200	1304578800
15.11	5/5/2011 8:00	8.9	58.2	28800	1304582400
15.11	5/5/2011 9:00	9.1	494.7	32400	1304586000
15.11	5/5/2011 10:00	9.4	1008.8	36000	1304589600
15.11	5/5/2011 11:00	9.3	795.4	39600	1304593200
15.11	5/5/2011 12:00	9.9	756.6	43200	1304596800
15.11	5/5/2011 13:00	9.7	766.3	46800	1304600400
15.11	5/5/2011 14:00	10	727.5	50400	1304604000
15.11	5/5/2011 15:00	10	1542.3	54000	1304607600
15.11	5/5/2011 16:00	10	1503.5	57600	1304611200
15.11	5/5/2011 17:00	9.7	1464.7	61200	1304614800
15.11	5/5/2011 18:00	8.6	989.4	64800	1304618400
15.11	5/5/2011 19:00	8.5	766.3	68400	1304622000
15.11	5/5/2011 20:00	8	523.8	72000	1304625600
15.11	5/5/2011 21:00	7.4	669.3	75600	1304629200
15.11	5/5/2011 22:00	6.6	640.2	79200	1304632800
15.11	5/5/2011 23:00	6	640.2	82800	1304636400
15.11	5/6/2011 0:00	5.7	640.2	0	1304640000
15.11	5/6/2011 1:00	5.7	523.8	3600	1304643600
15.11	5/6/2011 2:00	5.1	785.7	7200	1304647200
15.11	5/6/2011 3:00	4.2	853.6	10800	1304650800
15.11	5/6/2011 4:00	4.2	824.5	14400	1304654400
15.11	5/6/2011 5:00	5.3	853.6	18000	1304658000
15.11	5/6/2011 6:00	8.9	979.7	21600	1304661600
15.11	5/6/2011 7:00	9.8	58.2	25200	1304665200
15.11	5/6/2011 8:00	10.6	1338.6	28800	1304668800
15.11	5/6/2011 9:00	11.1	1008.8	32400	1304672400
15.11	5/6/2011 10:00	11.8	1096.1	36000	1304676000
15.11	5/6/2011 11:00	12.2	873	39600	1304679600
16.11	5/6/2011 12:00	12.5	679	43200	1304683200
16.11	5/6/2011 13:00	13.3	737.2	46800	1304686800
16.11	5/6/2011 14:00	12.5	746.9	50400	1304690400
16.11	5/6/2011 15:00	12.7	756.6	54000	1304694000
16.11	5/6/2011 16:00	12.9	756.6	57600	1304697600
15.11	5/6/2011 17:00	12	727.5	61200	1304701200
15.11	5/6/2011 18:00	11.7	727.5	64800	1304704800
15.11	5/6/2011 19:00	11.3	659.6	68400	1304708400
15.11	5/6/2011 20:00	11.6	970	72000	1304712000
15.11	5/6/2011 21:00	11.3	649.9	75600	1304715600
15.11	5/6/2011 22:00	10.8	649.9	79200	1304719200
15.11	5/6/2011 23:00	10.2	630.5	82800	1304722800
15.11	5/7/2011 0:00	9.1	620.8	0	1304726400
15.11	5/7/2011 1:00	8.3	940.9	3600	1304730000
15.11	5/7/2011 2:00	9.1	960.3	7200	1304733600
15.11	5/7/2011 3:00	9.1	882.7	10800	1304737200
15.11	5/7/2011 4:00	8.3	814.8	14400	1304740800
15.11	5/7/2011 5:00	8.6	756.6	18000	1304744400
15.11	5/7/2011 6:00	11.5	708.1	21600	1304748000
15.11	5/7/2011 7:00	11.7	679	25200	1304751600
16.11	5/7/2011 8:00	12.7	737.2	28800	1304755200
15.11	5/7/2011 9:00	12.7	407.4	32400	1304758800
15.11	5/7/2011 10:00	13.4	58.2	36000	1304762400
15.11	5/7/2011 11:00	13.6	58.2	39600	1304766000
15.11	5/7/2011 12:00	13.6	58.2	43200	1304769600
15.11	5/7/2011 13:00	12.4	58.2	46800	1304773200
15.11	5/7/2011 14:00	13.6	58.2	50400	1304776800
15.11	5/7/2011 15:00	12.9	58.2	54000	1304780400
15.11	5/7/2011 16:00	12.7	58.2	57600	1304784000
15.11	5/7/2011 17:00	12.4	58.2	61200	1304787600
15.11	5/7/2011 18:00	12.2	58.2	64800	1304791200
15.11	5/7/2011 19:00	11.7	58.2	68400	1304794800
15.11	5/7/2011 20:00	11	417.1	72000	1304798400
15.11	5/7/2011 21:00	9.9	58.2	75600	1304802000
15.11	5/7/2011 22:00	9.7	58.2	79200	1304805600
15.11	5/7/2011 23:00	9.9	58.2	82800	1304809200
15.11	5/8/2011 0:00	9.7	58.2	0	1304812800
15.11	5/8/2011 1:00	8.8	417.1	3600	1304816400
15.11	5/8/2011 2:00	7.7	58.2	7200	1304820000
15.11	5/8/2011 3:00	8.6	58.2	10800	1304823600
15.11	5/8/2011 4:00	7.7	58.2	14400	1304827200
15.11	5/8/2011 5:00	8.8	58.2	18000	1304830800
15.11	5/8/2011 6:00	10.5	58.2	21600	1304834400
15.11	5/8/2011 7:00	11.5	58.2	25200	1304838000
15.11	5/8/2011 8:00	13.5	58.2	28800	1304841600
16.11	5/8/2011 9:00	13.6	611.1	32400	1304845200
17.11	5/8/2011 10:00	14.1	979.7	36000	1304848800
16.11	5/8/2011 11:00	13.6	824.5	39600	1304852400
17.11	5/8/2011 12:00	14.5	669.3	43200	1304856000
17.11	5/8/2011 13:00	13.8	805.1	46800	1304859600
18.11	5/8/2011 14:00	14.9	805.1	50400	1304863200
17.11	5/8/2011 15:00	14.1	756.6	54000	1304866800
17.11	5/8/2011 16:00	14.1	766.3	57600	1304870400
17.11	5/8/2011 17:00	14	746.9	61200	1304874000
16.11	5/8/2011 18:00	12.7	698.4	64800	1304877600
15.11	5/8/2011 19:00	12.2	688.7	68400	1304881200
15.11	5/8/2011 20:00	11.7	611.1	72000	1304884800
15.11	5/8/2011 21:00	10.7	630.5	75600	1304888400
15.11	5/8/2011 22:00	10.7	620.8	79200	1304892000
15.11	5/8/2011 23:00	10.2	931.2	82800	1304895600
15.11	5/9/2011 0:00	9.9	552.9	0	1304899200
15.11	5/9/2011 1:00	10.2	611.1	3600	1304902800
15.11	5/9/2011 2:00	9.7	601.4	7200	1304906400
15.11	5/9/2011 3:00	9.7	58.2	10800	1304910000
15.11	5/9/2011 4:00	9.4	58.2	14400	1304913600
15.11	5/9/2011 5:00	9.7	58.2	18000	1304917200
15.11	5/9/2011 6:00	11.2	58.2	21600	1304920800
15.11	5/9/2011 7:00	11.9	58.2	25200	1304924400
15.11	5/9/2011 8:00	12.7	58.2	28800	1304928000
15.11	5/9/2011 9:00	13.1	58.2	32400	1304931600
15.11	5/9/2011 10:00	13.6	58.2	36000	1304935200
16.11	5/9/2011 11:00	14.3	58.2	39600	1304938800
16.11	5/9/2011 12:00	14.5	58.2	43200	1304942400
15.11	5/9/2011 13:00	13.6	58.2	46800	1304946000
15.11	5/9/2011 14:00	13.6	58.2	50400	1304949600
15.11	5/9/2011 15:00	13.6	58.2	54000	1304953200
15.11	5/9/2011 16:00	13.1	58.2	57600	1304956800
15.11	5/9/2011 17:00	12.5	58.2	61200	1304960400
15.11	5/9/2011 18:00	12.2	58.2	64800	1304964000
15.11	5/9/2011 19:00	10.8	58.2	68400	1304967600
15.11	5/9/2011 20:00	10.5	58.2	72000	1304971200
15.11	5/9/2011 21:00	9.7	58.2	75600	1304974800
15.11	5/9/2011 22:00	9.1	58.2	79200	1304978400
15.11	5/9/2011 23:00	8.9	58.2	82800	1304982000
15.11	5/10/2011 0:00	8.1	58.2	0	1304985600
15.11	5/10/2011 1:00	7.9	58.2	3600	1304989200
15.11	5/10/2011 2:00	6.8	58.2	7200	1304992800
15.11	5/10/2011 3:00	6.8	58.2	10800	1304996400
15.11	5/10/2011 4:00	7	58.2	14400	1305000000
15.11	5/10/2011 5:00	8.4	58.2	18000	1305003600
15.11	5/10/2011 6:00	9.7	58.2	21600	1305007200
15.11	5/10/2011 7:00	10.8	58.2	25200	1305010800
15.11	5/10/2011 8:00	11.5	58.2	28800	1305014400
15.11	5/10/2011 9:00	11.5	620.8	32400	1305018000
15.11	5/10/2011 10:00	11.8	620.8	36000	1305021600
16.11	5/10/2011 11:00	12.7	601.4	39600	1305025200
16.11	5/10/2011 12:00	13.2	824.5	43200	1305028800
15.11	5/10/2011 13:00	12.2	601.4	46800	1305032400
16.11	5/10/2011 14:00	13.2	640.2	50400	1305036000
16.11	5/10/2011 15:00	12.9	649.9	54000	1305039600
17.11	5/10/2011 16:00	13.5	659.6	57600	1305043200
17.11	5/10/2011 17:00	13.6	640.2	61200	1305046800
16.11	5/10/2011 18:00	12.7	640.2	64800	1305050400
15.11	5/10/2011 19:00	11.9	630.5	68400	1305054000
15.11	5/10/2011 20:00	11.7	620.8	72000	1305057600
15.11	5/10/2011 21:00	11	620.8	75600	1305061200
15.11	5/10/2011 22:00	11	611.1	79200	1305064800
15.11	5/10/2011 23:00	11.2	601.4	82800	1305068400
15.11	5/11/2011 0:00	11.7	591.7	0	1305072000
15.11	5/11/2011 1:00	12.3	620.8	3600	1305075600
15.11	5/11/2011 2:00	12	611.1	7200	1305079200
15.11	5/11/2011 3:00	11.5	611.1	10800	1305082800
15.11	5/11/2011 4:00	10.7	611.1	14400	1305086400
15.11	5/11/2011 5:00	11.5	601.4	18000	1305090000
15.11	5/11/2011 6:00	11.8	601.4	21600	1305093600
15.11	5/11/2011 7:00	12.3	591.7	25200	1305097200
16.11	5/11/2011 8:00	12.7	620.8	28800	1305100800
16.11	5/11/2011 9:00	13.7	58.2	32400	1305104400
17.11	5/11/2011 10:00	13.7	620.8	36000	1305108000
17.11	5/11/2011 11:00	14.7	824.5	39600	1305111600
17.11	5/11/2011 12:00	14.9	921.5	43200	1305115200
18.11	5/11/2011 13:00	15.5	979.7	46800	1305118800
17.11	5/11/2011 14:00	14.8	58.2	50400	1305122400
18.11	5/11/2011 15:00	15	1164	54000	1305126000
18.11	5/11/2011 16:00	15	1105.8	57600	1305129600
17.11	5/11/2011 17:00	14.1	1076.7	61200	1305133200
17.11	5/11/2011 18:00	13.9	1018.5	64800	1305136800
16.11	5/11/2011 19:00	13.3	533.5	68400	1305140400
15.11	5/11/2011 20:00	13.3	58.2	72000	1305144000
16.11	5/11/2011 21:00	13.7	58.2	75600	1305147600
16.11	5/11/2011 22:00	13.7	58.2	79200	1305151200
15.11	5/11/2011 23:00	13.1	58.2	82800	1305154800
15.11	5/12/2011 0:00	12.6	58.2	0	1305158400
15.11	5/12/2011 1:00	11.8	58.2	3600	1305162000
15.11	5/12/2011 2:00	11	58.2	7200	1305165600
15.11	5/12/2011 3:00	10.5	58.2	10800	1305169200
15.11	5/12/2011 4:00	9.9	58.2	14400	1305172800
15.11	5/12/2011 5:00	10.5	58.2	18000	1305176400
15.11	5/12/2011 6:00	13.2	58.2	21600	1305180000
15.11	5/12/2011 7:00	13.3	58.2	25200	1305183600
16.11	5/12/2011 8:00	13.8	58.2	28800	1305187200
17.11	5/12/2011 9:00	14.5	591.7	32400	1305190800
17.11	5/12/2011 10:00	15.4	58.2	36000	1305194400
19.11	5/12/2011 11:00	16.3	446.2	39600	1305198000
19.11	5/12/2011 12:00	17	843.9	43200	1305201600
20.11	5/12/2011 13:00	17	620.8	46800	1305205200
20.11	5/12/2011 14:00	17.4	679	50400	1305208800
20.11	5/12/2011 15:00	17.6	679	54000	1305212400
21.11	5/12/2011 16:00	18.1	688.7	57600	1305216000
20.11	5/12/2011 17:00	17.4	669.3	61200	1305219600
19.11	5/12/2011 18:00	16.6	679	64800	1305223200
15.11	5/12/2011 19:00	15.6	669.3	68400	1305226800
17.11	5/12/2011 20:00	15.2	58.2	72000	1305230400
17.11	5/12/2011 21:00	14.4	640.2	75600	1305234000
18.11	5/12/2011 22:00	14.8	640.2	79200	1305237600
18.11	5/12/2011 23:00	15.3	620.8	82800	1305241200
18.11	5/13/2011 0:00	15.3	630.5	0	1305244800
17.11	5/13/2011 1:00	15.6	58.2	3600	1305248400
17.11	5/13/2011 2:00	14.8	58.2	7200	1305252000
16.11	5/13/2011 3:00	14.2	58.2	10800	1305255600
15.11	5/13/2011 4:00	13.5	58.2	14400	1305259200
15.11	5/13/2011 5:00	13.5	58.2	18000	1305262800
15.11	5/13/2011 6:00	13.4	58.2	21600	1305266400
15.11	5/13/2011 7:00	13.4	58.2	25200	1305270000
15.11	5/13/2011 8:00	13.6	58.2	28800	1305273600
16.11	5/13/2011 9:00	14.5	58.2	32400	1305277200
17.11	5/13/2011 10:00	14.7	514.1	36000	1305280800
18.11	5/13/2011 11:00	15.2	582	39600	1305284400
18.11	5/13/2011 12:00	15.5	630.5	43200	1305288000
19.11	5/13/2011 13:00	16	1387.1	46800	1305291600
19.11	5/13/2011 14:00	16.4	1270.7	50400	1305295200
19.11	5/13/2011 15:00	16	1222.2	54000	1305298800
15.11	5/13/2011 16:00	15.7	1251.3	57600	1305302400
18.11	5/13/2011 17:00	15.2	1222.2	61200	1305306000
18.11	5/13/2011 18:00	15.2	1125.2	64800	1305309600
17.11	5/13/2011 19:00	15	902.1	68400	1305313200
17.11	5/13/2011 20:00	14.7	58.2	72000	1305316800
17.11	5/13/2011 21:00	14.7	552.9	75600	1305320400
17.11	5/13/2011 22:00	14.7	523.8	79200	1305324000
17.11	5/13/2011 23:00	14.7	523.8	82800	1305327600
17.11	5/14/2011 0:00	14.7	504.4	0	1305331200
16.11	5/14/2011 1:00	14.5	58.2	3600	1305334800
16.11	5/14/2011 2:00	14.5	58.2	7200	1305338400
16.11	5/14/2011 3:00	14.5	58.2	10800	1305342000
16.11	5/14/2011 4:00	14.2	58.2	14400	1305345600
16.11	5/14/2011 5:00	14.3	58.2	18000	1305349200
16.11	5/14/2011 6:00	14.3	358.9	21600	1305352800
17.11	5/14/2011 7:00	14.9	824.5	25200	1305356400
18.11	5/14/2011 8:00	15.2	494.7	28800	1305360000
18.11	5/14/2011 9:00	15.7	620.8	32400	1305363600
15.11	5/14/2011 10:00	15.6	766.3	36000	1305367200
18.11	5/14/2011 11:00	15.6	921.5	39600	1305370800
15.11	5/14/2011 12:00	15.9	737.2	43200	1305374400
15.11	5/14/2011 13:00	15.9	776	46800	1305378000
19.11	5/14/2011 14:00	16.4	834.2	50400	1305381600
19.11	5/14/2011 15:00	16.4	834.2	54000	1305385200
19.11	5/14/2011 16:00	16.4	931.2	57600	1305388800
19.11	5/14/2011 17:00	16.5	921.5	61200	1305392400
19.11	5/14/2011 18:00	16.8	824.5	64800	1305396000
16.11	5/14/2011 19:00	16.8	737.2	68400	1305399600
19.11	5/14/2011 20:00	16.8	620.8	72000	1305403200
16.11	5/14/2011 21:00	16.8	727.5	75600	1305406800
19.11	5/14/2011 22:00	16.6	688.7	79200	1305410400
19.11	5/14/2011 23:00	16.3	669.3	82800	1305414000
16.11	5/15/2011 0:00	16.8	669.3	0	1305417600
20.11	5/15/2011 1:00	17.2	620.8	3600	1305421200
20.11	5/15/2011 2:00	17.4	659.6	7200	1305424800
20.11	5/15/2011 3:00	17.4	679	10800	1305428400
20.11	5/15/2011 4:00	17.2	649.9	14400	1305432000
20.11	5/15/2011 5:00	17.4	649.9	18000	1305435600
20.11	5/15/2011 6:00	17.4	669.3	21600	1305439200
20.11	5/15/2011 7:00	17.6	669.3	25200	1305442800
21.11	5/15/2011 8:00	18.2	649.9	28800	1305446400
21.11	5/15/2011 9:00	18.8	504.4	32400	1305450000
22.11	5/15/2011 10:00	19.2	1115.5	36000	1305453600
22.11	5/15/2011 11:00	19.1	1164	39600	1305457200
21.11	5/15/2011 12:00	18.8	1241.6	43200	1305460800
22.11	5/15/2011 13:00	19.5	1319.2	46800	1305464400
22.11	5/15/2011 14:00	19	1377.4	50400	1305468000
22.11	5/15/2011 15:00	19.7	1387.1	54000	1305471600
22.11	5/15/2011 16:00	19.4	1309.5	57600	1305475200
21.11	5/15/2011 17:00	18.8	1290.1	61200	1305478800
16.11	5/15/2011 18:00	16.9	1193.1	64800	1305482400
19.11	5/15/2011 19:00	17.1	921.5	68400	1305486000
19.11	5/15/2011 20:00	16.5	533.5	72000	1305489600
19.11	5/15/2011 21:00	16.8	552.9	75600	1305493200
19.11	5/15/2011 22:00	16.3	562.6	79200	1305496800
19.11	5/15/2011 23:00	16.3	562.6	82800	1305500400
18.11	5/16/2011 0:00	15.5	562.6	0	1305504000
18.11	5/16/2011 1:00	15	523.8	3600	1305507600
18.11	5/16/2011 2:00	15.2	1299.8	7200	1305511200
18.11	5/16/2011 3:00	15	1047.6	10800	1305514800
18.11	5/16/2011 4:00	15.2	1018.5	14400	1305518400
18.11	5/16/2011 5:00	15.7	989.4	18000	1305522000
19.11	5/16/2011 6:00	16.5	1008.8	21600	1305525600
19.11	5/16/2011 7:00	16.7	1037.9	25200	1305529200
21.11	5/16/2011 8:00	18.1	1047.6	28800	1305532800
21.11	5/16/2011 9:00	18	640.2	32400	1305536400
21.11	5/16/2011 10:00	18.4	591.7	36000	1305540000
21.11	5/16/2011 11:00	18.6	708.1	39600	1305543600
21.11	5/16/2011 12:00	18.4	756.6	43200	1305547200
22.11	5/16/2011 13:00	19	795.4	46800	1305550800
21.11	5/16/2011 14:00	18.5	805.1	50400	1305554400
20.11	5/16/2011 15:00	18.2	834.2	54000	1305558000
20.11	5/16/2011 16:00	18.1	834.2	57600	1305561600
21.11	5/16/2011 17:00	19	834.2	61200	1305565200
21.11	5/16/2011 18:00	18.2	766.3	64800	1305568800
20.11	5/16/2011 19:00	17.7	679	68400	1305572400
21.11	5/16/2011 20:00	18.4	630.5	72000	1305576000
21.11	5/16/2011 21:00	18.4	620.8	75600	1305579600
21.11	5/16/2011 22:00	18	611.1	79200	1305583200
21.11	5/16/2011 23:00	18	601.4	82800	1305586800
21.11	5/17/2011 0:00	18.2	601.4	0	1305590400
20.11	5/17/2011 1:00	17.6	620.8	3600	1305594000
20.11	5/17/2011 2:00	17.1	640.2	7200	1305597600
16.11	5/17/2011 3:00	16.7	698.4	10800	1305601200
20.11	5/17/2011 4:00	17.1	669.3	14400	1305604800
16.11	5/17/2011 5:00	16.7	669.3	18000	1305608400
19.11	5/17/2011 6:00	16.7	649.9	21600	1305612000
20.11	5/17/2011 7:00	17.3	649.9	25200	1305615600
19.11	5/17/2011 8:00	16.9	873	28800	1305619200
20.11	5/17/2011 9:00	17.8	562.6	32400	1305622800
20.11	5/17/2011 10:00	17.3	1115.5	36000	1305626400
20.11	5/17/2011 11:00	17.9	1144.6	39600	1305630000
21.11	5/17/2011 12:00	18.3	1144.6	43200	1305633600
21.11	5/17/2011 13:00	18.5	1173.7	46800	1305637200
21.11	5/17/2011 14:00	18.5	1212.5	50400	1305640800
21.11	5/17/2011 15:00	18.1	1280.4	54000	1305644400
21.11	5/17/2011 16:00	18.2	1299.8	57600	1305648000
21.11	5/17/2011 17:00	18.2	1251.3	61200	1305651600
20.11	5/17/2011 18:00	17.7	1202.8	64800	1305655200
20.11	5/17/2011 19:00	17.5	921.5	68400	1305658800
16.11	5/17/2011 20:00	16.9	591.7	72000	1305662400
19.11	5/17/2011 21:00	16.9	504.4	75600	1305666000
19.11	5/17/2011 22:00	16.7	504.4	79200	1305669600
19.11	5/17/2011 23:00	16.4	494.7	82800	1305673200
19.11	5/18/2011 0:00	16.4	494.7	0	1305676800
19.11	5/18/2011 1:00	16.4	572.3	3600	1305680400
19.11	5/18/2011 2:00	16.2	1280.4	7200	1305684000
19.11	5/18/2011 3:00	16.2	1125.2	10800	1305687600
19.11	5/18/2011 4:00	16.5	1037.9	14400	1305691200
19.11	5/18/2011 5:00	16.7	1028.2	18000	1305694800
19.11	5/18/2011 6:00	16.9	1028.2	21600	1305698400
20.11	5/18/2011 7:00	17.2	1037.9	25200	1305702000
20.11	5/18/2011 8:00	17.5	1096.1	28800	1305705600
20.11	5/18/2011 9:00	17.3	601.4	32400	1305709200
20.11	5/18/2011 10:00	17.3	659.6	36000	1305712800
20.11	5/18/2011 11:00	17.3	766.3	39600	1305716400
20.11	5/18/2011 12:00	17.5	795.4	43200	1305720000
20.11	5/18/2011 13:00	17	785.7	46800	1305723600
20.11	5/18/2011 14:00	17.9	843.9	50400	1305727200
20.11	5/18/2011 15:00	18.3	834.2	54000	1305730800
21.11	5/18/2011 16:00	18.5	863.3	57600	1305734400
20.11	5/18/2011 17:00	18	834.2	61200	1305738000
20.11	5/18/2011 18:00	17.6	814.8	64800	1305741600
17.11	5/18/2011 19:00	17.7	737.2	68400	1305745200
20.11	5/18/2011 20:00	17.3	591.7	72000	1305748800
20.11	5/18/2011 21:00	17.3	698.4	75600	1305752400
20.11	5/18/2011 22:00	17.1	688.7	79200	1305756000
16.11	5/18/2011 23:00	16.8	669.3	82800	1305759600
20.11	5/19/2011 0:00	17.1	679	0	1305763200
19.11	5/19/2011 1:00	16.8	601.4	3600	1305766800
19.11	5/19/2011 2:00	16.3	630.5	7200	1305770400
19.11	5/19/2011 3:00	16.5	649.9	10800	1305774000
19.11	5/19/2011 4:00	16.3	630.5	14400	1305777600
19.11	5/19/2011 5:00	16.3	630.5	18000	1305781200
16.11	5/19/2011 6:00	16.8	640.2	21600	1305784800
20.11	5/19/2011 7:00	17.1	582	25200	1305788400
20.11	5/19/2011 8:00	17.5	863.3	28800	1305792000
19.11	5/19/2011 9:00	17.1	494.7	32400	1305795600
20.11	5/19/2011 10:00	17	1144.6	36000	1305799200
19.11	5/19/2011 11:00	16.6	1154.3	39600	1305802800
20.11	5/19/2011 12:00	17	1202.8	43200	1305806400
19.11	5/19/2011 13:00	16.8	1222.2	46800	1305810000
18.11	5/19/2011 14:00	15.5	1183.4	50400	1305813600
19.11	5/19/2011 15:00	16.8	1202.8	54000	1305817200
19.11	5/19/2011 16:00	16.7	1202.8	57600	1305820800
19.11	5/19/2011 17:00	16.1	1134.9	61200	1305824400
18.11	5/19/2011 18:00	15.2	1115.5	64800	1305828000
17.11	5/19/2011 19:00	14.5	882.7	68400	1305831600
17.11	5/19/2011 20:00	14.2	523.8	72000	1305835200
17.11	5/19/2011 21:00	14.1	533.5	75600	1305838800
16.11	5/19/2011 22:00	13.2	533.5	79200	1305842400
16.11	5/19/2011 23:00	13	533.5	82800	1305846000
15.11	5/20/2011 0:00	12.4	523.8	0	1305849600
15.11	5/20/2011 1:00	11.9	523.8	3600	1305853200
15.11	5/20/2011 2:00	10.5	1076.7	7200	1305856800
15.11	5/20/2011 3:00	11.1	1067	10800	1305860400
15.11	5/20/2011 4:00	11.3	1037.9	14400	1305864000
15.11	5/20/2011 5:00	12.7	1028.2	18000	1305867600
16.11	5/20/2011 6:00	13.7	1037.9	21600	1305871200
17.11	5/20/2011 7:00	13.9	1067	25200	1305874800
17.11	5/20/2011 8:00	14.6	1105.8	28800	1305878400
18.11	5/20/2011 9:00	15.2	669.3	32400	1305882000
17.11	5/20/2011 10:00	14.9	853.6	36000	1305885600
18.11	5/20/2011 11:00	15.5	892.4	39600	1305889200
18.11	5/20/2011 12:00	15.5	921.5	43200	1305892800
19.11	5/20/2011 13:00	16.2	911.8	46800	1305896400
19.11	5/20/2011 14:00	16.9	921.5	50400	1305900000
19.11	5/20/2011 15:00	16.2	940.9	54000	1305903600
18.11	5/20/2011 16:00	15.9	979.7	57600	1305907200
18.11	5/20/2011 17:00	15.9	999.1	61200	1305910800
18.11	5/20/2011 18:00	15.5	950.6	64800	1305914400
18.11	5/20/2011 19:00	14.9	679	68400	1305918000
18.11	5/20/2011 20:00	14.6	659.6	72000	1305921600
17.11	5/20/2011 21:00	14.4	630.5	75600	1305925200
17.11	5/20/2011 22:00	14.2	620.8	79200	1305928800
17.11	5/20/2011 23:00	13.9	601.4	82800	1305932400
16.11	5/21/2011 0:00	13.4	601.4	0	1305936000
16.11	5/21/2011 1:00	13.2	659.6	3600	1305939600
17.11	5/21/2011 2:00	13.6	679	7200	1305943200
15.11	5/21/2011 3:00	11.3	766.3	10800	1305946800
15.11	5/21/2011 4:00	11.6	737.2	14400	1305950400
16.11	5/21/2011 5:00	13.2	746.9	18000	1305954000
18.11	5/21/2011 6:00	14.9	756.6	21600	1305957600
19.11	5/21/2011 7:00	16.1	785.7	25200	1305961200
19.11	5/21/2011 8:00	16.7	814.8	28800	1305964800
20.11	5/21/2011 9:00	17.7	504.4	32400	1305968400
20.11	5/21/2011 10:00	18.3	58.2	36000	1305972000
21.11	5/21/2011 12:00	18.9	523.8	43200	1305979200
21.11	5/21/2011 13:00	19.1	504.4	46800	1305982800
18.11	5/21/2011 14:00	18.9	795.4	50400	1305986400
20.11	5/21/2011 15:00	18.2	58.2	54000	1305990000
21.11	5/21/2011 16:00	18.7	523.8	57600	1305993600
21.11	5/21/2011 17:00	18	708.1	61200	1305997200
20.11	5/21/2011 18:00	18.7	58.2	64800	1306000800
20.11	5/21/2011 19:00	18.4	58.2	68400	1306004400
20.11	5/21/2011 20:00	17.1	514.1	72000	1306008000
20.11	5/21/2011 21:00	17.3	543.2	75600	1306011600
19.11	5/21/2011 22:00	17.1	378.3	79200	1306015200
18.11	5/21/2011 23:00	16.2	58.2	82800	1306018800
19.11	5/22/2011 0:00	16.2	504.4	0	1306022400
18.11	5/22/2011 1:00	15.4	504.4	3600	1306026000
18.11	5/22/2011 2:00	15.3	533.5	7200	1306029600
18.11	5/22/2011 3:00	15.1	504.4	10800	1306033200
17.11	5/22/2011 4:00	14.9	504.4	14400	1306036800
19.11	5/22/2011 5:00	16.7	494.7	18000	1306040400
21.11	5/22/2011 6:00	18.6	494.7	21600	1306044000
22.11	5/22/2011 7:00	19.5	737.2	25200	1306047600
22.11	5/22/2011 8:00	19.6	397.7	28800	1306051200
21.11	5/22/2011 9:00	19.6	58.2	32400	1306054800
22.11	5/22/2011 10:00	20.1	58.2	36000	1306058400
22.11	5/22/2011 11:00	20.3	58.2	39600	1306062000
22.11	5/22/2011 12:00	19.9	58.2	43200	1306065600
22.11	5/22/2011 13:00	19.4	475.3	46800	1306069200
22.11	5/22/2011 14:00	19.4	475.3	50400	1306072800
22.11	5/22/2011 15:00	19.4	611.1	54000	1306076400
22.11	5/22/2011 16:00	19.9	620.8	57600	1306080000
21.11	5/22/2011 17:00	18.6	611.1	61200	1306083600
20.11	5/22/2011 18:00	17.9	601.4	64800	1306087200
19.11	5/22/2011 19:00	17.7	58.2	68400	1306090800
19.11	5/22/2011 20:00	17.7	58.2	72000	1306094400
19.11	5/22/2011 21:00	17.7	58.2	75600	1306098000
19.11	5/22/2011 22:00	17.5	58.2	79200	1306101600
19.11	5/22/2011 23:00	17.3	58.2	82800	1306105200
19.11	5/23/2011 0:00	16.9	58.2	0	1306108800
19.11	5/23/2011 1:00	16.9	58.2	3600	1306112400
19.11	5/23/2011 2:00	16.9	58.2	7200	1306116000
19.11	5/23/2011 3:00	17.6	58.2	10800	1306119600
20.11	5/23/2011 4:00	18.2	58.2	14400	1306123200
20.11	5/23/2011 5:00	18.7	58.2	18000	1306126800
21.11	5/23/2011 6:00	19.2	58.2	21600	1306130400
21.11	5/23/2011 7:00	19.7	58.2	25200	1306134000
22.11	5/23/2011 8:00	20.4	58.2	28800	1306137600
23.11	5/23/2011 9:00	21	601.4	32400	1306141200
23.11	5/23/2011 10:00	21.5	58.2	36000	1306144800
24.11	5/23/2011 11:00	22.2	58.2	39600	1306148400
24.11	5/23/2011 12:00	22.2	58.2	43200	1306152000
25.11	5/23/2011 13:00	22.4	611.1	46800	1306155600
24.11	5/23/2011 14:00	22.2	58.2	50400	1306159200
24.11	5/23/2011 15:00	22.2	58.2	54000	1306162800
24.11	5/23/2011 16:00	22	58.2	57600	1306166400
24.11	5/23/2011 17:00	22	620.8	61200	1306170000
24.11	5/23/2011 18:00	22	58.2	64800	1306173600
23.11	5/23/2011 19:00	21.6	58.2	68400	1306177200
24.11	5/23/2011 20:00	21.5	591.7	72000	1306180800
24.11	5/23/2011 21:00	21.6	368.6	75600	1306184400
23.11	5/23/2011 22:00	21.5	58.2	79200	1306188000
24.11	5/23/2011 23:00	21.3	523.8	82800	1306191600
23.11	5/24/2011 0:00	21.5	58.2	0	1306195200
23.11	5/24/2011 1:00	21.3	58.2	3600	1306198800
22.11	5/24/2011 2:00	20.7	58.2	7200	1306202400
22.11	5/24/2011 3:00	19.4	494.7	10800	1306206000
22.11	5/24/2011 4:00	19	620.8	14400	1306209600
21.11	5/24/2011 5:00	19.8	58.2	18000	1306213200
22.11	5/24/2011 6:00	20.4	58.2	21600	1306216800
23.11	5/24/2011 7:00	20.9	533.5	25200	1306220400
23.11	5/24/2011 8:00	20.6	582	28800	1306224000
22.11	5/24/2011 9:00	20.6	58.2	32400	1306227600
23.11	5/24/2011 10:00	21	58.2	36000	1306231200
23.11	5/24/2011 11:00	21.4	58.2	39600	1306234800
23.11	5/24/2011 12:00	21.3	58.2	43200	1306238400
23.11	5/24/2011 13:00	21.3	58.2	46800	1306242000
23.11	5/24/2011 14:00	21.4	58.2	50400	1306245600
23.11	5/24/2011 15:00	21.7	58.2	54000	1306249200
23.11	5/24/2011 16:00	21.5	58.2	57600	1306252800
23.11	5/24/2011 17:00	21.2	58.2	61200	1306256400
22.11	5/24/2011 18:00	20.8	58.2	64800	1306260000
22.11	5/24/2011 19:00	20.1	58.2	68400	1306263600
21.11	5/24/2011 20:00	19.8	58.2	72000	1306267200
21.11	5/24/2011 21:00	19.8	58.2	75600	1306270800
21.11	5/24/2011 22:00	19.4	58.2	79200	1306274400
21.11	5/24/2011 23:00	19.2	58.2	82800	1306278000
20.11	5/25/2011 0:00	18.7	58.2	0	1306281600
20.11	5/25/2011 1:00	18.5	58.2	3600	1306285200
20.11	5/25/2011 2:00	18.2	58.2	7200	1306288800
20.11	5/25/2011 3:00	17.8	58.2	10800	1306292400
19.11	5/25/2011 4:00	17.5	58.2	14400	1306296000
20.11	5/25/2011 5:00	17.9	58.2	18000	1306299600
21.11	5/25/2011 6:00	19	58.2	21600	1306303200
22.11	5/25/2011 7:00	20.1	58.2	25200	1306306800
22.11	5/25/2011 8:00	20.2	58.2	28800	1306310400
23.11	5/25/2011 9:00	20.9	58.2	32400	1306314000
23.11	5/25/2011 10:00	20.6	649.9	36000	1306317600
22.11	5/25/2011 11:00	20.6	87.3	39600	1306321200
23.11	5/25/2011 12:00	20.9	533.5	43200	1306324800
23.11	5/25/2011 13:00	21.7	58.2	46800	1306328400
23.11	5/25/2011 14:00	20.9	397.7	50400	1306332000
23.11	5/25/2011 15:00	21.4	58.2	54000	1306335600
23.11	5/25/2011 16:00	21.4	58.2	57600	1306339200
23.11	5/25/2011 17:00	21.2	58.2	61200	1306342800
22.11	5/25/2011 18:00	20.1	533.5	64800	1306346400
22.11	5/25/2011 19:00	20.3	58.2	68400	1306350000
22.11	5/25/2011 20:00	19.6	630.5	72000	1306353600
21.11	5/25/2011 21:00	19.4	58.2	75600	1306357200
21.11	5/25/2011 22:00	19.2	58.2	79200	1306360800
21.11	5/25/2011 23:00	18.9	523.8	82800	1306364400
20.11	5/26/2011 0:00	18.3	388	0	1306368000
20.11	5/26/2011 1:00	18.4	58.2	3600	1306371600
21.11	5/26/2011 2:00	18	562.6	7200	1306375200
20.11	5/26/2011 3:00	18	543.2	10800	1306378800
22.11	5/26/2011 4:00	19.4	514.1	14400	1306382400
23.11	5/26/2011 5:00	20.9	494.7	18000	1306386000
24.11	5/26/2011 6:00	22.3	58.2	21600	1306389600
24.11	5/26/2011 7:00	22.5	58.2	25200	1306393200
25.11	5/26/2011 8:00	23	300.7	28800	1306396800
25.11	5/26/2011 9:00	23.7	58.2	32400	1306400400
26.11	5/26/2011 10:00	24	58.2	36000	1306404000
26.11	5/26/2011 11:00	23.8	58.2	39600	1306407600
26.11	5/26/2011 12:00	24.3	58.2	43200	1306411200
26.11	5/26/2011 13:00	24.3	58.2	46800	1306414800
26.11	5/26/2011 14:00	23.3	1120.35	50400	1306418400
26.11	5/26/2011 15:00	23.6	858.45	54000	1306422000
26.11	5/26/2011 16:00	23.2	1018.5	57600	1306425600
26.11	5/26/2011 17:00	23.3	974.85	61200	1306429200
25.11	5/26/2011 18:00	22.5	960.3	64800	1306432800
25.11	5/26/2011 19:00	22.3	931.2	68400	1306436400
23.11	5/26/2011 20:00	21.4	58.2	72000	1306440000
21.11	5/26/2011 21:00	18.3	887.55	75600	1306443600
21.11	5/26/2011 22:00	18.5	887.55	79200	1306447200
20.11	5/26/2011 23:00	18.3	858.45	82800	1306450800
22.11	5/27/2011 0:00	19.8	873	0	1306454400
21.11	5/27/2011 1:00	19.8	58.2	3600	1306458000
20.11	5/27/2011 2:00	18.5	58.2	7200	1306461600
20.11	5/27/2011 3:00	18	58.2	10800	1306465200
20.11	5/27/2011 4:00	18	58.2	14400	1306468800
20.11	5/27/2011 5:00	18.4	58.2	18000	1306472400
21.11	5/27/2011 6:00	19	58.2	21600	1306476000
22.11	5/27/2011 7:00	20.3	58.2	25200	1306479600
23.11	5/27/2011 8:00	21.2	58.2	28800	1306483200
24.11	5/27/2011 9:00	21.4	640.2	32400	1306486800
20.11	5/27/2011 10:00	20.9	1542.3	36000	1306490400
24.11	5/27/2011 11:00	21.6	1455	39600	1306494000
24.11	5/27/2011 12:00	21.1	1484.1	43200	1306497600
24.11	5/27/2011 13:00	21.4	1532.6	46800	1306501200
25.11	5/27/2011 14:00	22.4	1581.1	50400	1306504800
25.11	5/27/2011 15:00	22.7	1610.2	54000	1306508400
25.11	5/27/2011 16:00	22.2	1600.5	57600	1306512000
24.11	5/27/2011 17:00	21.8	1455	61200	1306515600
24.11	5/27/2011 18:00	21.5	1416.2	64800	1306519200
22.11	5/27/2011 19:00	19.4	746.9	68400	1306522800
22.11	5/27/2011 20:00	19.1	688.7	72000	1306526400
22.11	5/27/2011 21:00	18.9	649.9	75600	1306530000
21.11	5/27/2011 22:00	18.7	620.8	79200	1306533600
21.11	5/27/2011 23:00	18.2	620.8	82800	1306537200
20.11	5/28/2011 0:00	17.6	620.8	0	1306540800
20.11	5/28/2011 1:00	17.6	688.7	3600	1306544400
20.11	5/28/2011 2:00	17.6	1658.7	7200	1306548000
20.11	5/28/2011 3:00	17.3	1513.2	10800	1306551600
20.11	5/28/2011 4:00	17.3	1425.9	14400	1306555200
20.11	5/28/2011 5:00	17.6	1891.5	18000	1306558800
21.11	5/28/2011 6:00	18.4	1445.3	21600	1306562400
22.11	5/28/2011 7:00	19.4	1493.8	25200	1306566000
23.11	5/28/2011 8:00	20	1474.4	28800	1306569600
22.11	5/28/2011 9:00	20.8	58.2	32400	1306573200
22.11	5/28/2011 11:00	20.5	58.2	39600	1306580400
23.11	5/28/2011 12:00	21.7	58.2	43200	1306584000
25.11	5/28/2011 13:00	22.4	805.1	46800	1306587600
25.11	5/28/2011 14:00	22.2	533.5	50400	1306591200
24.11	5/28/2011 15:00	22	814.8	54000	1306594800
24.11	5/28/2011 16:00	21.9	523.8	57600	1306598400
23.11	5/28/2011 17:00	20.7	504.4	61200	1306602000
23.11	5/28/2011 18:00	21	591.7	64800	1306605600
23.11	5/28/2011 19:00	20.6	562.6	68400	1306609200
23.11	5/28/2011 20:00	21.1	58.2	72000	1306612800
23.11	5/28/2011 21:00	20.9	58.2	75600	1306616400
22.11	5/28/2011 22:00	20.7	58.2	79200	1306620000
22.11	5/28/2011 23:00	20.5	58.2	82800	1306623600
22.11	5/29/2011 0:00	20	58.2	0	1306627200
21.11	5/29/2011 1:00	19.8	58.2	3600	1306630800
21.11	5/29/2011 2:00	19.6	58.2	7200	1306634400
21.11	5/29/2011 3:00	19.8	58.2	10800	1306638000
21.11	5/29/2011 4:00	19.8	58.2	14400	1306641600
21.11	5/29/2011 5:00	19.8	58.2	18000	1306645200
23.11	5/29/2011 6:00	21.3	58.2	21600	1306648800
23.11	5/29/2011 7:00	21.8	58.2	25200	1306652400
24.11	5/29/2011 8:00	22	58.2	28800	1306656000
25.11	5/29/2011 9:00	22.9	378.3	32400	1306659600
25.11	5/29/2011 10:00	22.9	58.2	36000	1306663200
25.11	5/29/2011 11:00	23.2	58.2	39600	1306666800
25.11	5/29/2011 12:00	23.4	58.2	43200	1306670400
25.11	5/29/2011 13:00	23.5	58.2	46800	1306674000
25.11	5/29/2011 14:00	23.4	58.2	50400	1306677600
25.11	5/29/2011 15:00	23.7	58.2	54000	1306681200
25.11	5/29/2011 16:00	23.4	58.2	57600	1306684800
25.11	5/29/2011 17:00	23	58.2	61200	1306688400
25.11	5/29/2011 18:00	23	58.2	64800	1306692000
24.11	5/29/2011 19:00	22.5	58.2	68400	1306695600
24.11	5/29/2011 20:00	22.4	58.2	72000	1306699200
24.11	5/29/2011 21:00	22.2	58.2	75600	1306702800
23.11	5/29/2011 22:00	21.8	58.2	79200	1306706400
23.11	5/29/2011 23:00	21.8	58.2	82800	1306710000
23.11	5/30/2011 0:00	21.6	58.2	0	1306713600
23.11	5/30/2011 1:00	21.6	58.2	3600	1306717200
23.11	5/30/2011 2:00	21.4	58.2	7200	1306720800
23.11	5/30/2011 3:00	21.4	58.2	10800	1306724400
22.11	5/30/2011 4:00	20.7	58.2	14400	1306728000
23.11	5/30/2011 5:00	21.6	58.2	18000	1306731600
25.11	5/30/2011 6:00	23.1	58.2	21600	1306735200
26.11	5/30/2011 7:00	23.9	58.2	25200	1306738800
26.11	5/30/2011 8:00	24	58.2	28800	1306742400
26.11	5/30/2011 9:00	24.5	58.2	32400	1306746000
26.11	5/30/2011 10:00	24.9	58.2	36000	1306749600
26.11	5/30/2011 11:00	24.3	58.2	39600	1306753200
26.11	5/30/2011 12:00	24.4	58.2	43200	1306756800
26.11	5/30/2011 13:00	24.6	446.2	46800	1306760400
26.11	5/30/2011 14:00	24.5	494.7	50400	1306764000
26.11	5/30/2011 15:00	23.5	1008.8	54000	1306767600
26.11	5/30/2011 16:00	24.4	911.8	57600	1306771200
26.11	5/30/2011 17:00	24.4	649.9	61200	1306774800
26.11	5/30/2011 18:00	24.3	659.6	64800	1306778400
26.11	5/30/2011 19:00	24	630.5	68400	1306782000
25.11	5/30/2011 20:00	23.6	58.2	72000	1306785600
26.11	5/30/2011 21:00	23.1	601.4	75600	1306789200
26.11	5/30/2011 22:00	23.1	582	79200	1306792800
25.11	5/30/2011 23:00	22.9	591.7	82800	1306796400
25.11	5/31/2011 0:00	22.2	572.3	0	1306800000
23.11	5/31/2011 1:00	21.8	58.2	3600	1306803600
23.11	5/31/2011 2:00	21.5	58.2	7200	1306807200
23.11	5/31/2011 3:00	20.9	58.2	10800	1306810800
23.11	5/31/2011 4:00	20.9	58.2	14400	1306814400
23.11	5/31/2011 5:00	21.8	58.2	18000	1306818000
25.11	5/31/2011 6:00	22.9	58.2	21600	1306821600
25.11	5/31/2011 7:00	23.7	58.2	25200	1306825200
26.11	5/31/2011 8:00	24	58.2	28800	1306828800
25.11	5/31/2011 9:00	23.5	58.2	32400	1306832400
25.11	5/31/2011 10:00	23.4	58.2	36000	1306836000
26.11	5/31/2011 11:00	23.7	1212.5	39600	1306839600
26.11	5/31/2011 12:00	24	776	43200	1306843200
26.11	5/31/2011 13:00	24.1	58.2	46800	1306846800
26.11	5/31/2011 14:00	24.6	834.2	50400	1306850400
26.11	5/31/2011 15:00	24.4	58.2	54000	1306854000
26.11	5/31/2011 16:00	24.8	58.2	57600	1306857600
26.11	5/31/2011 17:00	24.1	58.2	61200	1306861200
26.11	5/31/2011 18:00	24.2	58.2	64800	1306864800
25.11	5/31/2011 19:00	23.7	58.2	68400	1306868400
25.11	5/31/2011 20:00	23.6	58.2	72000	1306872000
25.11	5/31/2011 21:00	23.4	58.2	75600	1306875600
25.11	5/31/2011 22:00	22.9	58.2	79200	1306879200
24.11	5/31/2011 23:00	22.4	58.2	82800	1306882800