Tset	Date	Twet	Load	Hour(s)	TimeStamp(s)
15.11	11/1/2011 0:00	7.8	58.2	0	1320105600
15.11	11/1/2011 1:00	7.7	58.2	3600	1320109200
15.11	11/1/2011 2:00	7.2	58.2	7200	1320112800
15.11	11/1/2011 3:00	6.9	58.2	10800	1320116400
15.11	11/1/2011 4:00	6.4	58.2	14400	1320120000
15.11	11/1/2011 5:00	6.1	58.2	18000	1320123600
15.11	11/1/2011 6:00	5.3	58.2	21600	1320127200
15.11	11/1/2011 7:00	6.1	58.2	25200	1320130800
15.11	11/1/2011 8:00	7.8	58.2	28800	1320134400
15.11	11/1/2011 9:00	8.7	58.2	32400	1320138000
15.11	11/1/2011 10:00	9.5	58.2	36000	1320141600
15.11	11/1/2011 11:00	9.8	58.2	39600	1320145200
15.11	11/1/2011 12:00	9.3	620.8	43200	1320148800
15.11	11/1/2011 13:00	9.4	562.6	46800	1320152400
15.11	11/1/2011 14:00	9.2	533.5	50400	1320156000
15.11	11/1/2011 15:00	8.9	533.5	54000	1320159600
15.11	11/1/2011 16:00	8.1	543.2	57600	1320163200
15.11	11/1/2011 17:00	7.1	523.8	61200	1320166800
15.11	11/1/2011 18:00	6.2	523.8	64800	1320170400
15.11	11/1/2011 19:00	5.4	504.4	68400	1320174000
15.11	11/1/2011 20:00	5.1	58.2	72000	1320177600
15.11	11/1/2011 21:00	4.2	58.2	75600	1320181200
15.11	11/1/2011 22:00	3.9	58.2	79200	1320184800
15.11	11/1/2011 23:00	2.8	58.2	82800	1320188400
15.11	11/2/2011 0:00	2.5	58.2	0	1320192000
15.11	11/2/2011 1:00	2.8	58.2	3600	1320195600
15.11	11/2/2011 2:00	2.3	58.2	7200	1320199200
15.11	11/2/2011 3:00	1.4	58.2	10800	1320202800
15.11	11/2/2011 4:00	1.2	58.2	14400	1320206400
15.11	11/2/2011 5:00	0.8	58.2	18000	1320210000
15.11	11/2/2011 6:00	1.2	58.2	21600	1320213600
15.11	11/2/2011 7:00	3.7	58.2	25200	1320217200
15.11	11/2/2011 8:00	7.3	58.2	28800	1320220800
15.11	11/2/2011 9:00	8.5	58.2	32400	1320224400
15.11	11/2/2011 10:00	9.3	58.2	36000	1320228000
15.11	11/2/2011 11:00	9.3	58.2	39600	1320231600
15.11	11/2/2011 12:00	10.1	58.2	43200	1320235200
15.11	11/2/2011 13:00	10.1	58.2	46800	1320238800
15.11	11/2/2011 14:00	10.1	58.2	50400	1320242400
15.11	11/2/2011 15:00	10.1	58.2	54000	1320246000
15.11	11/2/2011 16:00	9.2	58.2	57600	1320249600
15.11	11/2/2011 17:00	8	58.2	61200	1320253200
15.11	11/2/2011 18:00	7.1	58.2	64800	1320256800
15.11	11/2/2011 19:00	6.2	58.2	68400	1320260400
15.11	11/2/2011 20:00	5.4	58.2	72000	1320264000
15.11	11/2/2011 21:00	5.3	58.2	75600	1320267600
15.11	11/2/2011 22:00	4.5	58.2	79200	1320271200
15.11	11/2/2011 23:00	4.2	58.2	82800	1320274800
15.11	11/3/2011 0:00	3.9	58.2	0	1320278400
15.11	11/3/2011 1:00	3.7	58.2	3600	1320282000
15.11	11/3/2011 2:00	3.7	58.2	7200	1320285600
15.11	11/3/2011 3:00	3.4	58.2	10800	1320289200
15.11	11/3/2011 4:00	3.1	58.2	14400	1320292800
15.11	11/3/2011 5:00	2.8	58.2	18000	1320296400
15.11	11/3/2011 6:00	2.8	58.2	21600	1320300000
15.11	11/3/2011 7:00	4.8	58.2	25200	1320303600
15.11	11/3/2011 8:00	7.3	58.2	28800	1320307200
15.11	11/3/2011 9:00	8.7	58.2	32400	1320310800
15.11	11/3/2011 10:00	10.2	58.2	36000	1320314400
15.11	11/3/2011 11:00	11.5	58.2	39600	1320318000
15.11	11/3/2011 12:00	11.2	58.2	43200	1320321600
15.11	11/3/2011 13:00	11.5	58.2	46800	1320325200
15.11	11/3/2011 14:00	11	58.2	50400	1320328800
15.11	11/3/2011 15:00	10.8	58.2	54000	1320332400
15.11	11/3/2011 16:00	11	58.2	57600	1320336000
15.11	11/3/2011 17:00	10.2	58.2	61200	1320339600
15.11	11/3/2011 18:00	9.9	58.2	64800	1320343200
15.11	11/3/2011 19:00	8.3	58.2	68400	1320346800
15.11	11/3/2011 20:00	7.7	58.2	72000	1320350400
15.11	11/3/2011 21:00	7.7	58.2	75600	1320354000
15.11	11/3/2011 22:00	8	58.2	79200	1320357600
15.11	11/3/2011 23:00	8.3	58.2	82800	1320361200
15.11	11/4/2011 0:00	7.7	58.2	0	1320364800
15.11	11/4/2011 1:00	8.3	58.2	3600	1320368400
15.11	11/4/2011 2:00	9.1	58.2	7200	1320372000
15.11	11/4/2011 3:00	9.1	58.2	10800	1320375600
15.11	11/4/2011 4:00	8.3	58.2	14400	1320379200
15.11	11/4/2011 5:00	8.8	58.2	18000	1320382800
15.11	11/4/2011 6:00	9.1	58.2	21600	1320386400
15.11	11/4/2011 7:00	9.1	58.2	25200	1320390000
15.11	11/4/2011 8:00	8.9	58.2	28800	1320393600
15.11	11/4/2011 9:00	9.2	58.2	32400	1320397200
15.11	11/4/2011 10:00	9	58.2	36000	1320400800
15.11	11/4/2011 11:00	7.3	58.2	39600	1320404400
15.11	11/4/2011 12:00	7.3	58.2	43200	1320408000
15.11	11/4/2011 13:00	7.1	58.2	46800	1320411600
15.11	11/4/2011 14:00	6.6	58.2	50400	1320415200
15.11	11/4/2011 15:00	6.1	58.2	54000	1320418800
15.11	11/4/2011 16:00	5	58.2	57600	1320422400
15.11	11/4/2011 17:00	4.3	58.2	61200	1320426000
15.11	11/4/2011 18:00	4.2	58.2	64800	1320429600
15.11	11/4/2011 19:00	3.6	58.2	68400	1320433200
15.11	11/4/2011 20:00	3.3	58.2	72000	1320436800
15.11	11/4/2011 21:00	3.1	58.2	75600	1320440400
15.11	11/4/2011 22:00	2.5	58.2	79200	1320444000
15.11	11/4/2011 23:00	2.2	58.2	82800	1320447600
15.11	11/5/2011 0:00	1.7	58.2	0	1320451200
15.11	11/5/2011 1:00	1.6	58.2	3600	1320454800
15.11	11/5/2011 2:00	1.2	58.2	7200	1320458400
15.11	11/5/2011 3:00	1.2	58.2	10800	1320462000
15.11	11/5/2011 4:00	0.9	58.2	14400	1320465600
15.11	11/5/2011 5:00	0.4	58.2	18000	1320469200
15.11	11/5/2011 6:00	0.4	58.2	21600	1320472800
15.11	11/5/2011 7:00	1.1	58.2	25200	1320476400
15.11	11/5/2011 8:00	1.9	58.2	28800	1320480000
15.11	11/5/2011 9:00	2.5	58.2	32400	1320483600
15.11	11/5/2011 10:00	3.4	58.2	36000	1320487200
15.11	11/5/2011 11:00	4.1	58.2	39600	1320490800
15.11	11/5/2011 12:00	4.5	58.2	43200	1320494400
15.11	11/5/2011 13:00	4.3	698.4	46800	1320498000
15.11	11/5/2011 14:00	3.7	717.8	50400	1320501600
15.11	11/5/2011 15:00	3.3	843.9	54000	1320505200
15.11	11/5/2011 16:00	3.3	970	57600	1320508800
15.11	11/5/2011 17:00	2.2	1008.8	61200	1320512400
15.11	11/5/2011 18:00	1.3	989.4	64800	1320516000
15.11	11/5/2011 19:00	0.5	960.3	68400	1320519600
15.11	11/5/2011 20:00	0.1	834.2	72000	1320523200
15.11	11/5/2011 21:00	-0.1	58.2	75600	1320526800
15.11	11/5/2011 22:00	-0.8	737.2	79200	1320530400
15.11	11/5/2011 23:00	-1.1	756.6	82800	1320534000
15.11	11/6/2011 0:00	-0.8	756.6	0	1320537600
15.11	11/6/2011 1:00	-1.1	746.9	3600	1320541200
15.11	11/6/2011 2:00	-1.1	58.2	7200	1320544800
15.11	11/6/2011 3:00	-1.5	58.2	10800	1320548400
15.11	11/6/2011 4:00	-1.1	58.2	14400	1320552000
15.11	11/6/2011 5:00	-0.9	58.2	18000	1320555600
15.11	11/6/2011 6:00	-1.5	58.2	21600	1320559200
15.11	11/6/2011 7:00	1.3	58.2	25200	1320562800
15.11	11/6/2011 8:00	3.5	58.2	28800	1320566400
15.11	11/6/2011 9:00	5.3	58.2	32400	1320570000
15.11	11/6/2011 10:00	7.2	58.2	36000	1320573600
15.11	11/6/2011 11:00	8.1	58.2	39600	1320577200
15.11	11/6/2011 12:00	9	58.2	43200	1320580800
15.11	11/6/2011 13:00	9.3	950.6	46800	1320584400
15.11	11/6/2011 14:00	9.3	523.8	50400	1320588000
15.11	11/6/2011 15:00	9	601.4	54000	1320591600
15.11	11/6/2011 16:00	8.2	591.7	57600	1320595200
15.11	11/6/2011 17:00	7.4	979.7	61200	1320598800
15.11	11/6/2011 18:00	6.2	843.9	64800	1320602400
15.11	11/6/2011 19:00	5.4	523.8	68400	1320606000
15.11	11/6/2011 20:00	5.1	436.5	72000	1320609600
15.11	11/6/2011 21:00	4.8	58.2	75600	1320613200
15.11	11/6/2011 22:00	3.9	58.2	79200	1320616800
15.11	11/6/2011 23:00	2.8	58.2	82800	1320620400
15.11	11/7/2011 0:00	2.8	58.2	0	1320624000
15.11	11/7/2011 1:00	2.3	58.2	3600	1320627600
15.11	11/7/2011 2:00	1.9	58.2	7200	1320631200
15.11	11/7/2011 3:00	2	58.2	10800	1320634800
15.11	11/7/2011 4:00	1.7	58.2	14400	1320638400
15.11	11/7/2011 5:00	1.4	58.2	18000	1320642000
15.11	11/7/2011 6:00	1.4	58.2	21600	1320645600
15.11	11/7/2011 7:00	4.2	58.2	25200	1320649200
15.11	11/7/2011 8:00	7.2	58.2	28800	1320652800
15.11	11/7/2011 9:00	9.7	58.2	32400	1320656400
15.11	11/7/2011 10:00	11	58.2	36000	1320660000
15.11	11/7/2011 11:00	11.7	58.2	39600	1320663600
15.11	11/7/2011 12:00	11.8	58.2	43200	1320667200
15.11	11/7/2011 13:00	11.8	58.2	46800	1320670800
15.11	11/7/2011 14:00	11.6	58.2	50400	1320674400
15.11	11/7/2011 15:00	11.3	58.2	54000	1320678000
15.11	11/7/2011 16:00	11	58.2	57600	1320681600
15.11	11/7/2011 17:00	10.2	58.2	61200	1320685200
15.11	11/7/2011 18:00	8.6	58.2	64800	1320688800
15.11	11/7/2011 19:00	7.8	58.2	68400	1320692400
15.11	11/7/2011 20:00	6.4	58.2	72000	1320696000
15.11	11/7/2011 21:00	6.4	58.2	75600	1320699600
15.11	11/7/2011 22:00	5.9	58.2	79200	1320703200
15.11	11/7/2011 23:00	5	58.2	82800	1320706800
15.11	11/8/2011 0:00	4.8	58.2	0	1320710400
15.11	11/8/2011 1:00	3.9	58.2	3600	1320714000
15.11	11/8/2011 2:00	3.9	58.2	7200	1320717600
15.11	11/8/2011 3:00	3.9	58.2	10800	1320721200
15.11	11/8/2011 4:00	3.4	58.2	14400	1320724800
15.11	11/8/2011 5:00	2.5	58.2	18000	1320728400
15.11	11/8/2011 6:00	2.5	58.2	21600	1320732000
15.11	11/8/2011 7:00	5.6	58.2	25200	1320735600
15.11	11/8/2011 8:00	8.9	58.2	28800	1320739200
15.11	11/8/2011 9:00	11.7	58.2	32400	1320742800
15.11	11/8/2011 10:00	11.7	717.8	36000	1320746400
15.11	11/8/2011 11:00	11.6	58.2	39600	1320750000
15.11	11/8/2011 12:00	12.5	611.1	43200	1320753600
16.11	11/8/2011 13:00	12.9	649.9	46800	1320757200
15.11	11/8/2011 14:00	13.1	814.8	50400	1320760800
16.11	11/8/2011 15:00	13.1	989.4	54000	1320764400
15.11	11/8/2011 16:00	11.5	989.4	57600	1320768000
15.11	11/8/2011 17:00	10.7	989.4	61200	1320771600
15.11	11/8/2011 18:00	9.7	979.7	64800	1320775200
15.11	11/8/2011 19:00	7.8	882.7	68400	1320778800
15.11	11/8/2011 20:00	7	814.8	72000	1320782400
15.11	11/8/2011 21:00	6.1	717.8	75600	1320786000
15.11	11/8/2011 22:00	5	766.3	79200	1320789600
15.11	11/8/2011 23:00	4.5	746.9	82800	1320793200
15.11	11/9/2011 0:00	4.2	717.8	0	1320796800
15.11	11/9/2011 1:00	4.2	698.4	3600	1320800400
15.11	11/9/2011 2:00	3.9	698.4	7200	1320804000
15.11	11/9/2011 3:00	2.8	727.5	10800	1320807600
15.11	11/9/2011 4:00	2.8	737.2	14400	1320811200
15.11	11/9/2011 5:00	1.9	785.7	18000	1320814800
15.11	11/9/2011 6:00	1.2	785.7	21600	1320818400
15.11	11/9/2011 7:00	3.7	756.6	25200	1320822000
15.11	11/9/2011 8:00	8.3	756.6	28800	1320825600
15.11	11/9/2011 9:00	10.2	58.2	32400	1320829200
15.11	11/9/2011 10:00	10.5	58.2	36000	1320832800
15.11	11/9/2011 11:00	10.7	58.2	39600	1320836400
15.11	11/9/2011 12:00	12	58.2	43200	1320840000
16.11	11/9/2011 13:00	12.7	601.4	46800	1320843600
15.11	11/9/2011 14:00	12.2	679	50400	1320847200
15.11	11/9/2011 15:00	11.7	378.3	54000	1320850800
15.11	11/9/2011 16:00	10.4	388	57600	1320854400
15.11	11/9/2011 17:00	9.9	436.5	61200	1320858000
15.11	11/9/2011 18:00	8.6	417.1	64800	1320861600
15.11	11/9/2011 19:00	8.3	397.7	68400	1320865200
15.11	11/9/2011 20:00	8.3	727.5	72000	1320868800
15.11	11/9/2011 21:00	8	58.2	75600	1320872400
15.11	11/9/2011 22:00	7.2	397.7	79200	1320876000
15.11	11/9/2011 23:00	6.4	417.1	82800	1320879600
15.11	11/10/2011 0:00	8.3	407.4	0	1320883200
15.11	11/10/2011 1:00	8.8	58.2	3600	1320886800
15.11	11/10/2011 2:00	9.4	58.2	7200	1320890400
15.11	11/10/2011 3:00	10	58.2	10800	1320894000
15.11	11/10/2011 4:00	10	58.2	14400	1320897600
15.11	11/10/2011 5:00	10.2	58.2	18000	1320901200
15.11	11/10/2011 6:00	10.5	58.2	21600	1320904800
15.11	11/10/2011 7:00	11.1	58.2	25200	1320908400
15.11	11/10/2011 8:00	11.3	58.2	28800	1320912000
15.11	11/10/2011 9:00	11.6	58.2	32400	1320915600
15.11	11/10/2011 10:00	11.5	58.2	36000	1320919200
15.11	11/10/2011 11:00	9.9	58.2	39600	1320922800
15.11	11/10/2011 12:00	9.4	58.2	43200	1320926400
15.11	11/10/2011 13:00	7.8	58.2	46800	1320930000
15.11	11/10/2011 14:00	7.5	58.2	50400	1320933600
15.11	11/10/2011 15:00	7.2	58.2	54000	1320937200
15.11	11/10/2011 16:00	7	58.2	57600	1320940800
15.11	11/10/2011 17:00	6.9	58.2	61200	1320944400
15.11	11/10/2011 18:00	6.9	58.2	64800	1320948000
15.11	11/10/2011 19:00	5.9	58.2	68400	1320951600
15.11	11/10/2011 20:00	4.7	58.2	72000	1320955200
15.11	11/10/2011 21:00	4.3	58.2	75600	1320958800
15.11	11/10/2011 22:00	3.8	58.2	79200	1320962400
15.11	11/10/2011 23:00	3.5	58.2	82800	1320966000
15.11	11/11/2011 0:00	3	58.2	0	1320969600
15.11	11/11/2011 1:00	3	58.2	3600	1320973200
15.11	11/11/2011 2:00	2.7	58.2	7200	1320976800
15.11	11/11/2011 3:00	2.4	58.2	10800	1320980400
15.11	11/11/2011 4:00	1.4	58.2	14400	1320984000
15.11	11/11/2011 5:00	0.7	58.2	18000	1320987600
15.11	11/11/2011 6:00	0.6	58.2	21600	1320991200
15.11	11/11/2011 7:00	1.2	58.2	25200	1320994800
15.11	11/11/2011 8:00	2.2	58.2	28800	1320998400
15.11	11/11/2011 9:00	2.8	58.2	32400	1321002000
15.11	11/11/2011 10:00	3.4	659.6	36000	1321005600
15.11	11/11/2011 11:00	3.6	58.2	39600	1321009200
15.11	11/11/2011 12:00	3.7	58.2	43200	1321012800
15.11	11/11/2011 13:00	3.7	58.2	46800	1321016400
15.11	11/11/2011 14:00	3.5	58.2	50400	1321020000
15.11	11/11/2011 15:00	3.1	58.2	54000	1321023600
15.11	11/11/2011 16:00	2.8	58.2	57600	1321027200
15.11	11/11/2011 17:00	2	58.2	61200	1321030800
15.11	11/11/2011 18:00	1.5	58.2	64800	1321034400
15.11	11/11/2011 19:00	1.4	58.2	68400	1321038000
15.11	11/11/2011 20:00	1.2	58.2	72000	1321041600
15.11	11/11/2011 21:00	0.9	649.9	75600	1321045200
15.11	11/11/2011 22:00	0.6	58.2	79200	1321048800
15.11	11/11/2011 23:00	0.2	58.2	82800	1321052400
15.11	11/12/2011 0:00	-0.3	58.2	0	1321056000
15.11	11/12/2011 1:00	-1	58.2	3600	1321059600
15.11	11/12/2011 2:00	-1.3	630.5	7200	1321063200
15.11	11/12/2011 3:00	-0.8	58.2	10800	1321066800
15.11	11/12/2011 4:00	-0.3	58.2	14400	1321070400
15.11	11/12/2011 5:00	-0.8	58.2	18000	1321074000
15.11	11/12/2011 6:00	-0.8	58.2	21600	1321077600
15.11	11/12/2011 7:00	0.8	58.2	25200	1321081200
15.11	11/12/2011 8:00	2.2	58.2	28800	1321084800
15.11	11/12/2011 9:00	4	58.2	32400	1321088400
15.11	11/12/2011 10:00	6	58.2	36000	1321092000
15.11	11/12/2011 11:00	7	58.2	39600	1321095600
15.11	11/12/2011 12:00	8	58.2	43200	1321099200
15.11	11/12/2011 13:00	8	58.2	46800	1321102800
15.11	11/12/2011 14:00	8.7	58.2	50400	1321106400
15.11	11/12/2011 15:00	8.3	58.2	54000	1321110000
15.11	11/12/2011 16:00	7.9	58.2	57600	1321113600
15.11	11/12/2011 17:00	6.8	58.2	61200	1321117200
15.11	11/12/2011 18:00	5.6	58.2	64800	1321120800
15.11	11/12/2011 19:00	6.5	58.2	68400	1321124400
15.11	11/12/2011 20:00	6.2	58.2	72000	1321128000
15.11	11/12/2011 21:00	5.9	58.2	75600	1321131600
15.11	11/12/2011 22:00	4.2	58.2	79200	1321135200
15.11	11/12/2011 23:00	4.3	58.2	82800	1321138800
15.11	11/13/2011 0:00	3.9	58.2	0	1321142400
15.11	11/13/2011 1:00	3.4	58.2	3600	1321146000
15.11	11/13/2011 2:00	3.1	58.2	7200	1321149600
15.11	11/13/2011 3:00	2.5	58.2	10800	1321153200
15.11	11/13/2011 4:00	2.1	58.2	14400	1321156800
15.11	11/13/2011 5:00	1.3	58.2	18000	1321160400
15.11	11/13/2011 6:00	0.6	58.2	21600	1321164000
15.11	11/13/2011 7:00	1.5	58.2	25200	1321167600
15.11	11/13/2011 8:00	5.6	58.2	28800	1321171200
15.11	11/13/2011 9:00	6.5	58.2	32400	1321174800
15.11	11/13/2011 10:00	7.6	58.2	36000	1321178400
15.11	11/13/2011 11:00	8.6	58.2	39600	1321182000
15.11	11/13/2011 12:00	8.9	58.2	43200	1321185600
15.11	11/13/2011 13:00	9	58.2	46800	1321189200
15.11	11/13/2011 14:00	9	58.2	50400	1321192800
15.11	11/13/2011 15:00	8.4	58.2	54000	1321196400
15.11	11/13/2011 16:00	8.2	58.2	57600	1321200000
15.11	11/13/2011 17:00	8	58.2	61200	1321203600
15.11	11/13/2011 18:00	8	58.2	64800	1321207200
15.11	11/13/2011 19:00	7.9	58.2	68400	1321210800
15.11	11/13/2011 20:00	7.8	58.2	72000	1321214400
15.11	11/13/2011 21:00	8.3	58.2	75600	1321218000
15.11	11/13/2011 22:00	9.1	58.2	79200	1321221600
15.11	11/13/2011 23:00	9.5	58.2	82800	1321225200
15.11	11/14/2011 0:00	9.7	58.2	0	1321228800
15.11	11/14/2011 1:00	10.2	58.2	3600	1321232400
15.11	11/14/2011 2:00	10.2	58.2	7200	1321236000
15.11	11/14/2011 3:00	10.2	58.2	10800	1321239600
15.11	11/14/2011 4:00	10.7	58.2	14400	1321243200
15.11	11/14/2011 5:00	10.4	58.2	18000	1321246800
15.11	11/14/2011 6:00	10.4	58.2	21600	1321250400
15.11	11/14/2011 7:00	11	58.2	25200	1321254000
15.11	11/14/2011 8:00	11.7	58.2	28800	1321257600
15.11	11/14/2011 9:00	12.5	58.2	32400	1321261200
16.11	11/14/2011 10:00	13.7	436.5	36000	1321264800
17.11	11/14/2011 11:00	14.1	688.7	39600	1321268400
18.11	11/14/2011 12:00	15	688.7	43200	1321272000
18.11	11/14/2011 13:00	15.5	649.9	46800	1321275600
18.11	11/14/2011 14:00	15.7	1057.3	50400	1321279200
18.11	11/14/2011 15:00	15.7	892.4	54000	1321282800
18.11	11/14/2011 16:00	15.3	649.9	57600	1321286400
18.11	11/14/2011 17:00	14.8	679	61200	1321290000
18.11	11/14/2011 18:00	14.8	649.9	64800	1321293600
18.11	11/14/2011 19:00	15.1	620.8	68400	1321297200
17.11	11/14/2011 20:00	15.1	446.2	72000	1321300800
18.11	11/14/2011 21:00	15.4	455.9	75600	1321304400
17.11	11/14/2011 22:00	15.2	58.2	79200	1321308000
17.11	11/14/2011 23:00	15.2	58.2	82800	1321311600
17.11	11/15/2011 0:00	15	58.2	0	1321315200
17.11	11/15/2011 1:00	14.7	58.2	3600	1321318800
17.11	11/15/2011 2:00	14.5	436.5	7200	1321322400
17.11	11/15/2011 3:00	14.5	533.5	10800	1321326000
16.11	11/15/2011 4:00	13.1	562.6	14400	1321329600
16.11	11/15/2011 5:00	13.4	620.8	18000	1321333200
16.11	11/15/2011 6:00	12.6	630.5	21600	1321336800
17.11	11/15/2011 7:00	13.9	649.9	25200	1321340400
17.11	11/15/2011 8:00	14.1	649.9	28800	1321344000
18.11	11/15/2011 9:00	15.1	669.3	32400	1321347600
16.11	11/15/2011 10:00	14.5	58.2	36000	1321351200
16.11	11/15/2011 11:00	14.5	58.2	39600	1321354800
16.11	11/15/2011 12:00	14	58.2	43200	1321358400
16.11	11/15/2011 13:00	13.9	58.2	46800	1321362000
16.11	11/15/2011 14:00	13.7	58.2	50400	1321365600
15.11	11/15/2011 15:00	13.5	58.2	54000	1321369200
15.11	11/15/2011 16:00	13.2	58.2	57600	1321372800
15.11	11/15/2011 17:00	13	58.2	61200	1321376400
15.11	11/15/2011 18:00	13	58.2	64800	1321380000
15.11	11/15/2011 19:00	12.8	58.2	68400	1321383600
15.11	11/15/2011 20:00	12.8	58.2	72000	1321387200
15.11	11/15/2011 21:00	12.8	58.2	75600	1321390800
15.11	11/15/2011 22:00	13.1	58.2	79200	1321394400
15.11	11/15/2011 23:00	13.2	58.2	82800	1321398000
15.11	11/16/2011 0:00	13.2	58.2	0	1321401600
15.11	11/16/2011 1:00	13	58.2	3600	1321405200
15.11	11/16/2011 2:00	13.3	58.2	7200	1321408800
15.11	11/16/2011 3:00	13.3	58.2	10800	1321412400
15.11	11/16/2011 4:00	13.3	58.2	14400	1321416000
15.11	11/16/2011 5:00	13.2	58.2	18000	1321419600
15.11	11/16/2011 6:00	13	58.2	21600	1321423200
15.11	11/16/2011 7:00	13.2	58.2	25200	1321426800
15.11	11/16/2011 8:00	13.2	58.2	28800	1321430400
15.11	11/16/2011 9:00	13.2	58.2	32400	1321434000
15.11	11/16/2011 10:00	13	58.2	36000	1321437600
15.11	11/16/2011 11:00	13	58.2	39600	1321441200
15.11	11/16/2011 12:00	13.2	58.2	43200	1321444800
15.11	11/16/2011 13:00	13.5	58.2	46800	1321448400
15.11	11/16/2011 14:00	13.5	58.2	50400	1321452000
16.11	11/16/2011 15:00	13.8	58.2	54000	1321455600
16.11	11/16/2011 16:00	13.8	58.2	57600	1321459200
16.11	11/16/2011 17:00	13.8	58.2	61200	1321462800
15.11	11/16/2011 18:00	12.9	58.2	64800	1321466400
15.11	11/16/2011 19:00	12.4	58.2	68400	1321470000
15.11	11/16/2011 20:00	11.3	58.2	72000	1321473600
15.11	11/16/2011 21:00	11	58.2	75600	1321477200
15.11	11/16/2011 22:00	10.5	58.2	79200	1321480800
15.11	11/16/2011 23:00	10.2	58.2	82800	1321484400
15.11	11/17/2011 0:00	10.2	58.2	0	1321488000
15.11	11/17/2011 1:00	10.5	58.2	3600	1321491600
15.11	11/17/2011 2:00	9.1	58.2	7200	1321495200
15.11	11/17/2011 3:00	7.7	58.2	10800	1321498800
15.11	11/17/2011 4:00	6.6	58.2	14400	1321502400
15.11	11/17/2011 5:00	6.1	58.2	18000	1321506000
15.11	11/17/2011 6:00	5	58.2	21600	1321509600
15.11	11/17/2011 7:00	4.3	58.2	25200	1321513200
15.11	11/17/2011 8:00	4.3	58.2	28800	1321516800
15.11	11/17/2011 9:00	3.6	58.2	32400	1321520400
15.11	11/17/2011 10:00	3.6	58.2	36000	1321524000
15.11	11/17/2011 11:00	3.8	58.2	39600	1321527600
15.11	11/17/2011 12:00	4.3	58.2	43200	1321531200
15.11	11/17/2011 13:00	3.1	58.2	46800	1321534800
15.11	11/17/2011 14:00	2.9	58.2	50400	1321538400
15.11	11/17/2011 15:00	1.8	58.2	54000	1321542000
15.11	11/17/2011 16:00	1.8	58.2	57600	1321545600
15.11	11/17/2011 17:00	1.4	776	61200	1321549200
15.11	11/17/2011 18:00	0.9	58.2	64800	1321552800
15.11	11/17/2011 19:00	1	58.2	68400	1321556400
15.11	11/17/2011 20:00	0.7	58.2	72000	1321560000
15.11	11/17/2011 21:00	0.4	58.2	75600	1321563600
15.11	11/17/2011 22:00	0.4	58.2	79200	1321567200
15.11	11/17/2011 23:00	-0.3	58.2	82800	1321570800
15.11	11/18/2011 0:00	-0.3	58.2	0	1321574400
15.11	11/18/2011 1:00	-0.8	58.2	3600	1321578000
15.11	11/18/2011 2:00	-1.4	58.2	7200	1321581600
15.11	11/18/2011 3:00	-2.1	58.2	10800	1321585200
15.11	11/18/2011 4:00	-2.5	58.2	14400	1321588800
15.11	11/18/2011 5:00	-2.9	58.2	18000	1321592400
15.11	11/18/2011 6:00	-3.2	58.2	21600	1321596000
15.11	11/18/2011 7:00	-1.5	58.2	25200	1321599600
15.11	11/18/2011 8:00	-0.4	58.2	28800	1321603200
15.11	11/18/2011 9:00	0.6	58.2	32400	1321606800
15.11	11/18/2011 10:00	0.9	58.2	36000	1321610400
15.11	11/18/2011 11:00	1.7	58.2	39600	1321614000
15.11	11/18/2011 12:00	1.6	58.2	43200	1321617600
15.11	11/18/2011 13:00	2.2	58.2	46800	1321621200
15.11	11/18/2011 14:00	2.2	58.2	50400	1321624800
15.11	11/18/2011 15:00	2	58.2	54000	1321628400
15.11	11/18/2011 16:00	0.6	58.2	57600	1321632000
15.11	11/18/2011 17:00	-0.2	58.2	61200	1321635600
15.11	11/18/2011 18:00	-1.2	58.2	64800	1321639200
15.11	11/18/2011 19:00	-1.2	58.2	68400	1321642800
15.11	11/18/2011 20:00	-1	58.2	72000	1321646400
15.11	11/18/2011 21:00	-2	58.2	75600	1321650000
15.11	11/18/2011 22:00	-2.9	58.2	79200	1321653600
15.11	11/18/2011 23:00	-2.7	58.2	82800	1321657200
15.11	11/19/2011 0:00	-3.1	58.2	0	1321660800
15.11	11/19/2011 1:00	-2.6	58.2	3600	1321664400
15.11	11/19/2011 2:00	-2.8	58.2	7200	1321668000
15.11	11/19/2011 3:00	-3.3	58.2	10800	1321671600
15.11	11/19/2011 4:00	-3.5	58.2	14400	1321675200
15.11	11/19/2011 5:00	-3.1	58.2	18000	1321678800
15.11	11/19/2011 6:00	-2.9	58.2	21600	1321682400
15.11	11/19/2011 7:00	-0.6	58.2	25200	1321686000
15.11	11/19/2011 8:00	1.4	58.2	28800	1321689600
15.11	11/19/2011 9:00	2.2	58.2	32400	1321693200
15.11	11/19/2011 10:00	3.7	58.2	36000	1321696800
15.11	11/19/2011 11:00	4	58.2	39600	1321700400
15.11	11/19/2011 12:00	4.6	58.2	43200	1321704000
15.11	11/19/2011 13:00	5	58.2	46800	1321707600
15.11	11/19/2011 14:00	4.8	58.2	50400	1321711200
15.11	11/19/2011 15:00	4.9	58.2	54000	1321714800
15.11	11/19/2011 16:00	4.8	58.2	57600	1321718400
15.11	11/19/2011 17:00	4.3	58.2	61200	1321722000
15.11	11/19/2011 18:00	3.8	58.2	64800	1321725600
15.11	11/19/2011 19:00	2.7	58.2	68400	1321729200
15.11	11/19/2011 20:00	4.6	58.2	72000	1321732800
15.11	11/19/2011 21:00	5.6	58.2	75600	1321736400
15.11	11/19/2011 22:00	5.4	58.2	79200	1321740000
15.11	11/19/2011 23:00	5	58.2	82800	1321743600
15.11	11/20/2011 0:00	7.4	58.2	0	1321747200
15.11	11/20/2011 1:00	7.9	58.2	3600	1321750800
15.11	11/20/2011 2:00	8.2	58.2	7200	1321754400
15.11	11/20/2011 3:00	8.4	58.2	10800	1321758000
15.11	11/20/2011 4:00	8.7	58.2	14400	1321761600
15.11	11/20/2011 5:00	9.4	58.2	18000	1321765200
15.11	11/20/2011 6:00	9.1	58.2	21600	1321768800
15.11	11/20/2011 7:00	9.4	58.2	25200	1321772400
15.11	11/20/2011 8:00	10.2	58.2	28800	1321776000
15.11	11/20/2011 9:00	11.7	58.2	32400	1321779600
15.11	11/20/2011 10:00	11.7	58.2	36000	1321783200
15.11	11/20/2011 11:00	13	58.2	39600	1321786800
15.11	11/20/2011 12:00	13.2	58.2	43200	1321790400
16.11	11/20/2011 13:00	13.7	58.2	46800	1321794000
16.11	11/20/2011 14:00	14.2	58.2	50400	1321797600
16.11	11/20/2011 15:00	13.9	58.2	54000	1321801200
15.11	11/20/2011 16:00	13.5	58.2	57600	1321804800
15.11	11/20/2011 17:00	13.3	58.2	61200	1321808400
15.11	11/20/2011 18:00	13.3	58.2	64800	1321812000
15.11	11/20/2011 19:00	13.4	58.2	68400	1321815600
15.11	11/20/2011 20:00	13.4	58.2	72000	1321819200
15.11	11/20/2011 21:00	13.4	58.2	75600	1321822800
15.11	11/20/2011 22:00	13.2	58.2	79200	1321826400
15.11	11/20/2011 23:00	13.5	58.2	82800	1321830000
15.11	11/21/2011 0:00	13.2	58.2	0	1321833600
15.11	11/21/2011 1:00	13.3	58.2	3600	1321837200
15.11	11/21/2011 2:00	13.3	58.2	7200	1321840800
15.11	11/21/2011 3:00	13	58.2	10800	1321844400
15.11	11/21/2011 4:00	13	58.2	14400	1321848000
15.11	11/21/2011 5:00	13.3	58.2	18000	1321851600
15.11	11/21/2011 6:00	13.3	58.2	21600	1321855200
15.11	11/21/2011 7:00	13.5	58.2	25200	1321858800
16.11	11/21/2011 8:00	14.1	58.2	28800	1321862400
16.11	11/21/2011 9:00	14.6	58.2	32400	1321866000
16.11	11/21/2011 10:00	14	58.2	36000	1321869600
15.11	11/21/2011 11:00	12.4	58.2	39600	1321873200
15.11	11/21/2011 12:00	12.1	58.2	43200	1321876800
15.11	11/21/2011 13:00	11.8	58.2	46800	1321880400
15.11	11/21/2011 14:00	11.6	58.2	50400	1321884000
15.11	11/21/2011 15:00	11.3	58.2	54000	1321887600
15.11	11/21/2011 16:00	9.9	58.2	57600	1321891200
15.11	11/21/2011 17:00	9.7	58.2	61200	1321894800
15.11	11/21/2011 18:00	9.4	58.2	64800	1321898400
15.11	11/21/2011 19:00	9.4	58.2	68400	1321902000
15.11	11/21/2011 20:00	9.1	58.2	72000	1321905600
15.11	11/21/2011 21:00	9.4	58.2	75600	1321909200
15.11	11/21/2011 22:00	9.7	58.2	79200	1321912800
15.11	11/21/2011 23:00	9.4	58.2	82800	1321916400
15.11	11/22/2011 0:00	9.7	58.2	0	1321920000
15.11	11/22/2011 1:00	9.4	58.2	3600	1321923600
15.11	11/22/2011 2:00	9.1	58.2	7200	1321927200
15.11	11/22/2011 3:00	9.1	58.2	10800	1321930800
15.11	11/22/2011 4:00	9.4	58.2	14400	1321934400
15.11	11/22/2011 5:00	9.7	58.2	18000	1321938000
15.11	11/22/2011 6:00	9.7	58.2	21600	1321941600
15.11	11/22/2011 7:00	9.7	58.2	25200	1321945200
15.11	11/22/2011 8:00	10.2	58.2	28800	1321948800
15.11	11/22/2011 9:00	10.2	58.2	32400	1321952400
15.11	11/22/2011 10:00	10.8	58.2	36000	1321956000
15.11	11/22/2011 11:00	11.3	58.2	39600	1321959600
15.11	11/22/2011 12:00	11.6	58.2	43200	1321963200
15.11	11/22/2011 13:00	12.2	58.2	46800	1321966800
15.11	11/22/2011 14:00	12.4	58.2	50400	1321970400
15.11	11/22/2011 15:00	12.7	58.2	54000	1321974000
15.11	11/22/2011 16:00	12.7	58.2	57600	1321977600
15.11	11/22/2011 17:00	13	58.2	61200	1321981200
15.11	11/22/2011 18:00	13	58.2	64800	1321984800
15.11	11/22/2011 19:00	13	58.2	68400	1321988400
15.11	11/22/2011 20:00	13.3	58.2	72000	1321992000
16.11	11/22/2011 21:00	14.6	58.2	75600	1321995600
16.11	11/22/2011 22:00	14.6	58.2	79200	1321999200
17.11	11/22/2011 23:00	15.4	58.2	82800	1322002800
18.11	11/23/2011 0:00	16	58.2	0	1322006400
18.11	11/23/2011 1:00	16.3	58.2	3600	1322010000
18.11	11/23/2011 2:00	16.7	58.2	7200	1322013600
17.11	11/23/2011 3:00	15.4	58.2	10800	1322017200
16.11	11/23/2011 4:00	14.6	58.2	14400	1322020800
16.11	11/23/2011 5:00	14.1	58.2	18000	1322024400
16.11	11/23/2011 6:00	14.1	58.2	21600	1322028000
16.11	11/23/2011 7:00	14.1	58.2	25200	1322031600
17.11	11/23/2011 8:00	15.7	58.2	28800	1322035200
17.11	11/23/2011 9:00	14.8	58.2	32400	1322038800
16.11	11/23/2011 10:00	13.9	58.2	36000	1322042400
15.11	11/23/2011 11:00	10.9	58.2	39600	1322046000
15.11	11/23/2011 12:00	8.9	58.2	43200	1322049600
15.11	11/23/2011 13:00	8.7	921.5	46800	1322053200
15.11	11/23/2011 14:00	8.4	572.3	50400	1322056800
15.11	11/23/2011 15:00	7.8	679	54000	1322060400
15.11	11/23/2011 16:00	7	698.4	57600	1322064000
15.11	11/23/2011 17:00	6.6	698.4	61200	1322067600
15.11	11/23/2011 18:00	5.9	659.6	64800	1322071200
15.11	11/23/2011 19:00	5.2	659.6	68400	1322074800
15.11	11/23/2011 20:00	4.9	455.9	72000	1322078400
15.11	11/23/2011 21:00	4.4	58.2	75600	1322082000
15.11	11/23/2011 22:00	4.3	426.8	79200	1322085600
15.11	11/23/2011 23:00	3.8	417.1	82800	1322089200
15.11	11/24/2011 0:00	3.5	417.1	0	1322092800
15.11	11/24/2011 1:00	2.7	465.6	3600	1322096400
15.11	11/24/2011 2:00	2	58.2	7200	1322100000
15.11	11/24/2011 3:00	1.1	58.2	10800	1322103600
15.11	11/24/2011 4:00	0.7	58.2	14400	1322107200
15.11	11/24/2011 5:00	0.5	58.2	18000	1322110800
15.11	11/24/2011 6:00	-0.9	58.2	21600	1322114400
15.11	11/24/2011 7:00	1	58.2	25200	1322118000
15.11	11/24/2011 8:00	4.2	58.2	28800	1322121600
15.11	11/24/2011 9:00	5.5	58.2	32400	1322125200
15.11	11/24/2011 10:00	6.7	58.2	36000	1322128800
15.11	11/24/2011 11:00	7.6	58.2	39600	1322132400
15.11	11/24/2011 12:00	8.1	58.2	43200	1322136000
15.11	11/24/2011 13:00	8.5	58.2	46800	1322139600
15.11	11/24/2011 14:00	8.5	58.2	50400	1322143200
15.11	11/24/2011 15:00	8.4	58.2	54000	1322146800
15.11	11/24/2011 16:00	7.4	58.2	57600	1322150400
15.11	11/24/2011 17:00	6.4	58.2	61200	1322154000
15.11	11/24/2011 18:00	5.6	58.2	64800	1322157600
15.11	11/24/2011 19:00	5.4	58.2	68400	1322161200
15.11	11/24/2011 20:00	4.8	58.2	72000	1322164800
15.11	11/24/2011 21:00	4.8	58.2	75600	1322168400
15.11	11/24/2011 22:00	3.9	58.2	79200	1322172000
15.11	11/24/2011 23:00	3.3	58.2	82800	1322175600
15.11	11/25/2011 0:00	1.5	58.2	0	1322179200
15.11	11/25/2011 1:00	3.1	58.2	3600	1322182800
15.11	11/25/2011 2:00	3.2	58.2	7200	1322186400
15.11	11/25/2011 3:00	2.1	58.2	10800	1322190000
15.11	11/25/2011 4:00	2.9	58.2	14400	1322193600
15.11	11/25/2011 5:00	2.7	58.2	18000	1322197200
15.11	11/25/2011 6:00	3	58.2	21600	1322200800
15.11	11/25/2011 7:00	4.7	58.2	25200	1322204400
15.11	11/25/2011 8:00	6.7	58.2	28800	1322208000
15.11	11/25/2011 9:00	7.9	58.2	32400	1322211600
15.11	11/25/2011 10:00	8.6	58.2	36000	1322215200
15.11	11/25/2011 11:00	9.1	58.2	39600	1322218800
15.11	11/25/2011 12:00	8.9	58.2	43200	1322222400
15.11	11/25/2011 13:00	9.3	58.2	46800	1322226000
15.11	11/25/2011 14:00	9.3	58.2	50400	1322229600
15.11	11/25/2011 15:00	9.3	58.2	54000	1322233200
15.11	11/25/2011 16:00	8	58.2	57600	1322236800
15.11	11/25/2011 17:00	8.8	58.2	61200	1322240400
15.11	11/25/2011 18:00	7.2	58.2	64800	1322244000
15.11	11/25/2011 19:00	6.4	58.2	68400	1322247600
15.11	11/25/2011 20:00	4.9	58.2	72000	1322251200
15.11	11/25/2011 21:00	4.9	58.2	75600	1322254800
15.11	11/25/2011 22:00	3.8	58.2	79200	1322258400
15.11	11/25/2011 23:00	3.2	58.2	82800	1322262000
15.11	11/26/2011 0:00	3.3	58.2	0	1322265600
15.11	11/26/2011 1:00	3.5	58.2	3600	1322269200
15.11	11/26/2011 2:00	2.7	58.2	7200	1322272800
15.11	11/26/2011 3:00	2.4	58.2	10800	1322276400
15.11	11/26/2011 4:00	2.4	58.2	14400	1322280000
15.11	11/26/2011 5:00	1.8	58.2	18000	1322283600
15.11	11/26/2011 6:00	1.5	58.2	21600	1322287200
15.11	11/26/2011 7:00	2	58.2	25200	1322290800
15.11	11/26/2011 8:00	4.9	58.2	28800	1322294400
15.11	11/26/2011 9:00	6.8	58.2	32400	1322298000
15.11	11/26/2011 10:00	8.8	388	36000	1322301600
15.11	11/26/2011 11:00	9.7	882.7	39600	1322305200
15.11	11/26/2011 12:00	9.9	611.1	43200	1322308800
15.11	11/26/2011 13:00	9.8	727.5	46800	1322312400
15.11	11/26/2011 14:00	9.5	776	50400	1322316000
15.11	11/26/2011 15:00	9.4	776	54000	1322319600
15.11	11/26/2011 16:00	8.6	805.1	57600	1322323200
15.11	11/26/2011 17:00	7.9	824.5	61200	1322326800
15.11	11/26/2011 18:00	8.1	766.3	64800	1322330400
15.11	11/26/2011 19:00	7.4	717.8	68400	1322334000
15.11	11/26/2011 20:00	6.8	465.6	72000	1322337600
15.11	11/26/2011 21:00	5.8	407.4	75600	1322341200
15.11	11/26/2011 22:00	4.8	426.8	79200	1322344800
15.11	11/26/2011 23:00	5.1	426.8	82800	1322348400
15.11	11/27/2011 0:00	4.3	426.8	0	1322352000
15.11	11/27/2011 1:00	3.7	417.1	3600	1322355600
15.11	11/27/2011 2:00	4	417.1	7200	1322359200
15.11	11/27/2011 3:00	3.7	523.8	10800	1322362800
15.11	11/27/2011 4:00	2.8	552.9	14400	1322366400
15.11	11/27/2011 5:00	3.1	58.2	18000	1322370000
15.11	11/27/2011 6:00	2.6	58.2	21600	1322373600
15.11	11/27/2011 7:00	4.5	58.2	25200	1322377200
15.11	11/27/2011 8:00	7.5	58.2	28800	1322380800
15.11	11/27/2011 9:00	11	58.2	32400	1322384400
15.11	11/27/2011 10:00	13.4	58.2	36000	1322388000
16.11	11/27/2011 11:00	13.7	58.2	39600	1322391600
16.11	11/27/2011 12:00	13.7	58.2	43200	1322395200
16.11	11/27/2011 13:00	13.9	58.2	46800	1322398800
16.11	11/27/2011 14:00	14.6	58.2	50400	1322402400
16.11	11/27/2011 15:00	13.7	58.2	54000	1322406000
15.11	11/27/2011 16:00	12.8	58.2	57600	1322409600
15.11	11/27/2011 17:00	12.5	417.1	61200	1322413200
15.11	11/27/2011 18:00	12	58.2	64800	1322416800
15.11	11/27/2011 19:00	12	58.2	68400	1322420400
15.11	11/27/2011 20:00	12	426.8	72000	1322424000
15.11	11/27/2011 21:00	11.8	58.2	75600	1322427600
15.11	11/27/2011 22:00	12.3	58.2	79200	1322431200
15.11	11/27/2011 23:00	12	388	82800	1322434800
15.11	11/28/2011 0:00	11.8	58.2	0	1322438400
15.11	11/28/2011 1:00	10.2	58.2	3600	1322442000
15.11	11/28/2011 2:00	9.9	58.2	7200	1322445600
15.11	11/28/2011 3:00	8.8	58.2	10800	1322449200
15.11	11/28/2011 4:00	8	58.2	14400	1322452800
15.11	11/28/2011 5:00	7.7	58.2	18000	1322456400
15.11	11/28/2011 6:00	8	58.2	21600	1322460000
15.11	11/28/2011 7:00	10.2	58.2	25200	1322463600
15.11	11/28/2011 8:00	12.1	58.2	28800	1322467200
15.11	11/28/2011 9:00	12.9	58.2	32400	1322470800
15.11	11/28/2011 10:00	13.4	58.2	36000	1322474400
16.11	11/28/2011 11:00	14.1	58.2	39600	1322478000
17.11	11/28/2011 12:00	15	58.2	43200	1322481600
17.11	11/28/2011 13:00	15	58.2	46800	1322485200
17.11	11/28/2011 14:00	15.4	58.2	50400	1322488800
17.11	11/28/2011 15:00	14.8	58.2	54000	1322492400
16.11	11/28/2011 16:00	14.3	58.2	57600	1322496000
16.11	11/28/2011 17:00	14.4	58.2	61200	1322499600
16.11	11/28/2011 18:00	13.7	58.2	64800	1322503200
16.11	11/28/2011 19:00	14.2	58.2	68400	1322506800
16.11	11/28/2011 20:00	14.2	58.2	72000	1322510400
16.11	11/28/2011 21:00	14.2	58.2	75600	1322514000
16.11	11/28/2011 22:00	14.5	58.2	79200	1322517600
15.11	11/28/2011 23:00	13.5	58.2	82800	1322521200
15.11	11/29/2011 0:00	13.5	58.2	0	1322524800
15.11	11/29/2011 1:00	12.7	58.2	3600	1322528400
16.11	11/29/2011 2:00	14.1	58.2	7200	1322532000
16.11	11/29/2011 3:00	14.1	58.2	10800	1322535600
16.11	11/29/2011 4:00	14.6	58.2	14400	1322539200
16.11	11/29/2011 5:00	13.8	58.2	18000	1322542800
17.11	11/29/2011 6:00	14.9	58.2	21600	1322546400
17.11	11/29/2011 7:00	14.9	58.2	25200	1322550000
18.11	11/29/2011 8:00	15.9	58.2	28800	1322553600
19.11	11/29/2011 9:00	16.8	58.2	32400	1322557200
19.11	11/29/2011 10:00	16.4	426.8	36000	1322560800
16.11	11/29/2011 11:00	13.2	591.7	39600	1322564400
15.11	11/29/2011 12:00	10.5	591.7	43200	1322568000
15.11	11/29/2011 13:00	9.9	970	46800	1322571600
15.11	11/29/2011 14:00	9.7	552.9	50400	1322575200
15.11	11/29/2011 15:00	10.2	620.8	54000	1322578800
15.11	11/29/2011 16:00	9.7	611.1	57600	1322582400
15.11	11/29/2011 17:00	9.4	562.6	61200	1322586000
15.11	11/29/2011 18:00	8.8	426.8	64800	1322589600
15.11	11/29/2011 19:00	9.1	533.5	68400	1322593200
15.11	11/29/2011 20:00	8.6	446.2	72000	1322596800
15.11	11/29/2011 21:00	8.6	426.8	75600	1322600400
15.11	11/29/2011 22:00	8	426.8	79200	1322604000
15.11	11/29/2011 23:00	6.8	388	82800	1322607600
15.11	11/30/2011 0:00	5.7	58.2	0	1322611200
15.11	11/30/2011 1:00	5	58.2	3600	1322614800
15.11	11/30/2011 2:00	5	426.8	7200	1322618400
15.11	11/30/2011 3:00	4.9	533.5	10800	1322622000
15.11	11/30/2011 4:00	4.1	931.2	14400	1322625600
15.11	11/30/2011 5:00	3.7	892.4	18000	1322629200
15.11	11/30/2011 6:00	3.4	494.7	21600	1322632800
15.11	11/30/2011 7:00	3.7	543.2	25200	1322636400
15.11	11/30/2011 8:00	4.7	620.8	28800	1322640000
15.11	11/30/2011 9:00	5.3	562.6	32400	1322643600
15.11	11/30/2011 10:00	6.4	58.2	36000	1322647200
15.11	11/30/2011 11:00	4.8	58.2	39600	1322650800
15.11	11/30/2011 12:00	5.3	58.2	43200	1322654400
15.11	11/30/2011 13:00	4.8	417.1	46800	1322658000
15.11	11/30/2011 14:00	4.6	58.2	50400	1322661600
15.11	11/30/2011 15:00	4.1	58.2	54000	1322665200
15.11	11/30/2011 16:00	3.7	58.2	57600	1322668800
15.11	11/30/2011 17:00	3.7	436.5	61200	1322672400
15.11	11/30/2011 18:00	3.7	58.2	64800	1322676000
15.11	11/30/2011 19:00	3.4	58.2	68400	1322679600
15.11	11/30/2011 20:00	3.3	58.2	72000	1322683200
15.11	11/30/2011 21:00	1.9	58.2	75600	1322686800
15.11	11/30/2011 22:00	1.4	58.2	79200	1322690400
15.11	11/30/2011 23:00	0.9	58.2	82800	1322694000