Twet Load Tset
11.5 547.0 15.11
11.0 561.0 15.11
10.7 527.0 15.11
10.7 523.0 15.11
10.7 534.0 15.11
10.7 557.0 15.11
12.0 569.0 15.11
13.2 584.0 16.11
13.4 654.0 16.11
13.6 567.0 16.11
13.9 754.0 17.11
13.6 786.0 17.11
13.8 770.0 17.11
14.5 756.0 18.11
15.1 753.0 18.11
14.7 709.0 18.11
14.8 532.0 17.11
14.5 470.0 17.11
14.8 475.0 17.11
15.2 476.0 18.11
15.7 480.0 18.11
15.7 673.0 19.11
16.2 488.0 19.11
16.0 493.0 18.11
16.3 738.0 19.11
16.6 804.0 20.11
16.8 770.0 20.11
17.4 803.0 20.11
17.9 921.0 20.11
18.9 945.0 21.11
19.5 650.0 22.11
18.9 1539.0 22.11
19.2 743.0 22.11
19.2 460.0 21.11
19.5 713.0 22.11
20.0 678.0 23.11
20.0 735.0 23.11
20.2 1430.0 23.11
20.5 1392.0 23.11
20.7 1589.0 23.11
20.5 721.0 23.11
20.9 623.0 23.11
20.9 600.0 23.11
20.9 595.0 23.11
20.9 602.0 23.11
20.9 711.0 24.11
20.9 648.0 23.11
20.9 647.0 23.11
20.9 1554.0 24.11
20.9 1417.0 24.11
20.9 1337.0 23.11
21.3 1769.0 24.11
20.9 1358.0 23.11
20.3 1384.0 23.11
20.5 1391.0 23.11
20.2 1409.0 23.11
21.6 1413.0 24.11
21.3 1254.0 24.11
21.8 736.0 24.11
22.2 1454.0 25.11
22.5 1496.0 25.11
21.9 1496.0 24.11
21.1 1437.0 24.11
21.4 1347.0 24.11
21.4 1346.0 24.11
21.3 608.0 24.11
21.2 580.0 24.11
21.1 581.0 24.11
21.1 577.0 24.11
21.3 1394.0 24.11
21.6 628.0 24.11
21.1 626.0 24.11
21.3 1478.0 24.11
20.5 1289.0 23.11
21.3 945.0 24.11
21.6 1277.0 24.11
21.4 1802.0 24.11
21.6 1378.0 24.11
21.6 1402.0 24.11
21.8 1418.0 24.11
22.2 1406.0 25.11
21.8 1280.0 24.11
20.6 739.0 23.11
21.2 1436.0 24.11
20.7 1404.0 23.11
20.3 1333.0 23.11
19.8 1284.0 22.11
19.2 1563.0 22.11
18.6 636.0 21.11
18.6 535.0 21.11
18.3 539.0 21.11
17.9 510.0 20.11
16.0 510.0 18.11
15.7 1470.0 19.11
16.4 517.0 19.11
14.8 494.0 17.11
14.9 832.0 17.11
15.2 714.0 18.11
15.5 936.0 18.11
14.4 657.0 17.11
15.3 646.0 18.11
15.6 675.0 18.11
16.1 857.0 18.11
16.5 805.0 19.11
18.3 945.0 21.11
18.6 944.0 21.11
18.7 485.0 21.11
18.6 943.0 21.11
18.1 648.0 21.11
17.9 1489.0 21.11
17.7 1343.0 20.11
17.5 589.0 20.11
17.9 1120.0 20.11
18.5 532.0 21.11
18.7 509.0 21.11
17.4 500.0 20.11
17.5 511.0 20.11
17.3 1383.0 20.11
17.4 510.0 20.11
16.8 502.0 19.11
16.5 522.0 19.11
16.0 552.0 19.11
16.1 517.0 19.11
16.1 508.0 19.11
16.4 503.0 19.11
16.1 510.0 19.11
17.1 517.0 20.11
17.8 535.0 20.11
18.2 542.0 21.11
18.8 512.0 21.11
19.3 589.0 22.11
17.4 531.0 20.11
15.6 515.0 18.11
14.1 478.0 17.11
13.9 451.0 16.11
12.4 442.0 15.11
11.0 420.0 15.11
10.2 415.0 15.11
10.2 420.0 15.11
9.7 413.0 15.11
9.7 407.0 15.11
9.4 555.0 15.11
9.2 402.0 15.11
8.7 403.0 15.11
8.4 393.0 15.11
9.2 400.0 15.11
8.7 400.0 15.11
8.7 403.0 15.11
8.7 384.0 15.11
8.2 390.0 15.11
8.7 401.0 15.11
8.6 386.0 15.11
8.9 382.0 15.11
9.7 413.0 15.11
9.7 411.0 15.11
10.2 388.0 15.11
9.9 395.0 15.11
9.7 402.0 15.11
9.4 381.0 15.11
9.7 387.0 15.11
9.4 421.0 15.11
9.1 385.0 15.11
9.1 385.0 15.11
9.1 390.0 15.11
8.8 382.0 15.11
8.6 411.0 15.11
7.8 412.0 15.11
7.0 376.0 15.11
6.7 412.0 15.11
6.4 423.0 15.11
6.1 407.0 15.11
6.2 397.0 15.11
6.2 55.0 15.11
6.5 54.0 15.11
7.1 54.0 15.11
7.4 394.0 15.11
7.4 420.0 15.11
7.6 378.0 15.11
8.4 425.0 15.11
8.4 435.0 15.11
8.5 446.0 15.11
8.2 821.0 15.11
8.2 424.0 15.11
8.7 440.0 15.11
8.7 424.0 15.11
8.4 378.0 15.11
8.4 380.0 15.11
8.6 372.0 15.11
8.6 380.0 15.11
8.4 422.0 15.11
8.3 374.0 15.11
8.1 382.0 15.11
7.8 390.0 15.11
7.8 422.0 15.11
8.0 410.0 15.11
8.3 409.0 15.11
8.6 416.0 15.11
8.6 421.0 15.11
9.9 441.0 15.11
10.2 469.0 15.11
11.0 554.0 15.11
11.5 382.0 15.11
12.0 558.0 15.11
12.8 566.0 16.11
13.0 598.0 16.11
13.2 649.0 16.11
13.0 597.0 16.11
13.3 584.0 16.11
13.0 480.0 16.11
12.8 440.0 15.11
12.8 432.0 15.11
12.8 441.0 15.11
12.8 435.0 15.11
12.8 502.0 15.11
12.9 457.0 15.11
12.9 429.0 15.11
13.2 552.0 16.11
13.2 606.0 16.11
13.2 576.0 16.11
12.9 583.0 16.11
12.9 583.0 16.11
12.3 585.0 15.11
13.4 600.0 16.11
13.8 651.0 17.11
13.7 653.0 17.11
12.7 436.0 15.11
13.2 680.0 16.11
13.2 711.0 16.11
13.4 729.0 17.11
13.1 748.0 16.11
13.6 720.0 17.11
13.1 656.0 16.11
13.4 502.0 16.11
12.7 449.0 15.11
11.2 425.0 15.11
10.5 421.0 15.11
9.7 417.0 15.11
9.2 674.0 15.11
8.5 409.0 15.11
7.6 411.0 15.11
7.4 458.0 15.11
6.9 444.0 15.11
6.4 442.0 15.11
5.1 411.0 15.11
5.1 417.0 15.11
4.9 410.0 15.11
5.4 443.0 15.11
6.0 448.0 15.11
6.9 477.0 15.11
7.4 411.0 15.11
7.5 503.0 15.11
8.5 560.0 15.11
8.9 590.0 15.11
9.3 610.0 15.11
9.0 574.0 15.11
9.0 550.0 15.11
8.4 432.0 15.11
8.5 409.0 15.11
8.7 389.0 15.11
8.4 384.0 15.11
8.1 384.0 15.11
8.0 507.0 15.11
7.9 381.0 15.11
7.9 383.0 15.11
7.9 411.0 15.11
7.3 446.0 15.11
7.0 431.0 15.11
7.3 423.0 15.11
6.7 414.0 15.11
7.3 417.0 15.11
9.4 460.0 15.11
9.2 459.0 15.11
10.0 558.0 15.11
10.9 384.0 15.11
11.1 615.0 15.11
11.3 640.0 15.11
11.5 654.0 15.11
10.6 592.0 15.11
8.3 543.0 15.11
7.9 513.0 15.11
7.1 417.0 15.11
6.6 406.0 15.11
6.7 399.0 15.11
6.5 388.0 15.11
6.2 372.0 15.11
5.5 619.0 15.11
5.5 374.0 15.11
4.5 370.0 15.11
4.2 54.0 15.11
4.0 54.0 15.11
3.5 53.0 15.11
3.1 53.0 15.11
2.8 53.0 15.11
2.8 53.0 15.11
4.1 53.0 15.11
5.0 54.0 15.11
5.5 54.0 15.11
5.6 379.0 15.11
6.6 387.0 15.11
7.2 423.0 15.11
8.0 408.0 15.11
8.6 410.0 15.11
8.2 422.0 15.11
7.9 413.0 15.11
8.4 388.0 15.11
7.4 397.0 15.11
6.8 392.0 15.11
7.2 388.0 15.11
7.7 377.0 15.11
8.2 589.0 15.11
8.4 386.0 15.11
9.7 385.0 15.11
9.1 386.0 15.11
9.7 386.0 15.11
9.7 411.0 15.11
9.4 388.0 15.11
9.4 391.0 15.11
10.2 416.0 15.11
11.0 379.0 15.11
12.0 409.0 15.11
13.2 422.0 16.11
13.9 391.0 16.11
15.3 450.0 18.11
15.5 472.0 18.11
15.7 484.0 18.11
15.9 486.0 18.11
15.5 493.0 18.11
15.5 480.0 18.11
15.2 467.0 18.11
15.0 467.0 17.11
15.4 471.0 18.11
15.9 494.0 18.11
16.1 480.0 19.11
15.8 438.0 18.11
16.1 517.0 19.11
16.1 509.0 19.11
16.1 852.0 18.11
15.9 809.0 18.11
15.6 779.0 19.11
15.9 742.0 19.11
16.1 780.0 19.11
16.4 878.0 19.11
16.9 946.0 19.11
17.2 946.0 20.11
17.5 639.0 20.11
18.1 1062.0 21.11
18.0 631.0 21.11
18.0 1246.0 21.11
18.4 1309.0 21.11
18.3 1289.0 21.11
18.0 1237.0 21.11
15.3 1424.0 18.11
15.5 566.0 18.11
15.0 487.0 17.11
14.4 482.0 17.11
12.5 446.0 15.11
11.7 427.0 15.11
10.7 1252.0 15.11
10.7 430.0 15.11
10.2 414.0 15.11
9.7 471.0 15.11
9.2 464.0 15.11
8.9 421.0 15.11
8.9 435.0 15.11
8.9 474.0 15.11
8.6 433.0 15.11
9.4 475.0 15.11
10.5 531.0 15.11
10.3 520.0 15.11
10.0 424.0 15.11
11.0 580.0 15.11
10.8 566.0 15.11
11.0 615.0 15.11
11.0 642.0 15.11
10.8 610.0 15.11
10.1 570.0 15.11
9.6 453.0 15.11
9.8 423.0 15.11
9.5 417.0 15.11
10.4 401.0 15.11
8.4 395.0 15.11
8.6 575.0 15.11
8.1 401.0 15.11
8.1 374.0 15.11
8.1 406.0 15.11
8.0 440.0 15.11
7.8 406.0 15.11
7.5 412.0 15.11
8.6 406.0 15.11
7.5 413.0 15.11
9.1 441.0 15.11
9.9 465.0 15.11
10.7 476.0 15.11
10.5 393.0 15.11
11.2 673.0 15.11
12.2 647.0 15.11
12.4 713.0 16.11
13.1 752.0 16.11
13.6 709.0 17.11
13.2 631.0 16.11
13.0 498.0 16.11
13.3 450.0 16.11
13.1 444.0 16.11
12.6 442.0 15.11
12.9 433.0 15.11
12.9 565.0 16.11
12.9 452.0 15.11
12.3 441.0 15.11
12.3 543.0 15.11
12.1 548.0 15.11
11.5 566.0 15.11
11.3 490.0 15.11
11.0 493.0 15.11
11.5 573.0 15.11
12.6 549.0 15.11
13.4 616.0 16.11
13.5 697.0 17.11
13.9 439.0 16.11
15.1 823.0 17.11
15.9 918.0 18.11
15.6 885.0 18.11
16.2 884.0 18.11
15.7 874.0 18.11
15.8 806.0 19.11
15.3 555.0 18.11
15.5 502.0 18.11
15.6 504.0 18.11
16.0 506.0 18.11
16.3 507.0 19.11
16.3 754.0 19.11
16.6 558.0 19.11
16.6 539.0 19.11
16.6 810.0 19.11
17.2 895.0 19.11
16.4 827.0 19.11
16.7 830.0 19.11
16.9 872.0 19.11
17.1 906.0 19.11
17.3 928.0 20.11
18.2 943.0 20.11
18.2 644.0 21.11
18.8 1102.0 21.11
19.2 624.0 22.11
18.7 1305.0 21.11
19.0 1318.0 22.11
18.3 1406.0 21.11
18.0 809.0 20.11
17.1 54.0 19.11
17.5 54.0 19.11
16.9 54.0 19.11
14.4 54.0 16.11
13.9 382.0 16.11
13.6 380.0 16.11
12.9 941.0 15.11
12.0 390.0 15.11
11.7 392.0 15.11
11.2 55.0 18.11
10.2 54.0 15.11
10.2 55.0 15.11
9.7 54.0 15.11
9.7 53.0 15.11
9.4 54.0 15.11
11.2 54.0 18.11
11.7 54.0 20.11
11.7 55.0 23.11
12.4 386.0 15.11
12.7 54.0 15.11
12.2 54.0 15.11
11.7 55.0 23.11
12.2 54.0 15.11
11.5 55.0 21.11
10.6 55.0 15.11
10.1 54.0 15.11
10.1 54.0 15.11
9.0 54.0 15.11
8.8 54.0 15.11
8.3 55.0 15.11
8.2 55.0 15.11
8.5 54.0 15.11
8.2 55.0 15.11
7.4 55.0 15.11
7.1 54.0 15.11
6.8 55.0 15.11
7.1 55.0 15.11
7.4 53.0 15.11
7.7 54.0 15.11
9.2 54.0 15.11
9.5 53.0 15.11
10.5 54.0 15.11
10.5 56.0 15.11
10.8 53.0 15.11
11.3 54.0 21.11
11.3 54.0 21.11
10.9 54.0 15.11
10.7 55.0 15.11
10.2 54.0 15.11
9.9 54.0 15.11
9.6 55.0 15.11
9.1 54.0 15.11
8.0 55.0 15.11
8.0 54.0 15.11
8.7 55.0 15.11
7.9 54.0 15.11
8.4 54.0 15.11
7.6 55.0 15.11
7.6 54.0 15.11
7.3 54.0 15.11
8.1 54.0 15.11
7.3 54.0 15.11
7.3 54.0 15.11
9.7 53.0 15.11
10.5 54.0 15.11
11.2 956.0 15.11
11.6 402.0 15.11
12.0 493.0 15.11
12.3 483.0 15.11
12.2 579.0 15.11
13.0 1061.0 16.11
13.2 1018.0 16.11
12.9 981.0 16.11
13.8 496.0 16.11
12.0 54.0 15.11
11.7 55.0 23.11
11.7 55.0 23.11
12.3 55.0 15.11
12.1 863.0 15.11
12.6 55.0 15.11
11.8 53.0 17.11
11.8 56.0 20.11
11.2 53.0 15.11
10.2 54.0 15.11
11.2 54.0 18.11
9.7 340.0 15.11
11.0 784.0 15.11
11.8 405.0 15.11
12.8 461.0 15.11
13.5 478.0 16.11
15.1 547.0 18.11
15.3 607.0 18.11
15.7 1264.0 18.11
16.9 1170.0 20.11
16.9 1158.0 19.11
17.4 1164.0 20.11
16.6 1109.0 19.11
16.4 969.0 19.11
16.6 518.0 19.11
16.1 493.0 19.11
15.6 494.0 18.11
15.3 473.0 18.11
15.4 589.0 18.11
14.9 503.0 17.11
14.6 496.0 17.11
14.3 1214.0 17.11
13.7 983.0 16.11
13.9 955.0 16.11
14.0 931.0 16.11
13.4 949.0 16.11
14.8 968.0 17.11
15.0 982.0 17.11
15.0 1045.0 18.11
15.2 1094.0 18.11
16.1 473.0 18.11
17.2 1236.0 20.11
18.1 1291.0 21.11
17.1 1303.0 20.11
17.3 1223.0 20.11
17.4 1211.0 20.11
16.7 1123.0 19.11
16.7 868.0 19.11
16.8 522.0 19.11
17.2 531.0 20.11
17.3 531.0 20.11
17.1 527.0 20.11
16.7 1168.0 19.11
16.9 555.0 19.11
16.4 539.0 19.11
16.0 1200.0 19.11
15.6 1053.0 18.11
15.6 974.0 18.11
15.6 963.0 18.11
15.6 965.0 18.11
15.6 976.0 18.11
15.3 997.0 18.11
15.6 1035.0 18.11
16.1 1059.0 19.11
16.1 1032.0 19.11
16.5 577.0 19.11
16.8 1119.0 19.11
17.5 1165.0 20.11
17.6 1211.0 20.11
17.4 1200.0 20.11
17.2 1150.0 20.11
16.9 1000.0 19.11
16.3 475.0 19.11
16.1 477.0 18.11
15.9 466.0 18.11
16.1 465.0 18.11
16.1 1069.0 19.11
15.8 494.0 18.11
15.9 493.0 18.11
15.9 1010.0 18.11
15.6 1006.0 18.11
15.9 969.0 18.11
15.9 957.0 18.11
15.9 975.0 18.11
15.9 998.0 18.11
16.4 1021.0 19.11
16.4 1051.0 19.11
16.6 1073.0 19.11
16.8 607.0 19.11
17.0 973.0 19.11
16.7 1126.0 19.11
16.9 1121.0 19.11
17.0 1128.0 20.11
17.0 1107.0 20.11
16.8 1062.0 19.11
16.5 945.0 19.11
16.3 504.0 19.11
16.3 503.0 19.11
15.8 499.0 18.11
15.6 490.0 18.11
15.3 1134.0 18.11
14.8 485.0 17.11
14.8 475.0 17.11
14.6 504.0 17.11
14.6 470.0 17.11
14.6 475.0 17.11
14.2 469.0 17.11
13.9 463.0 16.11
13.4 690.0 16.11
13.7 368.0 16.11
13.9 54.0 16.11
14.9 481.0 17.11
15.3 478.0 18.11
14.9 469.0 17.11
14.1 746.0 17.11
14.4 55.0 16.11
14.4 495.0 17.11
14.8 659.0 18.11
14.2 55.0 16.11
14.0 54.0 16.11
14.3 507.0 17.11
14.1 355.0 16.11
14.1 55.0 16.11
13.8 477.0 16.11
13.5 493.0 16.11
13.3 550.0 16.11
13.0 56.0 15.11
12.8 55.0 15.11
12.5 466.0 15.11
12.2 578.0 15.11
12.0 54.0 15.11
11.5 54.0 25.11
11.7 497.0 15.11
11.5 54.0 25.11
11.2 545.0 15.11
10.0 54.0 15.11
10.7 560.0 15.11
10.7 573.0 15.11
10.9 55.0 15.11
11.4 54.0 25.11
12.0 55.0 24.11
12.0 53.0 17.11
11.8 579.0 15.11
11.3 54.0 21.11
11.3 340.0 15.11
11.3 53.0 15.11
11.5 494.0 15.11
11.5 53.0 15.11
11.3 54.0 21.11
11.5 592.0 15.11
11.5 53.0 15.11
11.3 524.0 15.11
11.0 511.0 15.11
11.0 480.0 15.11
10.5 465.0 15.11
9.9 54.0 15.11
9.9 54.0 15.11
9.9 283.0 15.11
9.9 605.0 15.11
9.7 82.0 17.11
9.4 53.0 15.11
9.4 54.0 15.11
9.4 375.0 15.11
9.1 54.0 15.11
8.8 54.0 15.11
8.6 53.0 15.11
8.6 494.0 15.11
8.3 54.0 15.11
8.0 54.0 15.11
7.5 54.0 15.11
7.2 490.0 15.11
7.2 363.0 15.11
6.9 503.0 15.11
6.4 53.0 15.11
5.6 53.0 15.11
5.6 54.0 15.11
5.6 53.0 15.11
5.6 53.0 15.11
5.6 53.0 15.11
5.1 54.0 15.11
5.3 54.0 15.11
4.8 54.0 15.11
4.8 53.0 15.11
5.1 53.0 15.11
5.1 353.0 15.11
5.1 53.0 15.11
4.5 53.0 15.11
5.1 54.0 15.11
5.1 54.0 15.11
5.1 52.0 15.11
5.1 53.0 15.11
5.1 52.0 15.11
5.1 52.0 15.11
4.8 54.0 15.11
5.1 55.0 15.11
4.5 53.0 15.11
4.5 54.0 15.11
4.5 54.0 15.11
4.5 53.0 15.11
4.3 53.0 15.11
4.8 53.0 15.11
5.1 53.0 15.11
4.8 53.0 15.11
4.8 54.0 15.11
5.1 52.0 15.11
5.4 52.0 15.11
6.2 53.0 15.11
6.8 556.0 15.11
6.6 631.0 15.11
7.4 53.0 15.11
7.5 54.0 15.11
7.3 779.0 15.11
7.5 53.0 15.11
7.7 54.0 15.11
7.4 53.0 15.11
7.4 53.0 15.11
7.4 54.0 15.11
6.8 54.0 15.11
6.1 53.0 15.11
5.5 563.0 15.11
5.2 726.0 15.11
5.2 515.0 15.11
