Tset	Date	Twet	Load	Hour(s)	TimeStamp(s)
15.11	10/1/2011 0:00	12	58.2	0	1317427200
15.11	10/1/2011 1:00	11.7	58.2	3600	1317430800
15.11	10/1/2011 2:00	10.4	58.2	7200	1317434400
15.11	10/1/2011 3:00	9.9	58.2	10800	1317438000
15.11	10/1/2011 4:00	9.7	58.2	14400	1317441600
15.11	10/1/2011 5:00	9.4	58.2	18000	1317445200
15.11	10/1/2011 6:00	9.4	58.2	21600	1317448800
15.11	10/1/2011 7:00	9.4	58.2	25200	1317452400
15.11	10/1/2011 8:00	9.7	58.2	28800	1317456000
15.11	10/1/2011 9:00	9.4	58.2	32400	1317459600
15.11	10/1/2011 10:00	10.2	58.2	36000	1317463200
15.11	10/1/2011 11:00	10.4	58.2	39600	1317466800
15.11	10/1/2011 12:00	10.2	58.2	43200	1317470400
15.11	10/1/2011 13:00	10.2	58.2	46800	1317474000
15.11	10/1/2011 14:00	9.9	58.2	50400	1317477600
15.11	10/1/2011 15:00	9.7	1105.8	54000	1317481200
15.11	10/1/2011 16:00	9.4	742.05	57600	1317484800
15.11	10/1/2011 17:00	8.8	727.5	61200	1317488400
15.11	10/1/2011 18:00	8.8	800.25	64800	1317492000
15.11	10/1/2011 19:00	8.8	829.35	68400	1317495600
15.11	10/1/2011 20:00	9.1	858.45	72000	1317499200
15.11	10/1/2011 21:00	9.4	58.2	75600	1317502800
15.11	10/1/2011 22:00	9.1	843.9	79200	1317506400
15.11	10/1/2011 23:00	8.8	858.45	82800	1317510000
15.11	10/2/2011 0:00	8.3	58.2	0	1317513600
15.11	10/2/2011 1:00	8.3	58.2	3600	1317517200
15.11	10/2/2011 2:00	7.7	58.2	7200	1317520800
15.11	10/2/2011 3:00	7.7	58.2	10800	1317524400
15.11	10/2/2011 4:00	7.2	58.2	14400	1317528000
15.11	10/2/2011 5:00	6.9	58.2	18000	1317531600
15.11	10/2/2011 6:00	6.7	58.2	21600	1317535200
15.11	10/2/2011 7:00	6.4	58.2	25200	1317538800
15.11	10/2/2011 9:00	7.3	58.2	32400	1317546000
15.11	10/2/2011 10:00	7.6	58.2	36000	1317549600
15.11	10/2/2011 11:00	7.3	824.5	39600	1317553200
15.11	10/2/2011 12:00	7.1	679	43200	1317556800
15.11	10/2/2011 13:00	7	232.8	46800	1317560400
15.11	10/2/2011 14:00	7	1338.6	50400	1317564000
15.11	10/2/2011 15:00	7.6	58.2	54000	1317567600
15.11	10/2/2011 16:00	7	979.7	57600	1317571200
15.11	10/2/2011 17:00	7.3	950.6	61200	1317574800
15.11	10/2/2011 18:00	7.5	863.3	64800	1317578400
15.11	10/2/2011 19:00	7.8	766.3	68400	1317582000
15.11	10/2/2011 20:00	7.3	58.2	72000	1317585600
15.11	10/2/2011 21:00	6.7	58.2	75600	1317589200
15.11	10/2/2011 22:00	6.1	58.2	79200	1317592800
15.11	10/2/2011 23:00	5.8	58.2	82800	1317596400
15.11	10/3/2011 0:00	5.8	58.2	0	1317600000
15.11	10/3/2011 1:00	6.1	58.2	3600	1317603600
15.11	10/3/2011 2:00	6.6	58.2	7200	1317607200
15.11	10/3/2011 3:00	5.8	58.2	10800	1317610800
15.11	10/3/2011 4:00	6.4	630.5	14400	1317614400
15.11	10/3/2011 5:00	5.8	679	18000	1317618000
15.11	10/3/2011 6:00	6.4	727.5	21600	1317621600
15.11	10/3/2011 7:00	6.9	698.4	25200	1317625200
15.11	10/3/2011 8:00	7.5	58.2	28800	1317628800
15.11	10/3/2011 9:00	8.6	58.2	32400	1317632400
15.11	10/3/2011 10:00	9.1	58.2	36000	1317636000
15.11	10/3/2011 11:00	8.9	58.2	39600	1317639600
15.11	10/3/2011 12:00	9.7	58.2	43200	1317643200
15.11	10/3/2011 13:00	9.1	58.2	46800	1317646800
15.11	10/3/2011 14:00	8.6	829.35	50400	1317650400
15.11	10/3/2011 15:00	9.1	873	54000	1317654000
15.11	10/3/2011 16:00	9.1	858.45	57600	1317657600
15.11	10/3/2011 17:00	9.1	1033.05	61200	1317661200
15.11	10/3/2011 18:00	8.6	1018.5	64800	1317664800
15.11	10/3/2011 19:00	9.1	1003.95	68400	1317668400
15.11	10/3/2011 20:00	9.1	669.3	72000	1317672000
15.11	10/3/2011 21:00	9.4	58.2	75600	1317675600
15.11	10/3/2011 22:00	8.8	640.2	79200	1317679200
15.11	10/3/2011 23:00	9.1	654.75	82800	1317682800
15.11	10/4/2011 0:00	9.1	640.2	0	1317686400
15.11	10/4/2011 1:00	8.8	640.2	3600	1317690000
15.11	10/4/2011 2:00	8.8	58.2	7200	1317693600
15.11	10/4/2011 3:00	8	58.2	10800	1317697200
15.11	10/4/2011 4:00	8	58.2	14400	1317700800
15.11	10/4/2011 5:00	7.5	58.2	18000	1317704400
15.11	10/4/2011 6:00	8.6	58.2	21600	1317708000
15.11	10/4/2011 7:00	9.1	58.2	25200	1317711600
15.11	10/4/2011 8:00	11	58.2	28800	1317715200
15.11	10/4/2011 9:00	12.5	58.2	32400	1317718800
15.11	10/4/2011 10:00	13	58.2	36000	1317722400
15.11	10/4/2011 11:00	13.4	58.2	39600	1317726000
17.11	10/4/2011 12:00	14.1	620.8	43200	1317729600
17.11	10/4/2011 13:00	14.8	58.2	46800	1317733200
16.11	10/4/2011 14:00	14.6	58.2	50400	1317736800
17.11	10/4/2011 15:00	14.5	940.9	54000	1317740400
16.11	10/4/2011 16:00	14	882.7	57600	1317744000
17.11	10/4/2011 17:00	13.6	688.7	61200	1317747600
15.11	10/4/2011 18:00	13.1	58.2	64800	1317751200
15.11	10/4/2011 19:00	12.6	58.2	68400	1317754800
15.11	10/4/2011 20:00	12.9	58.2	72000	1317758400
15.11	10/4/2011 21:00	12.1	58.2	75600	1317762000
15.11	10/4/2011 22:00	11.8	58.2	79200	1317765600
15.11	10/4/2011 23:00	11.8	58.2	82800	1317769200
15.11	10/5/2011 0:00	11.3	58.2	0	1317772800
15.11	10/5/2011 1:00	11	58.2	3600	1317776400
15.11	10/5/2011 2:00	10.7	58.2	7200	1317780000
15.11	10/5/2011 3:00	10.2	58.2	10800	1317783600
15.11	10/5/2011 4:00	10.5	698.4	14400	1317787200
15.11	10/5/2011 5:00	10.7	58.2	18000	1317790800
15.11	10/5/2011 6:00	11.3	58.2	21600	1317794400
15.11	10/5/2011 7:00	13.1	58.2	25200	1317798000
16.11	10/5/2011 8:00	14.3	58.2	28800	1317801600
15.11	10/5/2011 9:00	13.6	58.2	32400	1317805200
17.11	10/5/2011 10:00	14.1	654.75	36000	1317808800
17.11	10/5/2011 11:00	14.3	1324.05	39600	1317812400
17.11	10/5/2011 12:00	14.5	1382.25	43200	1317816000
18.11	10/5/2011 13:00	15	1396.8	46800	1317819600
17.11	10/5/2011 14:00	14.3	1396.8	50400	1317823200
17.11	10/5/2011 15:00	14.3	1396.8	54000	1317826800
17.11	10/5/2011 16:00	14.3	1396.8	57600	1317830400
17.11	10/5/2011 17:00	13.9	1396.8	61200	1317834000
16.11	10/5/2011 18:00	13.3	1367.7	64800	1317837600
15.11	10/5/2011 19:00	12.1	1382.25	68400	1317841200
16.11	10/5/2011 20:00	12.3	785.7	72000	1317844800
16.11	10/5/2011 21:00	12.5	683.85	75600	1317848400
15.11	10/5/2011 22:00	12	698.4	79200	1317852000
15.11	10/5/2011 23:00	11	698.4	82800	1317855600
15.11	10/6/2011 0:00	9.7	698.4	0	1317859200
15.11	10/6/2011 1:00	9.2	683.85	3600	1317862800
15.11	10/6/2011 2:00	7.5	669.3	7200	1317866400
15.11	10/6/2011 3:00	7.8	1018.5	10800	1317870000
15.11	10/6/2011 4:00	7.6	1076.7	14400	1317873600
15.11	10/6/2011 5:00	7	1091.25	18000	1317877200
15.11	10/6/2011 6:00	7.6	1120.35	21600	1317880800
15.11	10/6/2011 7:00	9.2	1164	25200	1317884400
15.11	10/6/2011 8:00	10	1236.75	28800	1317888000
15.11	10/6/2011 9:00	10.1	1265.85	32400	1317891600
15.11	10/6/2011 10:00	10.6	58.2	36000	1317895200
15.11	10/6/2011 11:00	11.1	58.2	39600	1317898800
15.11	10/6/2011 12:00	11.8	58.2	43200	1317902400
15.11	10/6/2011 13:00	12.3	572.3	46800	1317906000
15.11	10/6/2011 14:00	12.5	58.2	50400	1317909600
16.11	10/6/2011 15:00	12.9	562.6	54000	1317913200
15.11	10/6/2011 16:00	12.9	58.2	57600	1317916800
15.11	10/6/2011 17:00	12.2	58.2	61200	1317920400
15.11	10/6/2011 18:00	11.5	58.2	64800	1317924000
15.11	10/6/2011 19:00	10.7	58.2	68400	1317927600
15.11	10/6/2011 20:00	10.2	58.2	72000	1317931200
15.11	10/6/2011 21:00	9.7	58.2	75600	1317934800
15.11	10/6/2011 22:00	9.1	58.2	79200	1317938400
15.11	10/6/2011 23:00	8.3	58.2	82800	1317942000
15.11	10/7/2011 0:00	8.3	58.2	0	1317945600
15.11	10/7/2011 1:00	7.7	58.2	3600	1317949200
15.11	10/7/2011 2:00	7.7	58.2	7200	1317952800
15.11	10/7/2011 3:00	6.9	58.2	10800	1317956400
15.11	10/7/2011 4:00	7.7	58.2	14400	1317960000
15.11	10/7/2011 5:00	7.2	58.2	18000	1317963600
15.11	10/7/2011 6:00	8	58.2	21600	1317967200
15.11	10/7/2011 7:00	11.5	58.2	25200	1317970800
15.11	10/7/2011 8:00	13.3	58.2	28800	1317974400
16.11	10/7/2011 9:00	14.2	58.2	32400	1317978000
17.11	10/7/2011 10:00	14.4	683.85	36000	1317981600
17.11	10/7/2011 11:00	14.6	931.2	39600	1317985200
16.11	10/7/2011 12:00	13.4	974.85	43200	1317988800
16.11	10/7/2011 13:00	13.6	974.85	46800	1317992400
17.11	10/7/2011 14:00	14.3	974.85	50400	1317996000
16.11	10/7/2011 15:00	13.9	945.75	54000	1317999600
16.11	10/7/2011 16:00	13.4	902.1	57600	1318003200
15.11	10/7/2011 17:00	12.5	887.55	61200	1318006800
15.11	10/7/2011 18:00	12.3	887.55	64800	1318010400
15.11	10/7/2011 19:00	11.3	843.9	68400	1318014000
15.11	10/7/2011 20:00	11	640.2	72000	1318017600
15.11	10/7/2011 21:00	10.8	742.05	75600	1318021200
15.11	10/7/2011 22:00	10.2	58.2	79200	1318024800
15.11	10/7/2011 23:00	9.9	58.2	82800	1318028400
15.11	10/8/2011 0:00	9.4	58.2	0	1318032000
15.11	10/8/2011 1:00	8.8	58.2	3600	1318035600
15.11	10/8/2011 2:00	8.3	712.95	7200	1318039200
15.11	10/8/2011 3:00	8.8	945.75	10800	1318042800
15.11	10/8/2011 4:00	8	1062.15	14400	1318046400
15.11	10/8/2011 5:00	8.3	1047.6	18000	1318050000
15.11	10/8/2011 6:00	9.1	1047.6	21600	1318053600
15.11	10/8/2011 7:00	12.1	960.3	25200	1318057200
17.11	10/8/2011 8:00	14.2	1003.95	28800	1318060800
18.11	10/8/2011 9:00	15.1	960.3	32400	1318064400
17.11	10/8/2011 10:00	14.9	58.2	36000	1318068000
17.11	10/8/2011 11:00	15.5	58.2	39600	1318071600
17.11	10/8/2011 12:00	15.3	58.2	43200	1318075200
18.11	10/8/2011 13:00	15.2	1028.2	46800	1318078800
16.11	10/8/2011 14:00	13.9	58.2	50400	1318082400
17.11	10/8/2011 15:00	15.3	58.2	54000	1318086000
16.11	10/8/2011 16:00	13.6	436.5	57600	1318089600
16.11	10/8/2011 17:00	13.2	475.3	61200	1318093200
15.11	10/8/2011 18:00	12.5	58.2	64800	1318096800
15.11	10/8/2011 19:00	11.8	58.2	68400	1318100400
15.11	10/8/2011 20:00	12.1	58.2	72000	1318104000
15.11	10/8/2011 21:00	11	58.2	75600	1318107600
15.11	10/8/2011 22:00	10.8	58.2	79200	1318111200
15.11	10/8/2011 23:00	10.5	58.2	82800	1318114800
15.11	10/9/2011 0:00	10.2	58.2	0	1318118400
15.11	10/9/2011 1:00	10.8	58.2	3600	1318122000
15.11	10/9/2011 2:00	9.9	58.2	7200	1318125600
15.11	10/9/2011 3:00	9.9	58.2	10800	1318129200
15.11	10/9/2011 4:00	9.7	58.2	14400	1318132800
15.11	10/9/2011 5:00	9.4	58.2	18000	1318136400
15.11	10/9/2011 7:00	12.8	58.2	25200	1318143600
17.11	10/9/2011 8:00	15.3	58.2	28800	1318147200
18.11	10/9/2011 9:00	16.5	58.2	32400	1318150800
19.11	10/9/2011 10:00	16.9	58.2	36000	1318154400
19.11	10/9/2011 11:00	17.2	58.2	39600	1318158000
19.11	10/9/2011 12:00	17.2	58.2	43200	1318161600
19.11	10/9/2011 13:00	17.5	58.2	46800	1318165200
19.11	10/9/2011 14:00	17.4	58.2	50400	1318168800
19.11	10/9/2011 15:00	17.7	58.2	54000	1318172400
20.11	10/9/2011 16:00	18.2	58.2	57600	1318176000
18.11	10/9/2011 17:00	16.7	58.2	61200	1318179600
18.11	10/9/2011 18:00	16	58.2	64800	1318183200
17.11	10/9/2011 19:00	15.3	58.2	68400	1318186800
16.11	10/9/2011 20:00	14	58.2	72000	1318190400
16.11	10/9/2011 21:00	14.3	58.2	75600	1318194000
15.11	10/9/2011 22:00	13.5	58.2	79200	1318197600
15.11	10/9/2011 23:00	12.7	58.2	82800	1318201200
15.11	10/10/2011 0:00	12.1	58.2	0	1318204800
15.11	10/10/2011 1:00	12.9	58.2	3600	1318208400
15.11	10/10/2011 2:00	13.2	58.2	7200	1318212000
15.11	10/10/2011 3:00	11.8	58.2	10800	1318215600
15.11	10/10/2011 4:00	11.6	58.2	14400	1318219200
15.11	10/10/2011 5:00	11.3	58.2	18000	1318222800
15.11	10/10/2011 6:00	11.6	58.2	21600	1318226400
16.11	10/10/2011 7:00	14.3	58.2	25200	1318230000
18.11	10/10/2011 8:00	16.5	58.2	28800	1318233600
19.11	10/10/2011 9:00	17.5	58.2	32400	1318237200
20.11	10/10/2011 10:00	18	58.2	36000	1318240800
21.11	10/10/2011 11:00	18.8	58.2	39600	1318244400
20.11	10/10/2011 12:00	18.6	58.2	43200	1318248000
19.11	10/10/2011 13:00	17.7	58.2	46800	1318251600
19.11	10/10/2011 14:00	17.3	58.2	50400	1318255200
19.11	10/10/2011 15:00	17.7	58.2	54000	1318258800
20.11	10/10/2011 16:00	18.1	58.2	57600	1318262400
20.11	10/10/2011 17:00	18	58.2	61200	1318266000
19.11	10/10/2011 18:00	17.4	58.2	64800	1318269600
18.11	10/10/2011 19:00	16.4	58.2	68400	1318273200
17.11	10/10/2011 20:00	15.6	58.2	72000	1318276800
17.11	10/10/2011 21:00	15.4	58.2	75600	1318280400
17.11	10/10/2011 22:00	15.4	58.2	79200	1318284000
17.11	10/10/2011 23:00	14.9	58.2	82800	1318287600
17.11	10/11/2011 0:00	14.9	58.2	0	1318291200
17.11	10/11/2011 1:00	15.1	58.2	3600	1318294800
17.11	10/11/2011 2:00	15.1	58.2	7200	1318298400
17.11	10/11/2011 3:00	15.1	58.2	10800	1318302000
17.11	10/11/2011 4:00	14.9	58.2	14400	1318305600
17.11	10/11/2011 5:00	15.1	58.2	18000	1318309200
18.11	10/11/2011 6:00	15.8	58.2	21600	1318312800
19.11	10/11/2011 7:00	16.9	58.2	25200	1318316400
18.11	10/11/2011 8:00	16.5	58.2	28800	1318320000
19.11	10/11/2011 9:00	17	58.2	32400	1318323600
19.11	10/11/2011 10:00	17.1	58.2	36000	1318327200
19.11	10/11/2011 11:00	17.6	58.2	39600	1318330800
20.11	10/11/2011 12:00	17.9	58.2	43200	1318334400
20.11	10/11/2011 13:00	18.2	58.2	46800	1318338000
20.11	10/11/2011 14:00	18.4	58.2	50400	1318341600
20.11	10/11/2011 15:00	18.2	873	54000	1318345200
21.11	10/11/2011 16:00	18.5	654.75	57600	1318348800
21.11	10/11/2011 17:00	18	669.3	61200	1318352400
20.11	10/11/2011 18:00	17.5	756.6	64800	1318356000
19.11	10/11/2011 19:00	17.6	58.2	68400	1318359600
19.11	10/11/2011 20:00	17.6	58.2	72000	1318363200
18.11	10/11/2011 21:00	16.2	58.2	75600	1318366800
18.11	10/11/2011 22:00	16.2	58.2	79200	1318370400
18.11	10/11/2011 23:00	16	58.2	82800	1318374000
18.11	10/12/2011 0:00	16.1	58.2	0	1318377600
18.11	10/12/2011 1:00	16.4	58.2	3600	1318381200
18.11	10/12/2011 2:00	16.4	58.2	7200	1318384800
18.11	10/12/2011 3:00	16.2	58.2	10800	1318388400
18.11	10/12/2011 4:00	16.2	58.2	14400	1318392000
18.11	10/12/2011 5:00	16	58.2	18000	1318395600
17.11	10/12/2011 6:00	15.6	58.2	21600	1318399200
18.11	10/12/2011 7:00	16	58.2	25200	1318402800
18.11	10/12/2011 8:00	16.2	58.2	28800	1318406400
18.11	10/12/2011 9:00	16.2	58.2	32400	1318410000
18.11	10/12/2011 10:00	15.9	58.2	36000	1318413600
18.11	10/12/2011 11:00	16.2	58.2	39600	1318417200
18.11	10/12/2011 12:00	16.2	58.2	43200	1318420800
18.11	10/12/2011 13:00	16.5	58.2	46800	1318424400
18.11	10/12/2011 14:00	16.5	58.2	50400	1318428000
19.11	10/12/2011 15:00	16.8	58.2	54000	1318431600
19.11	10/12/2011 16:00	16.8	58.2	57600	1318435200
18.11	10/12/2011 17:00	16.5	58.2	61200	1318438800
18.11	10/12/2011 18:00	16.5	58.2	64800	1318442400
19.11	10/12/2011 19:00	16.8	58.2	68400	1318446000
19.11	10/12/2011 20:00	16.8	58.2	72000	1318449600
19.11	10/12/2011 21:00	16.8	58.2	75600	1318453200
19.11	10/12/2011 22:00	16.8	58.2	79200	1318456800
19.11	10/12/2011 23:00	16.8	58.2	82800	1318460400
19.11	10/13/2011 0:00	16.8	58.2	0	1318464000
19.11	10/13/2011 1:00	16.8	58.2	3600	1318467600
19.11	10/13/2011 2:00	16.8	58.2	7200	1318471200
19.11	10/13/2011 3:00	16.8	58.2	10800	1318474800
19.11	10/13/2011 4:00	16.8	58.2	14400	1318478400
19.11	10/13/2011 5:00	16.8	58.2	18000	1318482000
19.11	10/13/2011 6:00	17.2	58.2	21600	1318485600
19.11	10/13/2011 7:00	17.2	58.2	25200	1318489200
19.11	10/13/2011 8:00	17.4	58.2	28800	1318492800
20.11	10/13/2011 9:00	17.9	58.2	32400	1318496400
21.11	10/13/2011 10:00	18.5	426.8	36000	1318500000
21.11	10/13/2011 11:00	18.8	669.3	39600	1318503600
22.11	10/13/2011 12:00	19.6	950.6	43200	1318507200
22.11	10/13/2011 13:00	19.6	659.6	46800	1318510800
23.11	10/13/2011 14:00	20.1	766.3	50400	1318514400
23.11	10/13/2011 15:00	20.7	882.7	54000	1318518000
23.11	10/13/2011 16:00	20.7	853.6	57600	1318521600
23.11	10/13/2011 17:00	20.7	863.3	61200	1318525200
23.11	10/13/2011 18:00	20.3	805.1	64800	1318528800
23.11	10/13/2011 19:00	20.3	766.3	68400	1318532400
23.11	10/13/2011 20:00	20.5	494.7	72000	1318536000
23.11	10/13/2011 21:00	20.5	446.2	75600	1318539600
23.11	10/13/2011 22:00	20.5	446.2	79200	1318543200
21.11	10/13/2011 23:00	18.9	455.9	82800	1318546800
22.11	10/14/2011 0:00	19.8	446.2	0	1318550400
22.11	10/14/2011 1:00	19.4	436.5	3600	1318554000
21.11	10/14/2011 2:00	18.7	436.5	7200	1318557600
21.11	10/14/2011 3:00	18.7	504.4	10800	1318561200
21.11	10/14/2011 4:00	18.2	572.3	14400	1318564800
21.11	10/14/2011 5:00	18.1	601.4	18000	1318568400
21.11	10/14/2011 6:00	18.1	601.4	21600	1318572000
21.11	10/14/2011 7:00	18.1	601.4	25200	1318575600
21.11	10/14/2011 8:00	18	611.1	28800	1318579200
20.11	10/14/2011 9:00	17.1	620.8	32400	1318582800
20.11	10/14/2011 10:00	18	58.2	36000	1318586400
18.11	10/14/2011 11:00	16.1	58.2	39600	1318590000
19.11	10/14/2011 12:00	17	58.2	43200	1318593600
17.11	10/14/2011 13:00	15.7	58.2	46800	1318597200
17.11	10/14/2011 14:00	15.6	58.2	50400	1318600800
15.11	10/14/2011 15:00	13.3	58.2	54000	1318604400
15.11	10/14/2011 16:00	12.2	58.2	57600	1318608000
15.11	10/14/2011 17:00	11.2	58.2	61200	1318611600
15.11	10/14/2011 18:00	10.7	58.2	64800	1318615200
15.11	10/14/2011 19:00	10.2	58.2	68400	1318618800
15.11	10/14/2011 20:00	10	58.2	72000	1318622400
15.11	10/14/2011 21:00	10.2	58.2	75600	1318626000
15.11	10/14/2011 22:00	9.7	58.2	79200	1318629600
15.11	10/14/2011 23:00	9.7	58.2	82800	1318633200
15.11	10/15/2011 0:00	9.4	58.2	0	1318636800
15.11	10/15/2011 1:00	9.4	58.2	3600	1318640400
15.11	10/15/2011 2:00	9.2	58.2	7200	1318644000
15.11	10/15/2011 3:00	9.4	58.2	10800	1318647600
15.11	10/15/2011 4:00	9.4	58.2	14400	1318651200
15.11	10/15/2011 5:00	8.9	58.2	18000	1318654800
15.11	10/15/2011 6:00	8.9	58.2	21600	1318658400
15.11	10/15/2011 7:00	9.7	58.2	25200	1318662000
15.11	10/15/2011 8:00	11	58.2	28800	1318665600
15.11	10/15/2011 9:00	11.2	58.2	32400	1318669200
15.11	10/15/2011 10:00	11.3	58.2	36000	1318672800
15.11	10/15/2011 11:00	12.2	58.2	39600	1318676400
15.11	10/15/2011 12:00	12	58.2	43200	1318680000
15.11	10/15/2011 13:00	11.9	58.2	46800	1318683600
15.11	10/15/2011 14:00	11.5	58.2	50400	1318687200
15.11	10/15/2011 15:00	11.2	58.2	54000	1318690800
15.11	10/15/2011 16:00	10.3	58.2	57600	1318694400
15.11	10/15/2011 17:00	9.5	58.2	61200	1318698000
15.11	10/15/2011 18:00	8.9	58.2	64800	1318701600
15.11	10/15/2011 19:00	8.9	58.2	68400	1318705200
15.11	10/15/2011 20:00	8.7	58.2	72000	1318708800
15.11	10/15/2011 21:00	8.6	58.2	75600	1318712400
15.11	10/15/2011 22:00	7.9	58.2	79200	1318716000
15.11	10/15/2011 23:00	7.3	58.2	82800	1318719600
15.11	10/16/2011 0:00	7.4	58.2	0	1318723200
15.11	10/16/2011 1:00	7.8	58.2	3600	1318726800
15.11	10/16/2011 2:00	7.3	58.2	7200	1318730400
15.11	10/16/2011 3:00	7.5	58.2	10800	1318734000
15.11	10/16/2011 4:00	7.5	58.2	14400	1318737600
15.11	10/16/2011 5:00	7.2	58.2	18000	1318741200
15.11	10/16/2011 6:00	7.3	58.2	21600	1318744800
15.11	10/16/2011 7:00	9.2	58.2	25200	1318748400
15.11	10/16/2011 8:00	10.2	58.2	28800	1318752000
15.11	10/16/2011 9:00	11.5	58.2	32400	1318755600
15.11	10/16/2011 10:00	11.6	58.2	36000	1318759200
15.11	10/16/2011 11:00	12	58.2	39600	1318762800
15.11	10/16/2011 12:00	12.2	58.2	43200	1318766400
15.11	10/16/2011 13:00	12.2	58.2	46800	1318770000
15.11	10/16/2011 14:00	12.7	58.2	50400	1318773600
15.11	10/16/2011 15:00	12.9	58.2	54000	1318777200
15.11	10/16/2011 16:00	12.9	58.2	57600	1318780800
15.11	10/16/2011 17:00	12.6	58.2	61200	1318784400
15.11	10/16/2011 18:00	12.7	58.2	64800	1318788000
15.11	10/16/2011 19:00	12.7	58.2	68400	1318791600
15.11	10/16/2011 20:00	12.7	58.2	72000	1318795200
15.11	10/16/2011 21:00	12.9	58.2	75600	1318798800
15.11	10/16/2011 22:00	12.9	58.2	79200	1318802400
15.11	10/16/2011 23:00	13.1	58.2	82800	1318806000
15.11	10/17/2011 0:00	13.4	58.2	0	1318809600
15.11	10/17/2011 1:00	12.7	58.2	3600	1318813200
15.11	10/17/2011 2:00	12.2	58.2	7200	1318816800
15.11	10/17/2011 3:00	12.2	58.2	10800	1318820400
15.11	10/17/2011 4:00	10.9	58.2	14400	1318824000
15.11	10/17/2011 5:00	10.7	58.2	18000	1318827600
15.11	10/17/2011 6:00	10.5	58.2	21600	1318831200
15.11	10/17/2011 7:00	10	58.2	25200	1318834800
15.11	10/17/2011 8:00	10	58.2	28800	1318838400
15.11	10/17/2011 9:00	10.5	58.2	32400	1318842000
15.11	10/17/2011 10:00	12	58.2	36000	1318845600
15.11	10/17/2011 11:00	12.7	58.2	39600	1318849200
15.11	10/17/2011 12:00	13.6	58.2	43200	1318852800
16.11	10/17/2011 13:00	13.8	58.2	46800	1318856400
16.11	10/17/2011 14:00	14.3	58.2	50400	1318860000
16.11	10/17/2011 15:00	14	58.2	54000	1318863600
15.11	10/17/2011 16:00	13.6	58.2	57600	1318867200
15.11	10/17/2011 17:00	13.3	58.2	61200	1318870800
15.11	10/17/2011 18:00	12.3	58.2	64800	1318874400
15.11	10/17/2011 19:00	11.5	58.2	68400	1318878000
15.11	10/17/2011 20:00	11	58.2	72000	1318881600
15.11	10/17/2011 21:00	11	58.2	75600	1318885200
15.11	10/17/2011 22:00	10.5	58.2	79200	1318888800
15.11	10/17/2011 23:00	9.4	58.2	82800	1318892400
15.11	10/18/2011 0:00	9.4	58.2	0	1318896000
15.11	10/18/2011 1:00	9.7	58.2	3600	1318899600
15.11	10/18/2011 2:00	8.6	58.2	7200	1318903200
15.11	10/18/2011 3:00	9.4	58.2	10800	1318906800
15.11	10/18/2011 4:00	10.5	58.2	14400	1318910400
15.11	10/18/2011 5:00	10.8	58.2	18000	1318914000
15.11	10/18/2011 6:00	11	58.2	21600	1318917600
15.11	10/18/2011 7:00	12.9	58.2	25200	1318921200
16.11	10/18/2011 8:00	14.5	58.2	28800	1318924800
17.11	10/18/2011 9:00	15	58.2	32400	1318928400
16.11	10/18/2011 10:00	14.3	58.2	36000	1318932000
15.11	10/18/2011 11:00	13.3	58.2	39600	1318935600
15.11	10/18/2011 12:00	13.6	58.2	43200	1318939200
17.11	10/18/2011 13:00	14.7	58.2	46800	1318942800
17.11	10/18/2011 14:00	14.7	58.2	50400	1318946400
17.11	10/18/2011 15:00	15	58.2	54000	1318950000
16.11	10/18/2011 16:00	14.4	58.2	57600	1318953600
15.11	10/18/2011 17:00	13.5	58.2	61200	1318957200
15.11	10/18/2011 18:00	13	58.2	64800	1318960800
15.11	10/18/2011 19:00	12.7	58.2	68400	1318964400
15.11	10/18/2011 20:00	13.5	58.2	72000	1318968000
16.11	10/18/2011 21:00	14.1	58.2	75600	1318971600
16.11	10/18/2011 22:00	14.1	58.2	79200	1318975200
16.11	10/18/2011 23:00	14.2	58.2	82800	1318978800
16.11	10/19/2011 0:00	14.2	58.2	0	1318982400
17.11	10/19/2011 1:00	14.8	58.2	3600	1318986000
17.11	10/19/2011 2:00	15.7	58.2	7200	1318989600
18.11	10/19/2011 3:00	16.1	58.2	10800	1318993200
18.11	10/19/2011 4:00	16.3	58.2	14400	1318996800
17.11	10/19/2011 5:00	15.6	58.2	18000	1319000400
17.11	10/19/2011 6:00	15.2	58.2	21600	1319004000
17.11	10/19/2011 7:00	14.7	58.2	25200	1319007600
17.11	10/19/2011 8:00	14.9	58.2	28800	1319011200
17.11	10/19/2011 9:00	15.4	58.2	32400	1319014800
18.11	10/19/2011 10:00	16.2	58.2	36000	1319018400
19.11	10/19/2011 11:00	17.1	58.2	39600	1319022000
19.11	10/19/2011 12:00	17.1	58.2	43200	1319025600
19.11	10/19/2011 13:00	17.1	58.2	46800	1319029200
20.11	10/19/2011 14:00	17.9	58.2	50400	1319032800
21.11	10/19/2011 15:00	19	58.2	54000	1319036400
21.11	10/19/2011 16:00	19.6	58.2	57600	1319040000
20.11	10/19/2011 17:00	18.5	58.2	61200	1319043600
21.11	10/19/2011 18:00	19.4	58.2	64800	1319047200
22.11	10/19/2011 19:00	20.5	58.2	68400	1319050800
23.11	10/19/2011 20:00	21.1	58.2	72000	1319054400
23.11	10/19/2011 21:00	20.9	58.2	75600	1319058000
22.11	10/19/2011 22:00	20.5	58.2	79200	1319061600
21.11	10/19/2011 23:00	19.8	58.2	82800	1319065200
21.11	10/20/2011 0:00	18.9	58.2	0	1319068800
19.11	10/20/2011 1:00	17.5	58.2	3600	1319072400
18.11	10/20/2011 2:00	16.6	58.2	7200	1319076000
17.11	10/20/2011 3:00	14.7	58.2	10800	1319079600
15.11	10/20/2011 4:00	13.4	58.2	14400	1319083200
15.11	10/20/2011 5:00	12.3	58.2	18000	1319086800
15.11	10/20/2011 6:00	11	58.2	21600	1319090400
15.11	10/20/2011 7:00	10.2	58.2	25200	1319094000
15.11	10/20/2011 8:00	10.2	58.2	28800	1319097600
15.11	10/20/2011 9:00	10.4	58.2	32400	1319101200
15.11	10/20/2011 10:00	10.7	58.2	36000	1319104800
15.11	10/20/2011 11:00	10.2	58.2	39600	1319108400
15.11	10/20/2011 12:00	9.5	58.2	43200	1319112000
15.11	10/20/2011 13:00	9.5	58.2	46800	1319115600
15.11	10/20/2011 14:00	10	756.6	50400	1319119200
15.11	10/20/2011 15:00	9.5	397.7	54000	1319122800
15.11	10/20/2011 16:00	9.5	485	57600	1319126400
15.11	10/20/2011 17:00	9.5	485	61200	1319130000
15.11	10/20/2011 18:00	9.7	514.1	64800	1319133600
15.11	10/20/2011 19:00	9.2	591.7	68400	1319137200
15.11	10/20/2011 20:00	9	562.6	72000	1319140800
15.11	10/20/2011 21:00	8.5	58.2	75600	1319144400
15.11	10/20/2011 22:00	7.7	58.2	79200	1319148000
15.11	10/20/2011 23:00	7.4	58.2	82800	1319151600
15.11	10/21/2011 0:00	7.4	679	0	1319155200
15.11	10/21/2011 1:00	7.3	58.2	3600	1319158800
15.11	10/21/2011 2:00	6.5	58.2	7200	1319162400
15.11	10/21/2011 3:00	6.5	58.2	10800	1319166000
15.11	10/21/2011 4:00	6.5	58.2	14400	1319169600
15.11	10/21/2011 5:00	7	58.2	18000	1319173200
15.11	10/21/2011 6:00	7.3	58.2	21600	1319176800
15.11	10/21/2011 7:00	7.6	58.2	25200	1319180400
15.11	10/21/2011 8:00	9	58.2	28800	1319184000
15.11	10/21/2011 9:00	9.5	58.2	32400	1319187600
15.11	10/21/2011 10:00	9	58.2	36000	1319191200
15.11	10/21/2011 11:00	9.8	58.2	39600	1319194800
15.11	10/21/2011 12:00	9.8	58.2	43200	1319198400
15.11	10/21/2011 13:00	9.8	58.2	46800	1319202000
15.11	10/21/2011 14:00	9.2	58.2	50400	1319205600
15.11	10/21/2011 15:00	9	58.2	54000	1319209200
15.11	10/21/2011 16:00	8.5	58.2	57600	1319212800
15.11	10/21/2011 17:00	8.4	58.2	61200	1319216400
15.11	10/21/2011 18:00	7.3	58.2	64800	1319220000
15.11	10/21/2011 19:00	6.8	58.2	68400	1319223600
15.11	10/21/2011 20:00	6.5	58.2	72000	1319227200
15.11	10/21/2011 21:00	6.7	58.2	75600	1319230800
15.11	10/21/2011 22:00	6.5	58.2	79200	1319234400
15.11	10/21/2011 23:00	5.9	58.2	82800	1319238000
15.11	10/22/2011 0:00	6.2	58.2	0	1319241600
15.11	10/22/2011 1:00	5.9	58.2	3600	1319245200
15.11	10/22/2011 2:00	5.9	58.2	7200	1319248800
15.11	10/22/2011 3:00	5.3	58.2	10800	1319252400
15.11	10/22/2011 4:00	5	58.2	14400	1319256000
15.11	10/22/2011 5:00	5.3	58.2	18000	1319259600
15.11	10/22/2011 6:00	5.6	58.2	21600	1319263200
15.11	10/22/2011 7:00	8.6	58.2	25200	1319266800
15.11	10/22/2011 8:00	9.7	58.2	28800	1319270400
15.11	10/22/2011 9:00	9	58.2	32400	1319274000
15.11	10/22/2011 10:00	9.3	58.2	36000	1319277600
15.11	10/22/2011 11:00	9.5	58.2	39600	1319281200
15.11	10/22/2011 12:00	9.7	58.2	43200	1319284800
15.11	10/22/2011 13:00	9.5	58.2	46800	1319288400
15.11	10/22/2011 14:00	9.7	58.2	50400	1319292000
15.11	10/22/2011 15:00	9.2	58.2	54000	1319295600
15.11	10/22/2011 16:00	9.5	58.2	57600	1319299200
15.11	10/22/2011 17:00	8.7	58.2	61200	1319302800
15.11	10/22/2011 18:00	7.8	58.2	64800	1319306400
15.11	10/22/2011 19:00	7	58.2	68400	1319310000
15.11	10/22/2011 20:00	6.4	58.2	72000	1319313600
15.11	10/22/2011 21:00	5.9	58.2	75600	1319317200
15.11	10/22/2011 22:00	5.9	58.2	79200	1319320800
15.11	10/22/2011 23:00	5	58.2	82800	1319324400
15.11	10/23/2011 0:00	5	58.2	0	1319328000
15.11	10/23/2011 1:00	4.1	58.2	3600	1319331600
15.11	10/23/2011 2:00	3.9	58.2	7200	1319335200
15.11	10/23/2011 3:00	3.6	58.2	10800	1319338800
15.11	10/23/2011 4:00	3	58.2	14400	1319342400
15.11	10/23/2011 5:00	3	58.2	18000	1319346000
15.11	10/23/2011 7:00	6.4	58.2	25200	1319353200
15.11	10/23/2011 8:00	9.7	58.2	28800	1319356800
15.11	10/23/2011 9:00	10.5	58.2	32400	1319360400
15.11	10/23/2011 10:00	11	58.2	36000	1319364000
15.11	10/23/2011 11:00	11.5	58.2	39600	1319367600
15.11	10/23/2011 12:00	11.2	58.2	43200	1319371200
15.11	10/23/2011 13:00	12	58.2	46800	1319374800
15.11	10/23/2011 14:00	11.5	58.2	50400	1319378400
15.11	10/23/2011 15:00	12.2	543.2	54000	1319382000
15.11	10/23/2011 16:00	12	523.8	57600	1319385600
15.11	10/23/2011 17:00	11	465.6	61200	1319389200
15.11	10/23/2011 18:00	10.7	485	64800	1319392800
15.11	10/23/2011 19:00	10.2	485	68400	1319396400
15.11	10/23/2011 20:00	9.4	58.2	72000	1319400000
15.11	10/23/2011 21:00	8.8	58.2	75600	1319403600
15.11	10/23/2011 22:00	8	58.2	79200	1319407200
15.11	10/23/2011 23:00	7.7	58.2	82800	1319410800
15.11	10/24/2011 0:00	7.5	58.2	0	1319414400
15.11	10/24/2011 1:00	6.9	58.2	3600	1319418000
15.11	10/24/2011 2:00	7.2	58.2	7200	1319421600
15.11	10/24/2011 3:00	6.4	58.2	10800	1319425200
15.11	10/24/2011 4:00	6.1	58.2	14400	1319428800
15.11	10/24/2011 5:00	5.6	465.6	18000	1319432400
15.11	10/24/2011 6:00	6.4	58.2	21600	1319436000
15.11	10/24/2011 7:00	8.3	58.2	25200	1319439600
15.11	10/24/2011 8:00	10.5	514.1	28800	1319443200
15.11	10/24/2011 9:00	12.1	58.2	32400	1319446800
15.11	10/24/2011 10:00	13	58.2	36000	1319450400
15.11	10/24/2011 11:00	13	58.2	39600	1319454000
15.11	10/24/2011 12:00	13.5	58.2	43200	1319457600
16.11	10/24/2011 13:00	14.2	58.2	46800	1319461200
16.11	10/24/2011 14:00	14.2	58.2	50400	1319464800
15.11	10/24/2011 15:00	13.4	58.2	54000	1319468400
16.11	10/24/2011 16:00	13.7	58.2	57600	1319472000
15.11	10/24/2011 17:00	12.3	58.2	61200	1319475600
15.11	10/24/2011 18:00	12.3	58.2	64800	1319479200
15.11	10/24/2011 19:00	12.6	58.2	68400	1319482800
15.11	10/24/2011 20:00	11.8	58.2	72000	1319486400
15.11	10/24/2011 21:00	9.9	58.2	75600	1319490000
15.11	10/24/2011 22:00	10.2	58.2	79200	1319493600
15.11	10/24/2011 23:00	9.1	58.2	82800	1319497200
15.11	10/25/2011 0:00	9.4	58.2	0	1319500800
15.11	10/25/2011 1:00	8	58.2	3600	1319504400
15.11	10/25/2011 2:00	7.5	58.2	7200	1319508000
15.11	10/25/2011 3:00	6.4	58.2	10800	1319511600
15.11	10/25/2011 4:00	7.8	58.2	14400	1319515200
15.11	10/25/2011 5:00	6.1	58.2	18000	1319518800
15.11	10/25/2011 6:00	7.5	58.2	21600	1319522400
15.11	10/25/2011 7:00	9.4	58.2	25200	1319526000
15.11	10/25/2011 8:00	10.2	58.2	28800	1319529600
15.11	10/25/2011 9:00	9.6	58.2	32400	1319533200
15.11	10/25/2011 10:00	9.9	58.2	36000	1319536800
15.11	10/25/2011 11:00	10.7	58.2	39600	1319540400
15.11	10/25/2011 12:00	10.9	58.2	43200	1319544000
15.11	10/25/2011 13:00	10.9	58.2	46800	1319547600
15.11	10/25/2011 14:00	11.1	58.2	50400	1319551200
15.11	10/25/2011 15:00	11.3	58.2	54000	1319554800
15.11	10/25/2011 16:00	11	58.2	57600	1319558400
15.11	10/25/2011 17:00	10.2	58.2	61200	1319562000
15.11	10/25/2011 18:00	9.2	58.2	64800	1319565600
15.11	10/25/2011 19:00	8.9	58.2	68400	1319569200
15.11	10/25/2011 20:00	8.4	58.2	72000	1319572800
15.11	10/25/2011 21:00	9.2	58.2	75600	1319576400
15.11	10/25/2011 22:00	9.4	58.2	79200	1319580000
15.11	10/25/2011 23:00	9.4	58.2	82800	1319583600
15.11	10/26/2011 0:00	9.9	58.2	0	1319587200
15.11	10/26/2011 1:00	9.9	58.2	3600	1319590800
15.11	10/26/2011 2:00	9.7	58.2	7200	1319594400
15.11	10/26/2011 3:00	9.4	58.2	10800	1319598000
15.11	10/26/2011 4:00	9.2	58.2	14400	1319601600
15.11	10/26/2011 5:00	8.9	58.2	18000	1319605200
15.11	10/26/2011 6:00	9.1	58.2	21600	1319608800
15.11	10/26/2011 7:00	9.9	58.2	25200	1319612400
15.11	10/26/2011 8:00	11.5	58.2	28800	1319616000
15.11	10/26/2011 9:00	11.9	58.2	32400	1319619600
15.11	10/26/2011 10:00	12.5	58.2	36000	1319623200
15.11	10/26/2011 11:00	12.8	58.2	39600	1319626800
15.11	10/26/2011 12:00	13.1	58.2	43200	1319630400
16.11	10/26/2011 13:00	13.1	436.5	46800	1319634000
16.11	10/26/2011 14:00	13.2	436.5	50400	1319637600
16.11	10/26/2011 15:00	13.8	58.2	54000	1319641200
16.11	10/26/2011 16:00	13.8	446.2	57600	1319644800
15.11	10/26/2011 17:00	12.4	58.2	61200	1319648400
15.11	10/26/2011 18:00	11.9	436.5	64800	1319652000
15.11	10/26/2011 19:00	11.3	58.2	68400	1319655600
15.11	10/26/2011 20:00	13	58.2	72000	1319659200
15.11	10/26/2011 21:00	12.7	58.2	75600	1319662800
15.11	10/26/2011 22:00	12.4	58.2	79200	1319666400
15.11	10/26/2011 23:00	12.4	58.2	82800	1319670000
15.11	10/27/2011 0:00	13	58.2	0	1319673600
15.11	10/27/2011 1:00	13	58.2	3600	1319677200
15.11	10/27/2011 2:00	13	58.2	7200	1319680800
15.11	10/27/2011 3:00	13.2	58.2	10800	1319684400
15.11	10/27/2011 4:00	13.2	58.2	14400	1319688000
15.11	10/27/2011 5:00	13.5	58.2	18000	1319691600
16.11	10/27/2011 6:00	13.8	58.2	21600	1319695200
16.11	10/27/2011 7:00	14.1	58.2	25200	1319698800
16.11	10/27/2011 8:00	14.3	58.2	28800	1319702400
16.11	10/27/2011 9:00	14.3	58.2	32400	1319706000
17.11	10/27/2011 10:00	15.1	58.2	36000	1319709600
17.11	10/27/2011 11:00	15.6	58.2	39600	1319713200
17.11	10/27/2011 12:00	15.6	58.2	43200	1319716800
17.11	10/27/2011 13:00	15.3	58.2	46800	1319720400
17.11	10/27/2011 14:00	15.5	58.2	50400	1319724000
17.11	10/27/2011 15:00	15.5	58.2	54000	1319727600
17.11	10/27/2011 16:00	15	58.2	57600	1319731200
15.11	10/27/2011 17:00	10.2	58.2	61200	1319734800
15.11	10/27/2011 18:00	8.9	58.2	64800	1319738400
15.11	10/27/2011 19:00	7.8	58.2	68400	1319742000
15.11	10/27/2011 20:00	6.1	58.2	72000	1319745600
15.11	10/27/2011 21:00	5	58.2	75600	1319749200
15.11	10/27/2011 22:00	4.2	58.2	79200	1319752800
15.11	10/27/2011 23:00	3.7	58.2	82800	1319756400
15.11	10/28/2011 0:00	3.4	58.2	0	1319760000
15.11	10/28/2011 1:00	3.1	58.2	3600	1319763600
15.11	10/28/2011 2:00	3.1	58.2	7200	1319767200
15.11	10/28/2011 3:00	3.1	58.2	10800	1319770800
15.11	10/28/2011 4:00	2.8	58.2	14400	1319774400
15.11	10/28/2011 5:00	2	58.2	18000	1319778000
15.11	10/28/2011 6:00	1.9	58.2	21600	1319781600
15.11	10/28/2011 7:00	3	58.2	25200	1319785200
15.11	10/28/2011 8:00	3.4	58.2	28800	1319788800
15.11	10/28/2011 9:00	3.8	58.2	32400	1319792400
15.11	10/28/2011 10:00	4.6	58.2	36000	1319796000
15.11	10/28/2011 11:00	4.7	58.2	39600	1319799600
15.11	10/28/2011 12:00	4.7	58.2	43200	1319803200
15.11	10/28/2011 13:00	4.6	58.2	46800	1319806800
15.11	10/28/2011 14:00	4.6	58.2	50400	1319810400
15.11	10/28/2011 15:00	4.3	776	54000	1319814000
15.11	10/28/2011 16:00	4.5	582	57600	1319817600
15.11	10/28/2011 17:00	5.1	611.1	61200	1319821200
15.11	10/28/2011 18:00	5	591.7	64800	1319824800
15.11	10/28/2011 19:00	4	572.3	68400	1319828400
15.11	10/28/2011 20:00	4.1	436.5	72000	1319832000
15.11	10/28/2011 21:00	4	58.2	75600	1319835600
15.11	10/28/2011 22:00	4.6	397.7	79200	1319839200
15.11	10/28/2011 23:00	4.8	417.1	82800	1319842800
15.11	10/29/2011 0:00	4.2	407.4	0	1319846400
15.11	10/29/2011 1:00	4.2	58.2	3600	1319850000
15.11	10/29/2011 2:00	3.7	58.2	7200	1319853600
15.11	10/29/2011 3:00	3.4	58.2	10800	1319857200
15.11	10/29/2011 4:00	3.1	58.2	14400	1319860800
15.11	10/29/2011 5:00	2.8	58.2	18000	1319864400
15.11	10/29/2011 6:00	2.8	58.2	21600	1319868000
15.11	10/29/2011 7:00	3.4	58.2	25200	1319871600
15.11	10/29/2011 8:00	3.4	58.2	28800	1319875200
15.11	10/29/2011 9:00	3.1	58.2	32400	1319878800
15.11	10/29/2011 10:00	3.4	58.2	36000	1319882400
15.11	10/29/2011 11:00	3.1	58.2	39600	1319886000
15.11	10/29/2011 12:00	2.3	58.2	43200	1319889600
15.11	10/29/2011 13:00	1.7	776	46800	1319893200
15.11	10/29/2011 14:00	1.7	436.5	50400	1319896800
15.11	10/29/2011 15:00	2	465.6	54000	1319900400
15.11	10/29/2011 16:00	1.7	436.5	57600	1319904000
15.11	10/29/2011 17:00	1.7	446.2	61200	1319907600
15.11	10/29/2011 18:00	1.7	58.2	64800	1319911200
15.11	10/29/2011 19:00	1.5	455.9	68400	1319914800
15.11	10/29/2011 20:00	1.5	58.2	72000	1319918400
15.11	10/29/2011 21:00	1.5	58.2	75600	1319922000
15.11	10/29/2011 22:00	1	397.7	79200	1319925600
15.11	10/29/2011 23:00	0.1	58.2	82800	1319929200
15.11	10/30/2011 0:00	0.1	58.2	0	1319932800
15.11	10/30/2011 1:00	0.1	58.2	3600	1319936400
15.11	10/30/2011 2:00	0	58.2	7200	1319940000
15.11	10/30/2011 3:00	0	58.2	10800	1319943600
15.11	10/30/2011 5:00	0.5	58.2	18000	1319950800
15.11	10/30/2011 6:00	0.2	58.2	21600	1319954400
15.11	10/30/2011 7:00	1.7	58.2	25200	1319958000
15.11	10/30/2011 8:00	3.3	58.2	28800	1319961600
15.11	10/30/2011 9:00	4.2	58.2	32400	1319965200
15.11	10/30/2011 10:00	4.7	58.2	36000	1319968800
15.11	10/30/2011 11:00	5.2	58.2	39600	1319972400
15.11	10/30/2011 12:00	5.6	58.2	43200	1319976000
15.11	10/30/2011 13:00	5.5	58.2	46800	1319979600
15.11	10/30/2011 14:00	4.9	58.2	50400	1319983200
15.11	10/30/2011 15:00	4.9	58.2	54000	1319986800
15.11	10/30/2011 16:00	4.3	58.2	57600	1319990400
15.11	10/30/2011 17:00	2.9	58.2	61200	1319994000
15.11	10/30/2011 18:00	2.4	58.2	64800	1319997600
15.11	10/30/2011 19:00	1.9	58.2	68400	1320001200
15.11	10/30/2011 20:00	1.3	58.2	72000	1320004800
15.11	10/30/2011 21:00	0.4	58.2	75600	1320008400
15.11	10/30/2011 22:00	0	58.2	79200	1320012000
15.11	10/30/2011 23:00	-0.4	58.2	82800	1320015600
15.11	10/31/2011 0:00	-0.4	58.2	0	1320019200
15.11	10/31/2011 1:00	-0.9	58.2	3600	1320022800
15.11	10/31/2011 2:00	-1.5	58.2	7200	1320026400
15.11	10/31/2011 3:00	-1.3	58.2	10800	1320030000
15.11	10/31/2011 4:00	-1.5	58.2	14400	1320033600
15.11	10/31/2011 5:00	-0.9	58.2	18000	1320037200
15.11	10/31/2011 6:00	-0.4	58.2	21600	1320040800
15.11	10/31/2011 7:00	0.6	58.2	25200	1320044400
15.11	10/31/2011 8:00	4	58.2	28800	1320048000
15.11	10/31/2011 9:00	6.8	58.2	32400	1320051600
15.11	10/31/2011 10:00	7.3	58.2	36000	1320055200
15.11	10/31/2011 11:00	7.4	58.2	39600	1320058800
15.11	10/31/2011 12:00	7	58.2	43200	1320062400
15.11	10/31/2011 13:00	7.4	1173.7	46800	1320066000
15.11	10/31/2011 14:00	7.2	504.4	50400	1320069600
15.11	10/31/2011 15:00	7.2	669.3	54000	1320073200
15.11	10/31/2011 16:00	6.7	824.5	57600	1320076800
15.11	10/31/2011 17:00	6.1	397.7	61200	1320080400
15.11	10/31/2011 18:00	6.3	417.1	64800	1320084000
15.11	10/31/2011 19:00	6.4	552.9	68400	1320087600
15.11	10/31/2011 20:00	6.3	436.5	72000	1320091200
15.11	10/31/2011 21:00	6.1	58.2	75600	1320094800
15.11	10/31/2011 22:00	6.8	58.2	79200	1320098400
15.11	10/31/2011 23:00	7.3	58.2	82800	1320102000