	Twet	Load	Tset
0	11.5	547.0	15.11
1	11.0	561.0	15.11
2	10.7	527.0	15.11
3	10.7	523.0	15.11
4	10.7	534.0	15.11
5	10.7	557.0	15.11
6	12.0	569.0	15.11
7	13.2	584.0	16.11
8	13.4	654.0	16.11
9	13.6	567.0	16.11
10	13.9	754.0	17.11
11	13.6	786.0	17.11
12	13.8	770.0	17.11
13	14.5	756.0	18.11
14	15.1	753.0	18.11
15	14.7	709.0	18.11
16	14.8	532.0	17.11
17	14.5	470.0	17.11
18	14.8	475.0	17.11
19	15.2	476.0	18.11
20	15.7	480.0	18.11
21	15.7	673.0	19.11
22	16.2	488.0	19.11
23	16.0	493.0	18.11
24	16.3	738.0	19.11
25	16.6	804.0	20.11
26	16.8	770.0	20.11
27	17.4	803.0	20.11
28	17.9	921.0	20.11
29	18.9	945.0	21.11
30	19.5	650.0	22.11
31	18.9	1539.0	22.11
32	19.2	743.0	22.11
33	19.2	460.0	21.11
34	19.5	713.0	22.11
35	20.0	678.0	23.11
36	20.0	735.0	23.11
37	20.2	1430.0	23.11
38	20.5	1392.0	23.11
39	20.7	1589.0	23.11
40	20.5	721.0	23.11
41	20.9	623.0	23.11
42	20.9	600.0	23.11
43	20.9	595.0	23.11
44	20.9	602.0	23.11
45	20.9	711.0	24.11
46	20.9	648.0	23.11
47	20.9	647.0	23.11
48	20.9	1554.0	24.11
49	20.9	1417.0	24.11
50	20.9	1337.0	23.11
51	21.3	1769.0	24.11
52	20.9	1358.0	23.11
53	20.3	1384.0	23.11
54	20.5	1391.0	23.11
55	20.2	1409.0	23.11
56	21.6	1413.0	24.11
57	21.3	1254.0	24.11
58	21.8	736.0	24.11
59	22.2	1454.0	25.11
60	22.5	1496.0	25.11
61	21.9	1496.0	24.11
62	21.1	1437.0	24.11
63	21.4	1347.0	24.11
64	21.4	1346.0	24.11
65	21.3	608.0	24.11
66	21.2	580.0	24.11
67	21.1	581.0	24.11
68	21.1	577.0	24.11
69	21.3	1394.0	24.11
70	21.6	628.0	24.11
71	21.1	626.0	24.11
72	21.3	1478.0	24.11
73	20.5	1289.0	23.11
74	21.3	945.0	24.11
75	21.6	1277.0	24.11
76	21.4	1802.0	24.11
77	21.6	1378.0	24.11
78	21.6	1402.0	24.11
79	21.8	1418.0	24.11
80	22.2	1406.0	25.11
81	21.8	1280.0	24.11
82	20.6	739.0	23.11
83	21.2	1436.0	24.11
84	20.7	1404.0	23.11
85	20.3	1333.0	23.11
86	19.8	1284.0	22.11
87	19.2	1563.0	22.11
88	18.6	636.0	21.11
89	18.6	535.0	21.11
90	18.3	539.0	21.11
91	17.9	510.0	20.11
92	16.0	510.0	18.11
93	15.7	1470.0	19.11
94	16.4	517.0	19.11
95	14.8	494.0	17.11
96	14.9	832.0	17.11
97	15.2	714.0	18.11
98	15.5	936.0	18.11
99	14.4	657.0	17.11
100	15.3	646.0	18.11
101	15.6	675.0	18.11
102	16.1	857.0	18.11
103	16.5	805.0	19.11
104	18.3	945.0	21.11
105	18.6	944.0	21.11
106	18.7	485.0	21.11
107	18.6	943.0	21.11
108	18.1	648.0	21.11
109	17.9	1489.0	21.11
110	17.7	1343.0	20.11
111	17.5	589.0	20.11
112	17.9	1120.0	20.11
113	18.5	532.0	21.11
114	18.7	509.0	21.11
115	17.4	500.0	20.11
116	17.5	511.0	20.11
117	17.3	1383.0	20.11
118	17.4	510.0	20.11
119	16.8	502.0	19.11
120	16.5	522.0	19.11
121	16.0	552.0	19.11
122	16.1	517.0	19.11
123	16.1	508.0	19.11
124	16.4	503.0	19.11
125	16.1	510.0	19.11
126	17.1	517.0	20.11
127	17.8	535.0	20.11
128	18.2	542.0	21.11
129	18.8	512.0	21.11
130	19.3	589.0	22.11
131	17.4	531.0	20.11
132	15.6	515.0	18.11
133	14.1	478.0	17.11
134	13.9	451.0	16.11
135	12.4	442.0	15.11
136	11.0	420.0	15.11
137	10.2	415.0	15.11
138	10.2	420.0	15.11
139	9.7	413.0	15.11
140	9.7	407.0	15.11
141	9.4	555.0	15.11
142	9.2	402.0	15.11
143	8.7	403.0	15.11
144	8.4	393.0	15.11
145	9.2	400.0	15.11
146	8.7	400.0	15.11
147	8.7	403.0	15.11
148	8.7	384.0	15.11
149	8.2	390.0	15.11
150	8.7	401.0	15.11
151	8.6	386.0	15.11
152	8.9	382.0	15.11
153	9.7	413.0	15.11
154	9.7	411.0	15.11
155	10.2	388.0	15.11
156	9.9	395.0	15.11
157	9.7	402.0	15.11
158	9.4	381.0	15.11
159	9.7	387.0	15.11
160	9.4	421.0	15.11
161	9.1	385.0	15.11
162	9.1	385.0	15.11
163	9.1	390.0	15.11
164	8.8	382.0	15.11
165	8.6	411.0	15.11
166	7.8	412.0	15.11
167	7.0	376.0	15.11
168	6.7	412.0	15.11
169	6.4	423.0	15.11
170	6.1	407.0	15.11
171	6.2	397.0	15.11
172	6.2	55.0	15.11
173	6.5	54.0	15.11
174	7.1	54.0	15.11
175	7.4	394.0	15.11
176	7.4	420.0	15.11
177	7.6	378.0	15.11
178	8.4	425.0	15.11
179	8.4	435.0	15.11
180	8.5	446.0	15.11
181	8.2	821.0	15.11
182	8.2	424.0	15.11
183	8.7	440.0	15.11
184	8.7	424.0	15.11
185	8.4	378.0	15.11
186	8.4	380.0	15.11
187	8.6	372.0	15.11
188	8.6	380.0	15.11
189	8.4	422.0	15.11
190	8.3	374.0	15.11
191	8.1	382.0	15.11
192	7.8	390.0	15.11
193	7.8	422.0	15.11
194	8.0	410.0	15.11
195	8.3	409.0	15.11
196	8.6	416.0	15.11
197	8.6	421.0	15.11
198	9.9	441.0	15.11
199	10.2	469.0	15.11
200	11.0	554.0	15.11
201	11.5	382.0	15.11
202	12.0	558.0	15.11
203	12.8	566.0	16.11
204	13.0	598.0	16.11
205	13.2	649.0	16.11
206	13.0	597.0	16.11
207	13.3	584.0	16.11
208	13.0	480.0	16.11
209	12.8	440.0	15.11
210	12.8	432.0	15.11
211	12.8	441.0	15.11
212	12.8	435.0	15.11
213	12.8	502.0	15.11
214	12.9	457.0	15.11
215	12.9	429.0	15.11
216	13.2	552.0	16.11
217	13.2	606.0	16.11
218	13.2	576.0	16.11
219	12.9	583.0	16.11
220	12.9	583.0	16.11
221	12.3	585.0	15.11
222	13.4	600.0	16.11
223	13.8	651.0	17.11
224	13.7	653.0	17.11
225	12.7	436.0	15.11
226	13.2	680.0	16.11
227	13.2	711.0	16.11
228	13.4	729.0	17.11
229	13.1	748.0	16.11
230	13.6	720.0	17.11
231	13.1	656.0	16.11
232	13.4	502.0	16.11
233	12.7	449.0	15.11
234	11.2	425.0	15.11
235	10.5	421.0	15.11
236	9.7	417.0	15.11
237	9.2	674.0	15.11
238	8.5	409.0	15.11
239	7.6	411.0	15.11
240	7.4	458.0	15.11
241	6.9	444.0	15.11
242	6.4	442.0	15.11
243	5.1	411.0	15.11
244	5.1	417.0	15.11
245	4.9	410.0	15.11
246	5.4	443.0	15.11
247	6.0	448.0	15.11
248	6.9	477.0	15.11
249	7.4	411.0	15.11
250	7.5	503.0	15.11
251	8.5	560.0	15.11
252	8.9	590.0	15.11
253	9.3	610.0	15.11
254	9.0	574.0	15.11
255	9.0	550.0	15.11
256	8.4	432.0	15.11
257	8.5	409.0	15.11
258	8.7	389.0	15.11
259	8.4	384.0	15.11
260	8.1	384.0	15.11
261	8.0	507.0	15.11
262	7.9	381.0	15.11
263	7.9	383.0	15.11
264	7.9	411.0	15.11
265	7.3	446.0	15.11
266	7.0	431.0	15.11
267	7.3	423.0	15.11
268	6.7	414.0	15.11
269	7.3	417.0	15.11
270	9.4	460.0	15.11
271	9.2	459.0	15.11
272	10.0	558.0	15.11
273	10.9	384.0	15.11
274	11.1	615.0	15.11
275	11.3	640.0	15.11
276	11.5	654.0	15.11
277	10.6	592.0	15.11
278	8.3	543.0	15.11
279	7.9	513.0	15.11
280	7.1	417.0	15.11
281	6.6	406.0	15.11
282	6.7	399.0	15.11
283	6.5	388.0	15.11
284	6.2	372.0	15.11
285	5.5	619.0	15.11
286	5.5	374.0	15.11
287	4.5	370.0	15.11
288	4.2	54.0	15.11
289	4.0	54.0	15.11
290	3.5	53.0	15.11
291	3.1	53.0	15.11
292	2.8	53.0	15.11
293	2.8	53.0	15.11
294	4.1	53.0	15.11
295	5.0	54.0	15.11
296	5.5	54.0	15.11
297	5.6	379.0	15.11
298	6.6	387.0	15.11
299	7.2	423.0	15.11
300	8.0	408.0	15.11
301	8.6	410.0	15.11
302	8.2	422.0	15.11
303	7.9	413.0	15.11
304	8.4	388.0	15.11
305	7.4	397.0	15.11
306	6.8	392.0	15.11
307	7.2	388.0	15.11
308	7.7	377.0	15.11
309	8.2	589.0	15.11
310	8.4	386.0	15.11
311	9.7	385.0	15.11
312	9.1	386.0	15.11
313	9.7	386.0	15.11
314	9.7	411.0	15.11
315	9.4	388.0	15.11
316	9.4	391.0	15.11
317	10.2	416.0	15.11
318	11.0	379.0	15.11
319	12.0	409.0	15.11
320	13.2	422.0	16.11
321	13.9	391.0	16.11
322	15.3	450.0	18.11
323	15.5	472.0	18.11
324	15.7	484.0	18.11
325	15.9	486.0	18.11
326	15.5	493.0	18.11
327	15.5	480.0	18.11
328	15.2	467.0	18.11
329	15.0	467.0	17.11
330	15.4	471.0	18.11
331	15.9	494.0	18.11
332	16.1	480.0	19.11
333	15.8	438.0	18.11
334	16.1	517.0	19.11
335	16.1	509.0	19.11
336	16.1	852.0	18.11
337	15.9	809.0	18.11
338	15.6	779.0	19.11
339	15.9	742.0	19.11
340	16.1	780.0	19.11
341	16.4	878.0	19.11
342	16.9	946.0	19.11
343	17.2	946.0	20.11
344	17.5	639.0	20.11
345	18.1	1062.0	21.11
346	18.0	631.0	21.11
347	18.0	1246.0	21.11
348	18.4	1309.0	21.11
349	18.3	1289.0	21.11
350	18.0	1237.0	21.11
351	15.3	1424.0	18.11
352	15.5	566.0	18.11
353	15.0	487.0	17.11
354	14.4	482.0	17.11
355	12.5	446.0	15.11
356	11.7	427.0	15.11
357	10.7	1252.0	15.11
358	10.7	430.0	15.11
359	10.2	414.0	15.11
360	9.7	471.0	15.11
361	9.2	464.0	15.11
362	8.9	421.0	15.11
363	8.9	435.0	15.11
364	8.9	474.0	15.11
365	8.6	433.0	15.11
366	9.4	475.0	15.11
367	10.5	531.0	15.11
368	10.3	520.0	15.11
369	10.0	424.0	15.11
370	11.0	580.0	15.11
371	10.8	566.0	15.11
372	11.0	615.0	15.11
373	11.0	642.0	15.11
374	10.8	610.0	15.11
375	10.1	570.0	15.11
376	9.6	453.0	15.11
377	9.8	423.0	15.11
378	9.5	417.0	15.11
379	10.4	401.0	15.11
380	8.4	395.0	15.11
381	8.6	575.0	15.11
382	8.1	401.0	15.11
383	8.1	374.0	15.11
384	8.1	406.0	15.11
385	8.0	440.0	15.11
386	7.8	406.0	15.11
387	7.5	412.0	15.11
388	8.6	406.0	15.11
389	7.5	413.0	15.11
390	9.1	441.0	15.11
391	9.9	465.0	15.11
392	10.7	476.0	15.11
393	10.5	393.0	15.11
394	11.2	673.0	15.11
395	12.2	647.0	15.11
396	12.4	713.0	16.11
397	13.1	752.0	16.11
398	13.6	709.0	17.11
399	13.2	631.0	16.11
400	13.0	498.0	16.11
401	13.3	450.0	16.11
402	13.1	444.0	16.11
403	12.6	442.0	15.11
404	12.9	433.0	15.11
405	12.9	565.0	16.11
406	12.9	452.0	15.11
407	12.3	441.0	15.11
408	12.3	543.0	15.11
409	12.1	548.0	15.11
410	11.5	566.0	15.11
411	11.3	490.0	15.11
412	11.0	493.0	15.11
413	11.5	573.0	15.11
414	12.6	549.0	15.11
415	13.4	616.0	16.11
416	13.5	697.0	17.11
417	13.9	439.0	16.11
418	15.1	823.0	17.11
419	15.9	918.0	18.11
420	15.6	885.0	18.11
421	16.2	884.0	18.11
422	15.7	874.0	18.11
423	15.8	806.0	19.11
424	15.3	555.0	18.11
425	15.5	502.0	18.11
426	15.6	504.0	18.11
427	16.0	506.0	18.11
428	16.3	507.0	19.11
429	16.3	754.0	19.11
430	16.6	558.0	19.11
431	16.6	539.0	19.11
432	16.6	810.0	19.11
433	17.2	895.0	19.11
434	16.4	827.0	19.11
435	16.7	830.0	19.11
436	16.9	872.0	19.11
437	17.1	906.0	19.11
438	17.3	928.0	20.11
439	18.2	943.0	20.11
440	18.2	644.0	21.11
441	18.8	1102.0	21.11
442	19.2	624.0	22.11
443	18.7	1305.0	21.11
444	19.0	1318.0	22.11
445	18.3	1406.0	21.11
446	18.0	809.0	20.11
447	17.1	54.0	19.11
448	17.5	54.0	19.11
449	16.9	54.0	19.11
450	14.4	54.0	16.11
451	13.9	382.0	16.11
452	13.6	380.0	16.11
453	12.9	941.0	15.11
454	12.0	390.0	15.11
455	11.7	392.0	15.11
456	11.2	55.0	18.11
457	10.2	54.0	15.11
458	10.2	55.0	15.11
459	9.7	54.0	15.11
460	9.7	53.0	15.11
461	9.4	54.0	15.11
462	11.2	54.0	18.11
463	11.7	54.0	20.11
464	11.7	55.0	23.11
465	12.4	386.0	15.11
466	12.7	54.0	15.11
467	12.2	54.0	15.11
468	11.7	55.0	23.11
469	12.2	54.0	15.11
470	11.5	55.0	21.11
471	10.6	55.0	15.11
472	10.1	54.0	15.11
473	10.1	54.0	15.11
474	9.0	54.0	15.11
475	8.8	54.0	15.11
476	8.3	55.0	15.11
477	8.2	55.0	15.11
478	8.5	54.0	15.11
479	8.2	55.0	15.11
480	7.4	55.0	15.11
481	7.1	54.0	15.11
482	6.8	55.0	15.11
483	7.1	55.0	15.11
484	7.4	53.0	15.11
485	7.7	54.0	15.11
486	9.2	54.0	15.11
487	9.5	53.0	15.11
488	10.5	54.0	15.11
489	10.5	56.0	15.11
490	10.8	53.0	15.11
491	11.3	54.0	21.11
492	11.3	54.0	21.11
493	10.9	54.0	15.11
494	10.7	55.0	15.11
495	10.2	54.0	15.11
496	9.9	54.0	15.11
497	9.6	55.0	15.11
498	9.1	54.0	15.11
499	8.0	55.0	15.11
500	8.0	54.0	15.11
501	8.7	55.0	15.11
502	7.9	54.0	15.11
503	8.4	54.0	15.11
504	7.6	55.0	15.11
505	7.6	54.0	15.11
506	7.3	54.0	15.11
507	8.1	54.0	15.11
508	7.3	54.0	15.11
509	7.3	54.0	15.11
510	9.7	53.0	15.11
511	10.5	54.0	15.11
512	11.2	956.0	15.11
513	11.6	402.0	15.11
514	12.0	493.0	15.11
515	12.3	483.0	15.11
516	12.2	579.0	15.11
517	13.0	1061.0	16.11
518	13.2	1018.0	16.11
519	12.9	981.0	16.11
520	13.8	496.0	16.11
521	12.0	54.0	15.11
522	11.7	55.0	23.11
523	11.7	55.0	23.11
524	12.3	55.0	15.11
525	12.1	863.0	15.11
526	12.6	55.0	15.11
527	11.8	53.0	17.11
528	11.8	56.0	20.11
529	11.2	53.0	15.11
530	10.2	54.0	15.11
531	11.2	54.0	18.11
532	9.7	340.0	15.11
533	11.0	784.0	15.11
534	11.8	405.0	15.11
535	12.8	461.0	15.11
536	13.5	478.0	16.11
537	15.1	547.0	18.11
538	15.3	607.0	18.11
539	15.7	1264.0	18.11
540	16.9	1170.0	20.11
541	16.9	1158.0	19.11
542	17.4	1164.0	20.11
543	16.6	1109.0	19.11
544	16.4	969.0	19.11
545	16.6	518.0	19.11
546	16.1	493.0	19.11
547	15.6	494.0	18.11
548	15.3	473.0	18.11
549	15.4	589.0	18.11
550	14.9	503.0	17.11
551	14.6	496.0	17.11
552	14.3	1214.0	17.11
553	13.7	983.0	16.11
554	13.9	955.0	16.11
555	14.0	931.0	16.11
556	13.4	949.0	16.11
557	14.8	968.0	17.11
558	15.0	982.0	17.11
559	15.0	1045.0	18.11
560	15.2	1094.0	18.11
561	16.1	473.0	18.11
562	17.2	1236.0	20.11
563	18.1	1291.0	21.11
564	17.1	1303.0	20.11
565	17.3	1223.0	20.11
566	17.4	1211.0	20.11
567	16.7	1123.0	19.11
568	16.7	868.0	19.11
569	16.8	522.0	19.11
570	17.2	531.0	20.11
571	17.3	531.0	20.11
572	17.1	527.0	20.11
573	16.7	1168.0	19.11
574	16.9	555.0	19.11
575	16.4	539.0	19.11
576	16.0	1200.0	19.11
577	15.6	1053.0	18.11
578	15.6	974.0	18.11
579	15.6	963.0	18.11
580	15.6	965.0	18.11
581	15.6	976.0	18.11
582	15.3	997.0	18.11
583	15.6	1035.0	18.11
584	16.1	1059.0	19.11
585	16.1	1032.0	19.11
586	16.5	577.0	19.11
587	16.8	1119.0	19.11
588	17.5	1165.0	20.11
589	17.6	1211.0	20.11
590	17.4	1200.0	20.11
591	17.2	1150.0	20.11
592	16.9	1000.0	19.11
593	16.3	475.0	19.11
594	16.1	477.0	18.11
595	15.9	466.0	18.11
596	16.1	465.0	18.11
597	16.1	1069.0	19.11
598	15.8	494.0	18.11
599	15.9	493.0	18.11
600	15.9	1010.0	18.11
601	15.6	1006.0	18.11
602	15.9	969.0	18.11
603	15.9	957.0	18.11
604	15.9	975.0	18.11
605	15.9	998.0	18.11
606	16.4	1021.0	19.11
607	16.4	1051.0	19.11
608	16.6	1073.0	19.11
609	16.8	607.0	19.11
610	17.0	973.0	19.11
611	16.7	1126.0	19.11
612	16.9	1121.0	19.11
613	17.0	1128.0	20.11
614	17.0	1107.0	20.11
615	16.8	1062.0	19.11
616	16.5	945.0	19.11
617	16.3	504.0	19.11
618	16.3	503.0	19.11
619	15.8	499.0	18.11
620	15.6	490.0	18.11
621	15.3	1134.0	18.11
622	14.8	485.0	17.11
623	14.8	475.0	17.11
624	14.6	504.0	17.11
625	14.6	470.0	17.11
626	14.6	475.0	17.11
627	14.2	469.0	17.11
628	13.9	463.0	16.11
629	13.4	690.0	16.11
630	13.7	368.0	16.11
631	13.9	54.0	16.11
632	14.9	481.0	17.11
633	15.3	478.0	18.11
634	14.9	469.0	17.11
635	14.1	746.0	17.11
636	14.4	55.0	16.11
637	14.4	495.0	17.11
638	14.8	659.0	18.11
639	14.2	55.0	16.11
640	14.0	54.0	16.11
641	14.3	507.0	17.11
642	14.1	355.0	16.11
643	14.1	55.0	16.11
644	13.8	477.0	16.11
645	13.5	493.0	16.11
646	13.3	550.0	16.11
647	13.0	56.0	15.11
648	12.8	55.0	15.11
649	12.5	466.0	15.11
650	12.2	578.0	15.11
651	12.0	54.0	15.11
652	11.5	54.0	25.11
653	11.7	497.0	15.11
654	11.5	54.0	25.11
655	11.2	545.0	15.11
656	10.0	54.0	15.11
657	10.7	560.0	15.11
658	10.7	573.0	15.11
659	10.9	55.0	15.11
660	11.4	54.0	25.11
661	12.0	55.0	24.11
662	12.0	53.0	17.11
663	11.8	579.0	15.11
664	11.3	54.0	21.11
665	11.3	340.0	15.11
666	11.3	53.0	15.11
667	11.5	494.0	15.11
668	11.5	53.0	15.11
669	11.3	54.0	21.11
670	11.5	592.0	15.11
671	11.5	53.0	15.11
672	11.3	524.0	15.11
673	11.0	511.0	15.11
674	11.0	480.0	15.11
675	10.5	465.0	15.11
676	9.9	54.0	15.11
677	9.9	54.0	15.11
678	9.9	283.0	15.11
679	9.9	605.0	15.11
680	9.7	82.0	17.11
681	9.4	53.0	15.11
682	9.4	54.0	15.11
683	9.4	375.0	15.11
684	9.1	54.0	15.11
685	8.8	54.0	15.11
686	8.6	53.0	15.11
687	8.6	494.0	15.11
688	8.3	54.0	15.11
689	8.0	54.0	15.11
690	7.5	54.0	15.11
691	7.2	490.0	15.11
692	7.2	363.0	15.11
693	6.9	503.0	15.11
694	6.4	53.0	15.11
695	5.6	53.0	15.11
696	5.6	54.0	15.11
697	5.6	53.0	15.11
698	5.6	53.0	15.11
699	5.6	53.0	15.11
700	5.1	54.0	15.11
701	5.3	54.0	15.11
702	4.8	54.0	15.11
703	4.8	53.0	15.11
704	5.1	53.0	15.11
705	5.1	353.0	15.11
706	5.1	53.0	15.11
707	4.5	53.0	15.11
708	5.1	54.0	15.11
709	5.1	54.0	15.11
710	5.1	52.0	15.11
711	5.1	53.0	15.11
712	5.1	52.0	15.11
713	5.1	52.0	15.11
714	4.8	54.0	15.11
715	5.1	55.0	15.11
716	4.5	53.0	15.11
717	4.5	54.0	15.11
718	4.5	54.0	15.11
719	4.5	53.0	15.11
720	4.3	53.0	15.11
721	4.8	53.0	15.11
722	5.1	53.0	15.11
723	4.8	53.0	15.11
724	4.8	54.0	15.11
725	5.1	52.0	15.11
726	5.4	52.0	15.11
727	6.2	53.0	15.11
728	6.8	556.0	15.11
729	6.6	631.0	15.11
730	7.4	53.0	15.11
731	7.5	54.0	15.11
732	7.3	779.0	15.11
733	7.5	53.0	15.11
734	7.7	54.0	15.11
735	7.4	53.0	15.11
736	7.4	53.0	15.11
737	7.4	54.0	15.11
738	6.8	54.0	15.11
739	6.1	53.0	15.11
740	5.5	563.0	15.11
741	5.2	726.0	15.11
742	5.2	515.0	15.11
