	Twet	Load	Tset
0	22.0	1158.0	24.11
1	22.0	946.0	24.11
2	21.8	946.0	24.11
3	22.0	1119.0	24.11
4	22.0	946.0	24.11
5	22.2	946.0	24.11
6	22.9	626.0	25.11
7	23.0	1181.0	25.11
8	23.2	1171.0	26.11
9	23.7	1202.0	26.11
10	23.8	1230.0	26.11
11	24.2	1262.0	26.11
12	24.3	1294.0	26.11
13	24.4	1332.0	26.11
14	24.4	1330.0	26.11
15	24.5	1311.0	26.11
16	24.3	1295.0	26.11
17	24.9	1274.0	26.11
18	24.2	1234.0	26.11
19	22.0	1188.0	24.11
20	21.8	1153.0	24.11
21	22.4	1201.0	25.11
22	22.9	1208.0	25.11
23	22.4	1112.0	25.11
24	22.5	1121.0	25.11
25	22.4	1110.0	25.11
26	22.7	946.0	25.11
27	22.7	947.0	25.11
28	22.9	947.0	25.11
29	23.3	946.0	26.11
30	23.8	615.0	26.11
31	23.8	1497.0	26.11
32	24.1	652.0	26.11
33	23.6	1534.0	26.11
34	23.9	643.0	26.11
35	23.6	1230.0	26.11
36	24.3	1229.0	26.11
37	24.6	1234.0	26.11
38	23.7	1286.0	26.11
39	23.9	1259.0	26.11
40	24.3	1254.0	26.11
41	24.3	1223.0	26.11
42	24.0	1209.0	26.11
43	21.8	946.0	24.11
44	22.7	947.0	25.11
45	22.9	1224.0	25.11
46	23.3	1141.0	26.11
47	23.4	946.0	26.11
48	22.9	946.0	25.11
49	22.9	1149.0	25.11
50	22.4	1131.0	25.11
51	22.5	946.0	25.11
52	23.3	1137.0	26.11
53	23.1	1164.0	26.11
54	23.6	1464.0	26.11
55	24.1	1300.0	26.11
56	24.6	1249.0	26.11
57	23.7	1283.0	26.11
58	23.5	1268.0	26.11
59	23.9	1269.0	26.11
60	23.9	1281.0	26.11
61	23.7	1250.0	26.11
62	23.7	1242.0	26.11
63	24.1	1252.0	26.11
64	23.2	1234.0	26.11
65	23.4	1193.0	26.11
66	23.2	1352.0	26.11
67	23.6	702.0	26.11
68	24.1	1235.0	26.11
69	23.8	1227.0	26.11
70	23.8	1176.0	26.11
71	23.8	1171.0	26.11
72	22.7	1162.0	25.11
73	22.9	947.0	25.11
74	22.7	947.0	25.11
75	22.5	1122.0	25.11
76	23.1	1149.0	26.11
77	23.4	1212.0	26.11
78	24.0	1266.0	26.11
79	24.1	1327.0	26.11
80	23.7	1374.0	26.11
81	24.1	1296.0	26.11
82	24.6	1309.0	26.11
83	24.0	1465.0	26.11
84	24.2	1486.0	26.11
85	24.8	1496.0	26.11
86	24.6	1462.0	26.11
87	24.9	1276.0	26.11
88	24.1	1261.0	26.11
89	24.3	1225.0	26.11
90	23.9	1233.0	26.11
91	23.7	1425.0	26.11
92	23.6	1219.0	26.11
93	23.8	1214.0	26.11
94	23.8	1200.0	26.11
95	23.4	1193.0	26.11
96	23.4	1199.0	26.11
97	23.4	1197.0	26.11
98	23.4	1242.0	26.11
99	23.4	1276.0	26.11
100	23.2	1321.0	26.11
101	23.9	1369.0	26.11
102	24.6	1410.0	26.11
103	24.5	1331.0	26.11
104	24.4	1387.0	26.11
105	25.0	1639.0	26.11
106	24.0	1505.0	26.11
107	24.1	1289.0	26.11
108	24.8	1270.0	26.11
109	24.3	1252.0	26.11
110	24.3	1248.0	26.11
111	24.1	1503.0	26.11
112	24.1	1246.0	26.11
113	24.1	1237.0	26.11
114	24.3	1229.0	26.11
115	24.1	1224.0	26.11
116	24.1	1225.0	26.11
117	23.6	1183.0	26.11
118	23.4	1255.0	26.11
119	24.0	1253.0	26.11
120	23.2	1290.0	26.11
121	23.1	1314.0	26.11
122	23.3	1324.0	26.11
123	23.4	1295.0	26.11
124	24.1	1328.0	26.11
125	24.5	1441.0	26.11
126	24.6	1478.0	26.11
127	23.5	1476.0	26.11
128	23.9	1416.0	26.11
129	23.6	1357.0	26.11
130	22.5	1267.0	25.11
131	21.7	1154.0	24.11
132	21.3	1119.0	24.11
133	21.5	1102.0	24.11
134	21.5	1102.0	24.11
135	21.3	1373.0	24.11
136	21.3	945.0	24.11
137	20.7	946.0	23.11
138	20.4	938.0	23.11
139	20.4	938.0	23.11
140	20.7	944.0	23.11
141	20.7	946.0	23.11
142	20.7	946.0	23.11
143	21.5	856.0	24.11
144	22.2	922.0	24.11
145	23.1	1275.0	26.11
146	23.4	1370.0	26.11
147	23.2	1621.0	26.11
148	23.5	773.0	26.11
149	24.5	1494.0	26.11
150	24.5	1512.0	26.11
151	23.8	1519.0	26.11
152	23.8	1470.0	26.11
153	23.9	1398.0	26.11
154	23.4	1317.0	26.11
155	22.7	1207.0	25.11
156	22.4	1165.0	25.11
157	22.4	1135.0	25.11
158	22.5	1129.0	25.11
159	22.2	1477.0	25.11
160	22.4	1140.0	25.11
161	22.9	1138.0	25.11
162	22.7	1138.0	25.11
163	22.9	1136.0	25.11
164	23.3	1152.0	26.11
165	23.3	1153.0	26.11
166	22.9	1148.0	25.11
167	22.9	1141.0	25.11
168	23.2	1139.0	26.11
169	22.7	1146.0	25.11
170	23.9	1195.0	26.11
171	23.7	1182.0	26.11
172	23.7	1196.0	26.11
173	24.0	1275.0	26.11
174	24.0	1295.0	26.11
175	23.5	1291.0	26.11
176	17.5	1488.0	20.11
177	18.2	857.0	20.11
178	18.2	853.0	20.11
179	18.6	858.0	21.11
180	18.9	857.0	21.11
181	19.1	827.0	21.11
182	17.3	781.0	20.11
183	17.0	1263.0	20.11
184	16.4	747.0	19.11
185	16.4	749.0	19.11
186	15.7	751.0	19.11
187	15.2	741.0	18.11
188	14.9	725.0	18.11
189	14.7	733.0	18.11
190	14.7	728.0	18.11
191	15.4	734.0	18.11
192	16.4	758.0	19.11
193	17.3	781.0	20.11
194	17.4	818.0	20.11
195	17.2	764.0	20.11
196	16.7	797.0	20.11
197	16.3	805.0	19.11
198	16.2	841.0	18.11
199	16.7	829.0	19.11
200	16.1	836.0	18.11
201	16.5	838.0	19.11
202	15.2	793.0	18.11
203	15.2	757.0	18.11
204	14.5	746.0	18.11
205	14.1	724.0	17.11
206	13.9	727.0	17.11
207	13.9	817.0	16.11
208	13.7	695.0	17.11
209	13.5	699.0	17.11
210	13.5	687.0	17.11
211	13.5	696.0	17.11
212	13.3	702.0	16.11
213	13.0	700.0	16.11
214	12.8	698.0	16.11
215	13.8	721.0	17.11
216	14.5	759.0	18.11
217	15.2	831.0	17.11
218	15.3	888.0	18.11
219	14.8	717.0	18.11
220	15.7	925.0	18.11
221	14.8	934.0	17.11
222	15.0	938.0	17.11
223	14.5	943.0	17.11
224	14.5	941.0	17.11
225	14.5	894.0	17.11
226	13.6	818.0	16.11
227	13.6	783.0	17.11
228	13.4	745.0	17.11
229	13.2	745.0	16.11
230	12.7	728.0	16.11
231	12.7	920.0	15.11
232	12.7	699.0	16.11
233	12.2	707.0	15.11
234	12.6	693.0	16.11
235	12.0	686.0	15.11
236	12.3	671.0	15.11
237	11.5	669.0	15.11
238	11.8	676.0	15.11
239	13.0	707.0	16.11
240	14.5	749.0	18.11
241	14.6	816.0	17.11
242	13.9	863.0	16.11
243	13.9	731.0	17.11
244	13.9	909.0	16.11
245	14.1	936.0	17.11
246	14.5	942.0	17.11
247	14.7	939.0	17.11
248	14.9	940.0	17.11
249	14.7	896.0	17.11
250	14.5	817.0	17.11
251	14.6	783.0	18.11
252	15.0	787.0	18.11
253	14.7	745.0	18.11
254	14.8	729.0	18.11
255	14.8	920.0	17.11
256	14.4	710.0	17.11
257	14.1	717.0	17.11
258	14.1	726.0	17.11
259	13.6	716.0	17.11
260	13.1	711.0	16.11
261	13.0	705.0	16.11
262	12.8	703.0	16.11
263	13.8	736.0	17.11
264	15.1	739.0	18.11
265	16.9	859.0	19.11
266	17.3	636.0	20.11
267	17.3	1284.0	20.11
268	16.1	934.0	18.11
269	16.5	842.0	19.11
270	16.8	1243.0	19.11
271	17.2	1178.0	20.11
272	17.5	1173.0	20.11
273	17.5	1486.0	20.11
274	16.7	935.0	19.11
275	16.5	831.0	19.11
276	16.4	791.0	19.11
277	16.2	758.0	19.11
278	15.3	746.0	18.11
279	15.3	936.0	18.11
280	15.9	741.0	19.11
281	15.7	738.0	19.11
282	15.7	735.0	19.11
283	15.3	741.0	18.11
284	15.3	729.0	18.11
285	15.3	727.0	18.11
286	14.5	728.0	18.11
287	15.8	781.0	19.11
288	16.5	861.0	19.11
289	17.1	921.0	19.11
290	18.0	945.0	20.11
291	17.6	739.0	20.11
292	17.1	605.0	20.11
293	17.5	1156.0	20.11
294	18.0	1185.0	21.11
295	18.5	1223.0	21.11
296	17.7	1200.0	20.11
297	18.5	1148.0	21.11
298	19.1	1124.0	22.11
299	18.5	905.0	21.11
300	18.1	835.0	20.11
301	17.6	815.0	20.11
302	17.4	783.0	20.11
303	17.0	946.0	19.11
304	16.2	758.0	19.11
305	16.2	745.0	19.11
306	15.9	746.0	19.11
307	16.0	749.0	19.11
308	15.8	739.0	19.11
309	16.3	734.0	19.11
310	16.4	741.0	19.11
311	17.5	787.0	20.11
312	18.3	882.0	21.11
313	19.4	936.0	22.11
314	20.7	946.0	23.11
315	19.7	618.0	22.11
316	20.4	1328.0	23.11
317	19.5	942.0	22.11
318	19.3	641.0	22.11
319	19.6	1210.0	22.11
320	19.9	1179.0	22.11
321	20.2	1138.0	23.11
322	19.1	1461.0	22.11
323	19.1	898.0	21.11
324	19.0	858.0	21.11
325	19.9	859.0	22.11
326	20.0	830.0	22.11
327	19.2	1147.0	22.11
328	18.8	845.0	21.11
329	17.8	769.0	21.11
330	17.3	743.0	20.11
331	17.5	739.0	20.11
332	17.4	730.0	20.11
333	15.2	684.0	18.11
334	12.5	669.0	16.11
335	12.7	647.0	16.11
336	13.4	684.0	16.11
337	13.6	712.0	17.11
338	14.1	722.0	17.11
339	14.8	829.0	17.11
340	15.2	755.0	18.11
341	15.9	759.0	19.11
342	15.6	777.0	19.11
343	15.6	775.0	19.11
344	15.4	751.0	18.11
345	15.2	732.0	18.11
346	14.3	724.0	17.11
347	14.1	702.0	17.11
348	13.9	685.0	17.11
349	13.7	695.0	17.11
350	13.9	695.0	17.11
351	13.7	732.0	17.11
352	14.0	677.0	17.11
353	13.8	686.0	17.11
354	13.2	665.0	16.11
355	12.5	650.0	16.11
356	12.8	669.0	16.11
357	13.0	646.0	16.11
358	13.0	650.0	16.11
359	13.6	659.0	17.11
360	13.8	674.0	17.11
361	15.2	692.0	18.11
362	15.6	712.0	19.11
363	16.0	695.0	19.11
364	16.4	743.0	19.11
365	15.0	721.0	18.11
366	15.7	721.0	19.11
367	15.3	730.0	18.11
368	15.7	754.0	19.11
369	15.9	762.0	19.11
370	15.8	732.0	19.11
371	15.6	705.0	19.11
372	15.2	713.0	18.11
373	15.7	712.0	19.11
374	15.6	692.0	18.11
375	14.8	717.0	18.11
376	14.6	689.0	18.11
377	14.4	681.0	17.11
378	14.1	694.0	17.11
379	13.9	681.0	17.11
380	13.7	675.0	17.11
381	13.4	679.0	16.11
382	13.4	690.0	16.11
383	14.4	683.0	17.11
384	15.8	720.0	19.11
385	16.4	742.0	19.11
386	17.1	811.0	19.11
387	18.1	699.0	21.11
388	18.1	899.0	20.11
389	18.6	935.0	21.11
390	18.6	935.0	21.11
391	18.8	935.0	21.11
392	19.1	879.0	21.11
393	18.6	834.0	21.11
394	18.9	799.0	22.11
395	18.7	779.0	22.11
396	19.1	773.0	22.11
397	19.7	771.0	22.11
398	19.8	769.0	23.11
399	19.7	887.0	22.11
400	20.3	789.0	23.11
401	20.3	798.0	23.11
402	20.5	795.0	23.11
403	20.7	821.0	23.11
404	21.1	826.0	23.11
405	21.3	835.0	23.11
406	21.3	915.0	24.11
407	21.5	926.0	24.11
408	21.6	942.0	24.11
409	21.8	825.0	24.11
410	22.2	1041.0	25.11
411	22.3	1364.0	25.11
412	22.7	661.0	25.11
413	23.0	1319.0	25.11
414	22.9	1374.0	25.11
415	19.4	1269.0	22.11
416	19.4	1132.0	22.11
417	19.6	1460.0	22.11
418	20.0	895.0	22.11
419	19.6	857.0	22.11
420	19.6	813.0	22.11
421	19.4	811.0	22.11
422	19.4	797.0	22.11
423	17.2	1305.0	20.11
424	15.3	680.0	18.11
425	14.3	680.0	17.11
426	13.7	665.0	17.11
427	13.2	661.0	16.11
428	13.5	651.0	16.11
429	13.5	652.0	16.11
430	13.0	637.0	16.11
431	13.0	665.0	16.11
432	12.7	659.0	16.11
433	13.7	709.0	17.11
434	13.7	728.0	17.11
435	13.9	715.0	17.11
436	13.6	838.0	16.11
437	13.6	834.0	16.11
438	13.8	856.0	16.11
439	13.4	831.0	16.11
440	13.4	785.0	17.11
441	13.2	750.0	16.11
442	12.5	689.0	16.11
443	12.0	664.0	15.11
444	11.5	653.0	15.11
445	11.7	632.0	15.11
446	12.2	642.0	15.11
447	11.7	823.0	15.11
448	12.3	631.0	15.11
449	11.2	624.0	15.11
450	11.2	604.0	15.11
451	11.3	607.0	15.11
452	11.0	598.0	15.11
453	10.7	608.0	15.11
454	11.0	589.0	15.11
455	12.3	658.0	15.11
456	12.8	685.0	16.11
457	14.2	754.0	17.11
458	14.4	791.0	18.11
459	14.8	632.0	18.11
460	15.0	824.0	17.11
461	15.7	933.0	18.11
462	16.2	939.0	19.11
463	16.7	938.0	19.11
464	16.2	593.0	19.11
465	16.8	1438.0	20.11
466	15.9	787.0	19.11
467	15.5	745.0	18.11
468	15.0	709.0	18.11
469	15.0	700.0	18.11
470	15.1	673.0	18.11
471	14.3	858.0	17.11
472	14.6	656.0	18.11
473	14.4	632.0	17.11
474	13.8	630.0	17.11
475	13.9	628.0	17.11
476	13.7	606.0	17.11
477	13.9	613.0	17.11
478	13.7	599.0	17.11
479	14.4	582.0	17.11
480	15.4	617.0	18.11
481	16.4	719.0	19.11
482	17.5	766.0	20.11
483	18.4	814.0	21.11
484	19.1	663.0	22.11
485	19.3	945.0	22.11
486	19.5	946.0	22.11
487	19.5	608.0	22.11
488	19.5	1502.0	22.11
489	19.4	619.0	22.11
490	19.0	1462.0	22.11
491	18.6	857.0	21.11
492	18.2	759.0	21.11
493	17.7	727.0	21.11
494	17.5	715.0	20.11
495	17.5	941.0	20.11
496	17.8	702.0	21.11
497	17.9	705.0	21.11
498	17.7	700.0	20.11
499	17.4	694.0	20.11
500	17.4	684.0	20.11
501	17.4	681.0	20.11
502	17.4	676.0	20.11
503	17.3	688.0	20.11
504	18.0	704.0	21.11
505	18.9	755.0	22.11
506	19.6	791.0	22.11
507	19.9	707.0	23.11
508	20.7	889.0	23.11
509	20.9	895.0	23.11
510	21.0	929.0	23.11
511	20.2	936.0	22.11
512	20.5	900.0	23.11
513	20.5	886.0	23.11
514	20.6	886.0	23.11
515	20.1	857.0	22.11
516	19.8	818.0	22.11
517	17.7	694.0	20.11
518	16.6	679.0	19.11
519	15.6	852.0	18.11
520	13.8	617.0	17.11
521	12.7	588.0	16.11
522	11.2	561.0	15.11
523	10.5	564.0	15.11
524	9.7	537.0	15.11
525	9.7	538.0	15.11
526	9.5	525.0	15.11
527	9.7	538.0	15.11
528	10.5	547.0	15.11
529	11.0	549.0	15.11
530	11.7	584.0	15.11
531	12.4	656.0	15.11
532	12.5	611.0	15.11
533	12.9	614.0	16.11
534	12.7	621.0	16.11
535	12.3	635.0	15.11
536	12.3	618.0	15.11
537	11.4	611.0	15.11
538	10.7	580.0	15.11
539	10.6	582.0	15.11
540	10.5	568.0	15.11
541	11.0	552.0	15.11
542	11.2	555.0	15.11
543	11.5	596.0	15.11
544	10.2	554.0	15.11
545	10.7	537.0	15.11
546	10.7	530.0	15.11
547	10.5	553.0	15.11
548	10.2	529.0	15.11
549	10.2	514.0	15.11
550	10.2	540.0	15.11
551	10.7	519.0	15.11
552	11.2	595.0	15.11
553	11.7	615.0	15.11
554	12.0	667.0	15.11
555	11.5	569.0	15.11
556	11.4	691.0	15.11
557	11.8	684.0	15.11
558	11.4	752.0	15.11
559	11.6	761.0	15.11
560	11.0	743.0	15.11
561	11.2	704.0	15.11
562	10.7	658.0	15.11
563	10.4	628.0	15.11
564	11.5	601.0	15.11
565	10.7	573.0	15.11
566	10.7	590.0	15.11
567	10.7	666.0	15.11
568	10.7	577.0	15.11
569	10.5	560.0	15.11
570	9.9	544.0	15.11
571	9.7	571.0	15.11
572	9.7	542.0	15.11
573	10.2	531.0	15.11
574	10.7	541.0	15.11
575	11.0	553.0	15.11
576	11.7	551.0	15.11
577	13.2	644.0	16.11
578	13.7	676.0	17.11
579	14.3	558.0	17.11
580	14.8	741.0	18.11
581	15.8	811.0	18.11
582	15.7	834.0	18.11
583	15.4	787.0	18.11
584	15.7	831.0	18.11
585	15.4	737.0	18.11
586	15.3	699.0	18.11
587	15.6	659.0	18.11
588	15.7	660.0	19.11
589	15.4	658.0	18.11
590	15.7	662.0	19.11
591	15.7	734.0	19.11
592	15.8	660.0	19.11
593	16.1	663.0	19.11
594	16.1	664.0	19.11
595	16.1	672.0	19.11
596	16.1	682.0	19.11
597	15.9	664.0	19.11
598	15.4	692.0	18.11
599	15.7	705.0	19.11
600	16.1	701.0	19.11
601	17.1	853.0	19.11
602	17.7	932.0	20.11
603	18.0	666.0	21.11
604	19.7	636.0	22.11
605	20.4	1527.0	23.11
606	20.2	667.0	23.11
607	20.2	1297.0	23.11
608	19.9	1278.0	22.11
609	20.2	1544.0	23.11
610	20.3	613.0	23.11
611	19.8	935.0	22.11
612	20.0	915.0	22.11
613	19.6	873.0	22.11
614	19.6	901.0	22.11
615	18.3	945.0	21.11
616	18.1	812.0	20.11
617	18.4	767.0	21.11
618	18.4	809.0	21.11
619	18.4	808.0	21.11
620	18.4	811.0	21.11
621	17.9	802.0	21.11
622	17.7	775.0	21.11
623	18.1	814.0	20.11
624	18.7	862.0	21.11
625	19.5	940.0	22.11
626	19.2	946.0	21.11
627	19.7	848.0	22.11
628	20.0	655.0	23.11
629	20.2	1276.0	23.11
630	20.6	1307.0	23.11
631	20.4	1295.0	23.11
632	21.1	1285.0	24.11
633	20.5	1558.0	23.11
634	20.2	593.0	23.11
635	19.6	922.0	22.11
636	19.4	858.0	22.11
637	19.3	858.0	21.11
638	19.9	929.0	22.11
639	20.2	1177.0	23.11
640	20.0	934.0	22.11
641	19.5	926.0	22.11
642	19.5	900.0	22.11
643	19.1	798.0	22.11
644	18.0	811.0	20.11
645	18.0	785.0	21.11
646	18.4	827.0	21.11
647	18.4	826.0	21.11
648	19.1	885.0	21.11
649	19.9	946.0	22.11
650	20.8	729.0	23.11
651	20.5	1325.0	23.11
652	19.5	1496.0	22.11
653	19.2	624.0	22.11
654	19.3	1178.0	22.11
655	18.8	1166.0	21.11
656	17.7	1497.0	21.11
657	18.1	865.0	20.11
658	16.5	779.0	19.11
659	15.3	715.0	18.11
660	15.1	690.0	18.11
661	14.9	656.0	18.11
662	14.4	632.0	17.11
663	14.2	1174.0	17.11
664	13.7	627.0	17.11
665	13.5	609.0	16.11
666	13.2	599.0	16.11
667	12.7	585.0	16.11
668	12.7	586.0	16.11
669	12.5	575.0	15.11
670	12.2	576.0	15.11
671	12.0	567.0	15.11
672	12.5	572.0	15.11
673	12.2	572.0	15.11
674	13.2	586.0	16.11
675	13.9	649.0	17.11
676	14.3	635.0	17.11
677	14.3	663.0	17.11
678	13.6	631.0	17.11
679	13.6	637.0	17.11
680	14.1	631.0	17.11
681	12.9	625.0	16.11
682	12.7	603.0	16.11
683	12.5	588.0	15.11
684	12.2	576.0	15.11
685	12.0	581.0	15.11
686	12.0	577.0	15.11
687	11.7	627.0	15.11
688	11.5	580.0	15.11
689	11.5	569.0	15.11
690	11.5	548.0	15.11
691	11.0	554.0	15.11
692	10.7	548.0	15.11
693	10.7	547.0	15.11
694	10.4	551.0	15.11
695	11.0	576.0	15.11
696	12.0	577.0	15.11
697	13.0	630.0	16.11
698	13.4	669.0	16.11
699	13.6	582.0	16.11
700	14.3	728.0	17.11
701	14.1	764.0	17.11
702	14.3	536.0	17.11
703	14.0	1182.0	17.11
704	14.0	756.0	17.11
705	13.6	767.0	17.11
706	12.7	54.0	15.11
707	12.8	56.0	15.11
708	12.8	871.0	15.11
709	12.8	563.0	16.11
710	12.3	579.0	15.11
711	12.3	717.0	16.11
712	11.7	561.0	15.11
