Tset	Date	Twet	Load	Hour(s)	TimeStamp(s)
18.11	9/1/2011 0:00	15.6	426.8	0	1314835200
17.11	9/1/2011 1:00	15.6	58.2	3600	1314838800
17.11	9/1/2011 2:00	14.9	446.2	7200	1314842400
18.11	9/1/2011 3:00	15.1	475.3	10800	1314846000
17.11	9/1/2011 4:00	14.9	514.1	14400	1314849600
17.11	9/1/2011 5:00	14.6	465.6	18000	1314853200
19.11	9/1/2011 6:00	17	455.9	21600	1314856800
21.11	9/1/2011 7:00	18.5	446.2	25200	1314860400
22.11	9/1/2011 8:00	19.3	455.9	28800	1314864000
22.11	9/1/2011 9:00	19.3	504.4	32400	1314867600
21.11	9/1/2011 10:00	19.7	58.2	36000	1314871200
21.11	9/1/2011 11:00	19.7	58.2	39600	1314874800
22.11	9/1/2011 12:00	20.1	58.2	43200	1314878400
22.11	9/1/2011 13:00	20.1	58.2	46800	1314882000
22.11	9/1/2011 14:00	19.9	58.2	50400	1314885600
21.11	9/1/2011 15:00	19.2	58.2	54000	1314889200
21.11	9/1/2011 16:00	19.5	58.2	57600	1314892800
21.11	9/1/2011 17:00	19.4	58.2	61200	1314896400
21.11	9/1/2011 18:00	19.1	58.2	64800	1314900000
21.11	9/1/2011 19:00	18.9	58.2	68400	1314903600
20.11	9/1/2011 20:00	17.8	58.2	72000	1314907200
19.11	9/1/2011 21:00	17	58.2	75600	1314910800
19.11	9/1/2011 22:00	17.3	58.2	79200	1314914400
19.11	9/1/2011 23:00	17.2	58.2	82800	1314918000
19.11	9/2/2011 0:00	17.7	58.2	0	1314921600
20.11	9/2/2011 1:00	17.8	58.2	3600	1314925200
20.11	9/2/2011 2:00	18	58.2	7200	1314928800
20.11	9/2/2011 3:00	18	58.2	10800	1314932400
20.11	9/2/2011 4:00	17.8	58.2	14400	1314936000
19.11	9/2/2011 5:00	17.6	58.2	18000	1314939600
20.11	9/2/2011 6:00	18.7	58.2	21600	1314943200
20.11	9/2/2011 7:00	18.4	58.2	25200	1314946800
21.11	9/2/2011 8:00	19	58.2	28800	1314950400
22.11	9/2/2011 9:00	20	58.2	32400	1314954000
22.11	9/2/2011 10:00	20.2	417.1	36000	1314957600
22.11	9/2/2011 11:00	20.1	58.2	39600	1314961200
23.11	9/2/2011 12:00	20.5	494.7	43200	1314964800
22.11	9/2/2011 13:00	19.5	465.6	46800	1314968400
22.11	9/2/2011 14:00	19.2	485	50400	1314972000
21.11	9/2/2011 15:00	18.2	494.7	54000	1314975600
22.11	9/2/2011 16:00	19.7	485	57600	1314979200
22.11	9/2/2011 17:00	19.6	485	61200	1314982800
22.11	9/2/2011 18:00	19.2	494.7	64800	1314986400
22.11	9/2/2011 19:00	19.7	475.3	68400	1314990000
22.11	9/2/2011 20:00	19.5	572.3	72000	1314993600
21.11	9/2/2011 21:00	19.5	58.2	75600	1314997200
21.11	9/2/2011 22:00	19.3	388	79200	1315000800
21.11	9/2/2011 23:00	18.8	58.2	82800	1315004400
20.11	9/3/2011 0:00	18.4	58.2	0	1315008000
21.11	9/3/2011 1:00	18.2	475.3	3600	1315011600
20.11	9/3/2011 2:00	18.6	58.2	7200	1315015200
21.11	9/3/2011 3:00	18.8	58.2	10800	1315018800
20.11	9/3/2011 4:00	18.2	58.2	14400	1315022400
20.11	9/3/2011 5:00	18.2	58.2	18000	1315026000
20.11	9/3/2011 6:00	18.6	58.2	21600	1315029600
21.11	9/3/2011 7:00	19.2	58.2	25200	1315033200
21.11	9/3/2011 8:00	19	58.2	28800	1315036800
21.11	9/3/2011 9:00	19.7	58.2	32400	1315040400
22.11	9/3/2011 10:00	20.2	58.2	36000	1315044000
23.11	9/3/2011 11:00	21.8	58.2	39600	1315047600
23.11	9/3/2011 12:00	21.5	58.2	43200	1315051200
24.11	9/3/2011 13:00	21.5	1236.75	46800	1315054800
25.11	9/3/2011 14:00	22.7	974.85	50400	1315058400
25.11	9/3/2011 15:00	23	814.8	54000	1315062000
25.11	9/3/2011 16:00	23	989.4	57600	1315065600
25.11	9/3/2011 17:00	22.5	960.3	61200	1315069200
25.11	9/3/2011 18:00	22.5	1265.85	64800	1315072800
25.11	9/3/2011 19:00	22.4	727.5	68400	1315076400
24.11	9/3/2011 20:00	21.8	873	72000	1315080000
23.11	9/3/2011 21:00	21.6	58.2	75600	1315083600
24.11	9/3/2011 22:00	21.6	785.7	79200	1315087200
23.11	9/3/2011 23:00	21.4	58.2	82800	1315090800
23.11	9/4/2011 0:00	21.1	58.2	0	1315094400
23.11	9/4/2011 1:00	21.1	58.2	3600	1315098000
22.11	9/4/2011 2:00	20.5	58.2	7200	1315101600
22.11	9/4/2011 3:00	20.2	58.2	10800	1315105200
22.11	9/4/2011 4:00	20	58.2	14400	1315108800
21.11	9/4/2011 5:00	19.8	58.2	18000	1315112400
22.11	9/4/2011 6:00	20.5	58.2	21600	1315116000
23.11	9/4/2011 7:00	21.1	58.2	25200	1315119600
23.11	9/4/2011 8:00	21.6	58.2	28800	1315123200
24.11	9/4/2011 9:00	22.2	58.2	32400	1315126800
25.11	9/4/2011 10:00	23.5	58.2	36000	1315130400
26.11	9/4/2011 11:00	23.9	58.2	39600	1315134000
26.11	9/4/2011 12:00	24	58.2	43200	1315137600
26.11	9/4/2011 13:00	24.2	58.2	46800	1315141200
26.11	9/4/2011 14:00	24.7	58.2	50400	1315144800
26.11	9/4/2011 15:00	24.6	58.2	54000	1315148400
26.11	9/4/2011 16:00	24.1	58.2	57600	1315152000
25.11	9/4/2011 17:00	23.2	58.2	61200	1315155600
24.11	9/4/2011 18:00	22.7	58.2	64800	1315159200
24.11	9/4/2011 19:00	22.5	58.2	68400	1315162800
24.11	9/4/2011 20:00	22.7	58.2	72000	1315166400
24.11	9/4/2011 21:00	22.3	58.2	75600	1315170000
23.11	9/4/2011 22:00	21.8	58.2	79200	1315173600
23.11	9/4/2011 23:00	21.8	58.2	82800	1315177200
23.11	9/5/2011 0:00	21.6	58.2	0	1315180800
23.11	9/5/2011 1:00	21.4	58.2	3600	1315184400
23.11	9/5/2011 2:00	21.6	58.2	7200	1315188000
23.11	9/5/2011 3:00	21.1	58.2	10800	1315191600
23.11	9/5/2011 4:00	20.9	58.2	14400	1315195200
22.11	9/5/2011 5:00	20.5	58.2	18000	1315198800
23.11	9/5/2011 6:00	21.1	58.2	21600	1315202400
23.11	9/5/2011 7:00	21.6	58.2	25200	1315206000
24.11	9/5/2011 8:00	22	58.2	28800	1315209600
24.11	9/5/2011 9:00	22.2	58.2	32400	1315213200
24.11	9/5/2011 10:00	22.5	58.2	36000	1315216800
25.11	9/5/2011 11:00	22.7	659.6	39600	1315220400
26.11	9/5/2011 12:00	23.2	562.6	43200	1315224000
26.11	9/5/2011 13:00	23.2	649.9	46800	1315227600
26.11	9/5/2011 14:00	23.4	659.6	50400	1315231200
25.11	9/5/2011 15:00	22.5	863.3	54000	1315234800
25.11	9/5/2011 16:00	22.5	640.2	57600	1315238400
25.11	9/5/2011 17:00	22	679	61200	1315242000
25.11	9/5/2011 18:00	22	669.3	64800	1315245600
24.11	9/5/2011 19:00	22	640.2	68400	1315249200
25.11	9/5/2011 20:00	22.4	455.9	72000	1315252800
22.11	9/5/2011 21:00	20.7	58.2	75600	1315256400
20.11	9/5/2011 22:00	17.6	436.5	79200	1315260000
20.11	9/5/2011 23:00	17.4	407.4	82800	1315263600
20.11	9/6/2011 0:00	17.4	417.1	0	1315267200
19.11	9/6/2011 1:00	17.2	426.8	3600	1315270800
18.11	9/6/2011 2:00	16.5	58.2	7200	1315274400
18.11	9/6/2011 3:00	16.5	58.2	10800	1315278000
19.11	9/6/2011 4:00	16.1	960.3	14400	1315281600
18.11	9/6/2011 5:00	15.9	58.2	18000	1315285200
15.11	9/6/2011 6:00	15.9	766.3	21600	1315288800
15.11	9/6/2011 7:00	15.9	601.4	25200	1315292400
15.11	9/6/2011 8:00	15.9	640.2	28800	1315296000
19.11	9/6/2011 9:00	16.2	640.2	32400	1315299600
18.11	9/6/2011 10:00	16.2	58.2	36000	1315303200
18.11	9/6/2011 11:00	16.2	397.7	39600	1315306800
18.11	9/6/2011 12:00	16	494.7	43200	1315310400
18.11	9/6/2011 13:00	16.3	58.2	46800	1315314000
19.11	9/6/2011 14:00	16.5	436.5	50400	1315317600
18.11	9/6/2011 15:00	16	455.9	54000	1315321200
18.11	9/6/2011 16:00	16	436.5	57600	1315324800
18.11	9/6/2011 17:00	16	494.7	61200	1315328400
18.11	9/6/2011 18:00	16.2	58.2	64800	1315332000
19.11	9/6/2011 19:00	16.2	465.6	68400	1315335600
19.11	9/6/2011 20:00	16.5	523.8	72000	1315339200
18.11	9/6/2011 21:00	16.5	58.2	75600	1315342800
19.11	9/6/2011 22:00	16.8	58.2	79200	1315346400
19.11	9/6/2011 23:00	16.8	417.1	82800	1315350000
20.11	9/7/2011 0:00	17.4	630.5	0	1315353600
19.11	9/7/2011 1:00	17.7	58.2	3600	1315357200
20.11	9/7/2011 2:00	17.9	494.7	7200	1315360800
20.11	9/7/2011 3:00	18.3	58.2	10800	1315364400
21.11	9/7/2011 4:00	18.8	465.6	14400	1315368000
22.11	9/7/2011 5:00	20	58.2	18000	1315371600
24.11	9/7/2011 6:00	22.2	58.2	21600	1315375200
25.11	9/7/2011 7:00	23.3	58.2	25200	1315378800
26.11	9/7/2011 8:00	24.2	58.2	28800	1315382400
26.11	9/7/2011 9:00	24.7	58.2	32400	1315386000
26.11	9/7/2011 10:00	24.2	417.1	36000	1315389600
25.11	9/7/2011 11:00	22.4	455.9	39600	1315393200
24.11	9/7/2011 12:00	21.6	688.7	43200	1315396800
24.11	9/7/2011 13:00	21.6	785.7	46800	1315400400
25.11	9/7/2011 14:00	22.2	795.4	50400	1315404000
25.11	9/7/2011 15:00	22.2	805.1	54000	1315407600
25.11	9/7/2011 16:00	22.2	805.1	57600	1315411200
25.11	9/7/2011 17:00	22.4	824.5	61200	1315414800
24.11	9/7/2011 18:00	21.6	834.2	64800	1315418400
24.11	9/7/2011 19:00	21.6	834.2	68400	1315422000
23.11	9/7/2011 20:00	21.1	523.8	72000	1315425600
23.11	9/7/2011 21:00	21.1	426.8	75600	1315429200
23.11	9/7/2011 22:00	21.1	475.3	79200	1315432800
22.11	9/7/2011 23:00	19.4	465.6	82800	1315436400
21.11	9/8/2011 0:00	18.8	455.9	0	1315440000
21.11	9/8/2011 1:00	18.8	455.9	3600	1315443600
20.11	9/8/2011 2:00	17.8	436.5	7200	1315447200
20.11	9/8/2011 3:00	17.8	58.2	10800	1315450800
20.11	9/8/2011 4:00	17.8	58.2	14400	1315454400
20.11	9/8/2011 5:00	18.5	58.2	18000	1315458000
22.11	9/8/2011 6:00	20.7	58.2	21600	1315461600
23.11	9/8/2011 7:00	21.1	58.2	25200	1315465200
23.11	9/8/2011 8:00	20.9	921.5	28800	1315468800
24.11	9/8/2011 9:00	21.6	543.2	32400	1315472400
25.11	9/8/2011 10:00	22.2	494.7	36000	1315476000
24.11	9/8/2011 11:00	22.2	58.2	39600	1315479600
24.11	9/8/2011 12:00	22	58.2	43200	1315483200
23.11	9/8/2011 13:00	21.6	58.2	46800	1315486800
24.11	9/8/2011 14:00	22.4	58.2	50400	1315490400
24.11	9/8/2011 15:00	22.4	58.2	54000	1315494000
24.11	9/8/2011 16:00	22.5	58.2	57600	1315497600
24.11	9/8/2011 17:00	22.4	58.2	61200	1315501200
24.11	9/8/2011 18:00	22.4	58.2	64800	1315504800
24.11	9/8/2011 19:00	22.4	58.2	68400	1315508400
24.11	9/8/2011 20:00	22.2	58.2	72000	1315512000
24.11	9/8/2011 21:00	22.2	446.2	75600	1315515600
23.11	9/8/2011 22:00	21.6	58.2	79200	1315519200
22.11	9/8/2011 23:00	20.5	58.2	82800	1315522800
22.11	9/9/2011 0:00	20	58.2	0	1315526400
22.11	9/9/2011 1:00	20	58.2	3600	1315530000
22.11	9/9/2011 2:00	20	455.9	7200	1315533600
22.11	9/9/2011 3:00	19.4	601.4	10800	1315537200
22.11	9/9/2011 4:00	19.4	552.9	14400	1315540800
20.11	9/9/2011 5:00	18.2	58.2	18000	1315544400
22.11	9/9/2011 6:00	20.3	407.4	21600	1315548000
23.11	9/9/2011 7:00	20.7	465.6	25200	1315551600
23.11	9/9/2011 8:00	21.1	58.2	28800	1315555200
23.11	9/9/2011 9:00	21.3	58.2	32400	1315558800
23.11	9/9/2011 10:00	21.1	455.9	36000	1315562400
24.11	9/9/2011 11:00	22	1173.7	39600	1315566000
25.11	9/9/2011 12:00	22.7	533.5	43200	1315569600
25.11	9/9/2011 13:00	22.7	572.3	46800	1315573200
26.11	9/9/2011 14:00	23.9	688.7	50400	1315576800
26.11	9/9/2011 15:00	23.9	746.9	54000	1315580400
26.11	9/9/2011 16:00	23.8	746.9	57600	1315584000
26.11	9/9/2011 17:00	23.4	737.2	61200	1315587600
25.11	9/9/2011 18:00	22.5	698.4	64800	1315591200
23.11	9/9/2011 19:00	20.9	659.6	68400	1315594800
22.11	9/9/2011 20:00	20.1	475.3	72000	1315598400
23.11	9/9/2011 21:00	20.3	465.6	75600	1315602000
22.11	9/9/2011 22:00	19.4	436.5	79200	1315605600
22.11	9/9/2011 23:00	20	436.5	82800	1315609200
22.11	9/10/2011 0:00	20	436.5	0	1315612800
22.11	9/10/2011 1:00	19.4	436.5	3600	1315616400
22.11	9/10/2011 2:00	19.4	485	7200	1315620000
22.11	9/10/2011 3:00	19.4	873	10800	1315623600
21.11	9/10/2011 4:00	18.8	572.3	14400	1315627200
21.11	9/10/2011 5:00	18.3	611.1	18000	1315630800
21.11	9/10/2011 6:00	18.5	649.9	21600	1315634400
21.11	9/10/2011 7:00	19.2	58.2	25200	1315638000
23.11	9/10/2011 8:00	21.3	58.2	28800	1315641600
24.11	9/10/2011 9:00	22.4	58.2	32400	1315645200
23.11	9/10/2011 10:00	21.3	58.2	36000	1315648800
24.11	9/10/2011 11:00	22	58.2	39600	1315652400
24.11	9/10/2011 12:00	22	58.2	43200	1315656000
23.11	9/10/2011 13:00	21.2	58.2	46800	1315659600
23.11	9/10/2011 14:00	21.7	58.2	50400	1315663200
24.11	9/10/2011 15:00	22	834.2	54000	1315666800
24.11	9/10/2011 16:00	22.2	58.2	57600	1315670400
23.11	9/10/2011 17:00	21.7	58.2	61200	1315674000
23.11	9/10/2011 18:00	21.1	58.2	64800	1315677600
23.11	9/10/2011 19:00	20.9	58.2	68400	1315681200
22.11	9/10/2011 20:00	20.6	58.2	72000	1315684800
21.11	9/10/2011 21:00	19.7	58.2	75600	1315688400
21.11	9/10/2011 22:00	19	58.2	79200	1315692000
21.11	9/10/2011 23:00	19	58.2	82800	1315695600
20.11	9/11/2011 1:00	18.5	58.2	3600	1315702800
20.11	9/11/2011 2:00	18.7	58.2	7200	1315706400
20.11	9/11/2011 3:00	18.7	58.2	10800	1315710000
20.11	9/11/2011 4:00	18.7	58.2	14400	1315713600
20.11	9/11/2011 5:00	18.5	58.2	18000	1315717200
22.11	9/11/2011 6:00	20.3	58.2	21600	1315720800
22.11	9/11/2011 7:00	20.3	58.2	25200	1315724400
22.11	9/11/2011 8:00	20.5	58.2	28800	1315728000
22.11	9/11/2011 9:00	20.7	58.2	32400	1315731600
23.11	9/11/2011 10:00	20.8	417.1	36000	1315735200
24.11	9/11/2011 11:00	21.8	611.1	39600	1315738800
25.11	9/11/2011 12:00	22	688.7	43200	1315742400
24.11	9/11/2011 13:00	21.7	902.1	46800	1315746000
24.11	9/11/2011 14:00	21.1	572.3	50400	1315749600
23.11	9/11/2011 15:00	20.8	640.2	54000	1315753200
21.11	9/11/2011 16:00	18.6	630.5	57600	1315756800
21.11	9/11/2011 17:00	18.6	649.9	61200	1315760400
21.11	9/11/2011 18:00	18.4	601.4	64800	1315764000
20.11	9/11/2011 19:00	18.7	58.2	68400	1315767600
20.11	9/11/2011 20:00	18.7	58.2	72000	1315771200
20.11	9/11/2011 21:00	18.2	436.5	75600	1315774800
19.11	9/11/2011 22:00	17.6	58.2	79200	1315778400
19.11	9/11/2011 23:00	17.6	58.2	82800	1315782000
19.11	9/12/2011 0:00	17.1	58.2	0	1315785600
19.11	9/12/2011 1:00	16.8	58.2	3600	1315789200
19.11	9/12/2011 2:00	16.3	446.2	7200	1315792800
19.11	9/12/2011 3:00	16.3	533.5	10800	1315796400
18.11	9/12/2011 4:00	15.7	611.1	14400	1315800000
18.11	9/12/2011 5:00	15.5	620.8	18000	1315803600
19.11	9/12/2011 6:00	16.8	611.1	21600	1315807200
21.11	9/12/2011 7:00	18	640.2	25200	1315810800
22.11	9/12/2011 8:00	19.6	630.5	28800	1315814400
23.11	9/12/2011 9:00	20.2	659.6	32400	1315818000
22.11	9/12/2011 10:00	20.3	58.2	36000	1315821600
22.11	9/12/2011 11:00	20.1	58.2	39600	1315825200
22.11	9/12/2011 12:00	20.1	58.2	43200	1315828800
22.11	9/12/2011 13:00	20.3	58.2	46800	1315832400
22.11	9/12/2011 14:00	20	58.2	50400	1315836000
22.11	9/12/2011 15:00	20	417.1	54000	1315839600
22.11	9/12/2011 16:00	20.1	58.2	57600	1315843200
21.11	9/12/2011 17:00	19.8	58.2	61200	1315846800
22.11	9/12/2011 18:00	20	455.9	64800	1315850400
21.11	9/12/2011 19:00	19.8	58.2	68400	1315854000
21.11	9/12/2011 20:00	19.7	58.2	72000	1315857600
21.11	9/12/2011 21:00	18.9	58.2	75600	1315861200
20.11	9/12/2011 22:00	18.2	58.2	79200	1315864800
20.11	9/12/2011 23:00	18.4	58.2	82800	1315868400
20.11	9/13/2011 0:00	18.2	58.2	0	1315872000
19.11	9/13/2011 1:00	17.4	58.2	3600	1315875600
19.11	9/13/2011 2:00	16.8	58.2	7200	1315879200
19.11	9/13/2011 3:00	17.1	58.2	10800	1315882800
18.11	9/13/2011 4:00	16.3	58.2	14400	1315886400
18.11	9/13/2011 5:00	16.3	58.2	18000	1315890000
20.11	9/13/2011 6:00	17.8	58.2	21600	1315893600
21.11	9/13/2011 7:00	18.8	58.2	25200	1315897200
22.11	9/13/2011 8:00	20	58.2	28800	1315900800
23.11	9/13/2011 9:00	21.2	58.2	32400	1315904400
23.11	9/13/2011 10:00	21.1	58.2	36000	1315908000
22.11	9/13/2011 11:00	20.4	58.2	39600	1315911600
22.11	9/13/2011 12:00	20.8	58.2	43200	1315915200
22.11	9/13/2011 13:00	20.5	58.2	46800	1315918800
22.11	9/13/2011 14:00	20.5	58.2	50400	1315922400
22.11	9/13/2011 15:00	20.3	58.2	54000	1315926000
22.11	9/13/2011 16:00	20.3	58.2	57600	1315929600
21.11	9/13/2011 17:00	19.6	58.2	61200	1315933200
21.11	9/13/2011 18:00	19.5	58.2	64800	1315936800
21.11	9/13/2011 19:00	19.4	58.2	68400	1315940400
21.11	9/13/2011 20:00	19.2	58.2	72000	1315944000
21.11	9/13/2011 21:00	19.2	58.2	75600	1315947600
20.11	9/13/2011 22:00	18.6	58.2	79200	1315951200
20.11	9/13/2011 23:00	18.6	58.2	82800	1315954800
20.11	9/14/2011 0:00	18.4	58.2	0	1315958400
20.11	9/14/2011 1:00	18.2	58.2	3600	1315962000
20.11	9/14/2011 2:00	17.8	58.2	7200	1315965600
19.11	9/14/2011 3:00	17.6	58.2	10800	1315969200
19.11	9/14/2011 4:00	17.6	58.2	14400	1315972800
19.11	9/14/2011 5:00	17.4	58.2	18000	1315976400
21.11	9/14/2011 6:00	18.9	58.2	21600	1315980000
21.11	9/14/2011 7:00	19.7	58.2	25200	1315983600
22.11	9/14/2011 8:00	20.7	58.2	28800	1315987200
24.11	9/14/2011 9:00	22.2	58.2	32400	1315990800
23.11	9/14/2011 10:00	21.6	58.2	36000	1315994400
24.11	9/14/2011 11:00	22.2	58.2	39600	1315998000
24.11	9/14/2011 12:00	22.1	58.2	43200	1316001600
24.11	9/14/2011 13:00	22.2	58.2	46800	1316005200
25.11	9/14/2011 14:00	23.3	58.2	50400	1316008800
24.11	9/14/2011 15:00	22.1	58.2	54000	1316012400
24.11	9/14/2011 16:00	22.5	58.2	57600	1316016000
24.11	9/14/2011 17:00	22.2	58.2	61200	1316019600
24.11	9/14/2011 18:00	22	58.2	64800	1316023200
22.11	9/14/2011 19:00	20.5	58.2	68400	1316026800
21.11	9/14/2011 20:00	19.4	58.2	72000	1316030400
20.11	9/14/2011 21:00	18.7	58.2	75600	1316034000
20.11	9/14/2011 22:00	18.7	58.2	79200	1316037600
20.11	9/14/2011 23:00	18.3	58.2	82800	1316041200
20.11	9/15/2011 0:00	18.1	58.2	0	1316044800
19.11	9/15/2011 1:00	17.7	58.2	3600	1316048400
20.11	9/15/2011 2:00	17.8	58.2	7200	1316052000
20.11	9/15/2011 3:00	17.8	58.2	10800	1316055600
19.11	9/15/2011 4:00	17.1	58.2	14400	1316059200
20.11	9/15/2011 5:00	17.8	58.2	18000	1316062800
20.11	9/15/2011 6:00	18.4	58.2	21600	1316066400
21.11	9/15/2011 7:00	19.4	58.2	25200	1316070000
21.11	9/15/2011 8:00	19.8	58.2	28800	1316073600
22.11	9/15/2011 9:00	20	58.2	32400	1316077200
22.11	9/15/2011 10:00	20.1	58.2	36000	1316080800
21.11	9/15/2011 11:00	19.8	58.2	39600	1316084400
21.11	9/15/2011 12:00	19.4	58.2	43200	1316088000
20.11	9/15/2011 13:00	18.6	58.2	46800	1316091600
20.11	9/15/2011 14:00	18.4	58.2	50400	1316095200
18.11	9/15/2011 15:00	15.8	58.2	54000	1316098800
15.11	9/15/2011 16:00	13.2	58.2	57600	1316102400
15.11	9/15/2011 17:00	12	58.2	61200	1316106000
15.11	9/15/2011 18:00	11.2	58.2	64800	1316109600
15.11	9/15/2011 19:00	10.7	58.2	68400	1316113200
15.11	9/15/2011 20:00	9.9	58.2	72000	1316116800
15.11	9/15/2011 21:00	9.7	58.2	75600	1316120400
15.11	9/15/2011 22:00	9.1	58.2	79200	1316124000
15.11	9/15/2011 23:00	8.6	58.2	82800	1316127600
15.11	9/16/2011 0:00	8	58.2	0	1316131200
15.11	9/16/2011 1:00	8.1	58.2	3600	1316134800
15.11	9/16/2011 2:00	7.2	58.2	7200	1316138400
15.11	9/16/2011 3:00	7	58.2	10800	1316142000
15.11	9/16/2011 4:00	7	58.2	14400	1316145600
15.11	9/16/2011 5:00	6.4	58.2	18000	1316149200
15.11	9/16/2011 6:00	8.1	58.2	21600	1316152800
15.11	9/16/2011 7:00	8.9	58.2	25200	1316156400
15.11	9/16/2011 8:00	9.7	58.2	28800	1316160000
15.11	9/16/2011 9:00	10.3	58.2	32400	1316163600
15.11	9/16/2011 10:00	10.5	58.2	36000	1316167200
15.11	9/16/2011 11:00	11	58.2	39600	1316170800
15.11	9/16/2011 12:00	11	58.2	43200	1316174400
15.11	9/16/2011 13:00	11.5	572.3	46800	1316178000
15.11	9/16/2011 14:00	11.5	417.1	50400	1316181600
15.11	9/16/2011 15:00	11.7	436.5	54000	1316185200
15.11	9/16/2011 16:00	11.7	436.5	57600	1316188800
15.11	9/16/2011 17:00	12	58.2	61200	1316192400
15.11	9/16/2011 18:00	11.7	58.2	64800	1316196000
15.11	9/16/2011 19:00	11.5	533.5	68400	1316199600
15.11	9/16/2011 20:00	11.5	58.2	72000	1316203200
15.11	9/16/2011 21:00	11.3	58.2	75600	1316206800
15.11	9/16/2011 22:00	11.3	417.1	79200	1316210400
15.11	9/16/2011 23:00	11.3	58.2	82800	1316214000
15.11	9/17/2011 0:00	10.8	58.2	0	1316217600
15.11	9/17/2011 1:00	10.2	58.2	3600	1316221200
15.11	9/17/2011 2:00	9.9	58.2	7200	1316224800
15.11	9/17/2011 3:00	9.7	58.2	10800	1316228400
15.11	9/17/2011 4:00	9.9	58.2	14400	1316232000
15.11	9/17/2011 5:00	10.2	58.2	18000	1316235600
15.11	9/17/2011 6:00	11	58.2	21600	1316239200
15.11	9/17/2011 7:00	11.2	58.2	25200	1316242800
15.11	9/17/2011 8:00	11.5	58.2	28800	1316246400
15.11	9/17/2011 9:00	11.8	58.2	32400	1316250000
15.11	9/17/2011 10:00	12	58.2	36000	1316253600
15.11	9/17/2011 11:00	12.8	58.2	39600	1316257200
15.11	9/17/2011 12:00	13	58.2	43200	1316260800
15.11	9/17/2011 13:00	13.3	58.2	46800	1316264400
15.11	9/17/2011 14:00	13.3	58.2	50400	1316268000
15.11	9/17/2011 15:00	13.6	58.2	54000	1316271600
16.11	9/17/2011 16:00	13.8	58.2	57600	1316275200
16.11	9/17/2011 17:00	13.9	863.3	61200	1316278800
15.11	9/17/2011 18:00	12.8	58.2	64800	1316282400
15.11	9/17/2011 19:00	13.1	58.2	68400	1316286000
15.11	9/17/2011 20:00	12.3	58.2	72000	1316289600
15.11	9/17/2011 21:00	11.3	58.2	75600	1316293200
15.11	9/17/2011 22:00	11	58.2	79200	1316296800
15.11	9/17/2011 23:00	10.8	58.2	82800	1316300400
15.11	9/18/2011 0:00	11	58.2	0	1316304000
15.11	9/18/2011 1:00	11.3	58.2	3600	1316307600
15.11	9/18/2011 2:00	10.5	58.2	7200	1316311200
15.11	9/18/2011 3:00	11	58.2	10800	1316314800
15.11	9/18/2011 4:00	10.2	58.2	14400	1316318400
15.11	9/18/2011 5:00	9.9	58.2	18000	1316322000
15.11	9/18/2011 6:00	10.2	58.2	21600	1316325600
15.11	9/18/2011 7:00	11.2	58.2	25200	1316329200
15.11	9/18/2011 8:00	12.8	58.2	28800	1316332800
15.11	9/18/2011 9:00	13.5	58.2	32400	1316336400
16.11	9/18/2011 10:00	13.7	58.2	36000	1316340000
17.11	9/18/2011 11:00	14.7	58.2	39600	1316343600
16.11	9/18/2011 12:00	14.2	58.2	43200	1316347200
16.11	9/18/2011 13:00	14.6	58.2	46800	1316350800
17.11	9/18/2011 14:00	14.9	58.2	50400	1316354400
17.11	9/18/2011 15:00	14.9	58.2	54000	1316358000
17.11	9/18/2011 16:00	14.8	58.2	57600	1316361600
16.11	9/18/2011 17:00	14.5	58.2	61200	1316365200
16.11	9/18/2011 18:00	14.5	58.2	64800	1316368800
16.11	9/18/2011 19:00	14.5	58.2	68400	1316372400
16.11	9/18/2011 20:00	14.1	58.2	72000	1316376000
16.11	9/18/2011 21:00	13.8	58.2	75600	1316379600
15.11	9/18/2011 22:00	13.6	58.2	79200	1316383200
16.11	9/18/2011 23:00	13.4	659.6	82800	1316386800
15.11	9/19/2011 0:00	13.1	58.2	0	1316390400
15.11	9/19/2011 1:00	12.1	58.2	3600	1316394000
15.11	9/19/2011 2:00	11.3	58.2	7200	1316397600
15.11	9/19/2011 3:00	11.6	58.2	10800	1316401200
15.11	9/19/2011 4:00	11.8	58.2	14400	1316404800
15.11	9/19/2011 5:00	12.1	58.2	18000	1316408400
15.11	9/19/2011 6:00	12.9	58.2	21600	1316412000
16.11	9/19/2011 7:00	13.9	58.2	25200	1316415600
17.11	9/19/2011 8:00	14.7	58.2	28800	1316419200
16.11	9/19/2011 9:00	14.6	58.2	32400	1316422800
17.11	9/19/2011 10:00	15.1	58.2	36000	1316426400
17.11	9/19/2011 11:00	15	58.2	39600	1316430000
17.11	9/19/2011 12:00	15.2	58.2	43200	1316433600
17.11	9/19/2011 13:00	15.4	58.2	46800	1316437200
17.11	9/19/2011 14:00	15	58.2	50400	1316440800
17.11	9/19/2011 15:00	14.7	58.2	54000	1316444400
18.11	9/19/2011 16:00	15	1241.6	57600	1316448000
18.11	9/19/2011 17:00	15	533.5	61200	1316451600
18.11	9/19/2011 18:00	15.1	591.7	64800	1316455200
17.11	9/19/2011 19:00	15.1	58.2	68400	1316458800
17.11	9/19/2011 20:00	15.4	58.2	72000	1316462400
17.11	9/19/2011 21:00	15.5	58.2	75600	1316466000
18.11	9/19/2011 22:00	15.8	58.2	79200	1316469600
18.11	9/19/2011 23:00	16.1	58.2	82800	1316473200
18.11	9/20/2011 0:00	16.2	58.2	0	1316476800
18.11	9/20/2011 1:00	16.4	58.2	3600	1316480400
18.11	9/20/2011 2:00	16.2	58.2	7200	1316484000
18.11	9/20/2011 3:00	16.2	58.2	10800	1316487600
18.11	9/20/2011 4:00	16.2	58.2	14400	1316491200
18.11	9/20/2011 5:00	16.2	58.2	18000	1316494800
18.11	9/20/2011 6:00	16.2	58.2	21600	1316498400
19.11	9/20/2011 7:00	17.1	58.2	25200	1316502000
19.11	9/20/2011 8:00	17.6	58.2	28800	1316505600
20.11	9/20/2011 9:00	17.8	58.2	32400	1316509200
20.11	9/20/2011 10:00	17.8	58.2	36000	1316512800
20.11	9/20/2011 11:00	18.4	58.2	39600	1316516400
20.11	9/20/2011 12:00	18.6	58.2	43200	1316520000
21.11	9/20/2011 13:00	19	58.2	46800	1316523600
21.11	9/20/2011 14:00	19	58.2	50400	1316527200
21.11	9/20/2011 15:00	18.8	58.2	54000	1316530800
21.11	9/20/2011 16:00	19	58.2	57600	1316534400
21.11	9/20/2011 17:00	18.8	58.2	61200	1316538000
20.11	9/20/2011 18:00	18.4	58.2	64800	1316541600
19.11	9/20/2011 19:00	17.6	58.2	68400	1316545200
19.11	9/20/2011 20:00	17.6	58.2	72000	1316548800
19.11	9/20/2011 21:00	17.4	58.2	75600	1316552400
18.11	9/20/2011 22:00	16.3	58.2	79200	1316556000
18.11	9/20/2011 23:00	16.1	58.2	82800	1316559600
17.11	9/21/2011 0:00	15.5	58.2	0	1316563200
17.11	9/21/2011 1:00	15	58.2	3600	1316566800
16.11	9/21/2011 2:00	14.4	58.2	7200	1316570400
17.11	9/21/2011 3:00	15	58.2	10800	1316574000
18.11	9/21/2011 4:00	16.1	58.2	14400	1316577600
18.11	9/21/2011 5:00	16.1	58.2	18000	1316581200
18.11	9/21/2011 6:00	16.1	58.2	21600	1316584800
18.11	9/21/2011 7:00	16.3	58.2	25200	1316588400
18.11	9/21/2011 8:00	16.3	58.2	28800	1316592000
18.11	9/21/2011 9:00	16.5	58.2	32400	1316595600
19.11	9/21/2011 10:00	17.6	58.2	36000	1316599200
22.11	9/21/2011 11:00	20.4	58.2	39600	1316602800
22.11	9/21/2011 12:00	20.6	58.2	43200	1316606400
22.11	9/21/2011 13:00	20.2	58.2	46800	1316610000
22.11	9/21/2011 14:00	20.4	58.2	50400	1316613600
22.11	9/21/2011 15:00	20.8	58.2	54000	1316617200
23.11	9/21/2011 16:00	20.9	58.2	57600	1316620800
22.11	9/21/2011 17:00	20.7	58.2	61200	1316624400
23.11	9/21/2011 18:00	20.9	58.2	64800	1316628000
23.11	9/21/2011 19:00	20.9	58.2	68400	1316631600
22.11	9/21/2011 20:00	20.7	58.2	72000	1316635200
22.11	9/21/2011 21:00	20.7	58.2	75600	1316638800
22.11	9/21/2011 22:00	20.1	58.2	79200	1316642400
22.11	9/21/2011 23:00	20.1	58.2	82800	1316646000
22.11	9/22/2011 0:00	20	58.2	0	1316649600
21.11	9/22/2011 1:00	19.4	58.2	3600	1316653200
21.11	9/22/2011 2:00	19.4	58.2	7200	1316656800
21.11	9/22/2011 3:00	18.8	58.2	10800	1316660400
20.11	9/22/2011 4:00	18.3	58.2	14400	1316664000
20.11	9/22/2011 5:00	18.3	58.2	18000	1316667600
20.11	9/22/2011 6:00	18.3	58.2	21600	1316671200
23.11	9/22/2011 7:00	21.8	58.2	25200	1316674800
24.11	9/22/2011 8:00	22.5	58.2	28800	1316678400
24.11	9/22/2011 9:00	22.7	58.2	32400	1316682000
24.11	9/22/2011 10:00	22.5	58.2	36000	1316685600
24.11	9/22/2011 11:00	22.5	58.2	39600	1316689200
23.11	9/22/2011 12:00	21.8	58.2	43200	1316692800
25.11	9/22/2011 13:00	22.4	620.8	46800	1316696400
24.11	9/22/2011 14:00	22.7	58.2	50400	1316700000
24.11	9/22/2011 15:00	22.5	58.2	54000	1316703600
24.11	9/22/2011 16:00	22.5	58.2	57600	1316707200
24.11	9/22/2011 17:00	22.2	58.2	61200	1316710800
24.11	9/22/2011 18:00	22	58.2	64800	1316714400
24.11	9/22/2011 19:00	22	58.2	68400	1316718000
23.11	9/22/2011 20:00	21.8	58.2	72000	1316721600
23.11	9/22/2011 21:00	21.3	58.2	75600	1316725200
23.11	9/22/2011 22:00	21.1	58.2	79200	1316728800
23.11	9/22/2011 23:00	21.3	58.2	82800	1316732400
23.11	9/23/2011 0:00	21.3	58.2	0	1316736000
23.11	9/23/2011 1:00	21.1	58.2	3600	1316739600
23.11	9/23/2011 2:00	21.6	58.2	7200	1316743200
23.11	9/23/2011 3:00	21.6	58.2	10800	1316746800
23.11	9/23/2011 4:00	21.6	58.2	14400	1316750400
23.11	9/23/2011 5:00	21.6	58.2	18000	1316754000
23.11	9/23/2011 6:00	21.8	58.2	21600	1316757600
23.11	9/23/2011 7:00	21.8	58.2	25200	1316761200
23.11	9/23/2011 8:00	21.8	58.2	28800	1316764800
23.11	9/23/2011 9:00	21.8	58.2	32400	1316768400
23.11	9/23/2011 10:00	21.8	58.2	36000	1316772000
23.11	9/23/2011 11:00	21.6	58.2	39600	1316775600
23.11	9/23/2011 12:00	21.8	58.2	43200	1316779200
23.11	9/23/2011 13:00	21.3	58.2	46800	1316782800
23.11	9/23/2011 14:00	21.3	58.2	50400	1316786400
23.11	9/23/2011 15:00	21.1	58.2	54000	1316790000
23.11	9/23/2011 16:00	21.1	58.2	57600	1316793600
23.11	9/23/2011 17:00	21.1	58.2	61200	1316797200
22.11	9/23/2011 18:00	20.5	58.2	64800	1316800800
22.11	9/23/2011 19:00	20.7	58.2	68400	1316804400
22.11	9/23/2011 20:00	20	58.2	72000	1316808000
22.11	9/23/2011 21:00	20.5	58.2	75600	1316811600
22.11	9/23/2011 22:00	20.5	58.2	79200	1316815200
21.11	9/23/2011 23:00	19.4	58.2	82800	1316818800
21.11	9/24/2011 0:00	18.8	58.2	0	1316822400
21.11	9/24/2011 1:00	19.4	58.2	3600	1316826000
21.11	9/24/2011 2:00	19.6	58.2	7200	1316829600
21.11	9/24/2011 3:00	18.8	58.2	10800	1316833200
21.11	9/24/2011 4:00	19.6	58.2	14400	1316836800
21.11	9/24/2011 5:00	18.8	58.2	18000	1316840400
21.11	9/24/2011 6:00	19.2	58.2	21600	1316844000
21.11	9/24/2011 7:00	19.8	58.2	25200	1316847600
21.11	9/24/2011 8:00	19.8	58.2	28800	1316851200
22.11	9/24/2011 9:00	20	58.2	32400	1316854800
21.11	9/24/2011 10:00	19.8	58.2	36000	1316858400
22.11	9/24/2011 11:00	20.6	58.2	39600	1316862000
22.11	9/24/2011 12:00	20.4	58.2	43200	1316865600
22.11	9/24/2011 13:00	20.4	58.2	46800	1316869200
22.11	9/24/2011 14:00	20.4	58.2	50400	1316872800
22.11	9/24/2011 15:00	20.4	58.2	54000	1316876400
22.11	9/24/2011 16:00	20.2	58.2	57600	1316880000
21.11	9/24/2011 17:00	19.8	58.2	61200	1316883600
21.11	9/24/2011 18:00	19.5	58.2	64800	1316887200
21.11	9/24/2011 19:00	19	58.2	68400	1316890800
21.11	9/24/2011 20:00	19	58.2	72000	1316894400
20.11	9/24/2011 21:00	18.5	58.2	75600	1316898000
20.11	9/24/2011 22:00	18.5	58.2	79200	1316901600
20.11	9/24/2011 23:00	18.5	58.2	82800	1316905200
21.11	9/25/2011 0:00	19.6	58.2	0	1316908800
21.11	9/25/2011 1:00	19.4	58.2	3600	1316912400
22.11	9/25/2011 2:00	20.1	58.2	7200	1316916000
22.11	9/25/2011 3:00	20.1	58.2	10800	1316919600
22.11	9/25/2011 4:00	20.1	58.2	14400	1316923200
22.11	9/25/2011 5:00	20.1	58.2	18000	1316926800
22.11	9/25/2011 6:00	20.3	58.2	21600	1316930400
22.11	9/25/2011 7:00	20.5	58.2	25200	1316934000
24.11	9/25/2011 8:00	22	58.2	28800	1316937600
24.11	9/25/2011 9:00	22.4	58.2	32400	1316941200
24.11	9/25/2011 10:00	22.7	58.2	36000	1316944800
23.11	9/25/2011 11:00	21.7	58.2	39600	1316948400
23.11	9/25/2011 12:00	21.1	58.2	43200	1316952000
23.11	9/25/2011 13:00	21.1	873	46800	1316955600
23.11	9/25/2011 14:00	21.1	58.2	50400	1316959200
24.11	9/25/2011 15:00	21.5	887.55	54000	1316962800
24.11	9/25/2011 16:00	21.8	712.95	57600	1316966400
24.11	9/25/2011 17:00	21.5	640.2	61200	1316970000
24.11	9/25/2011 18:00	21.1	742.05	64800	1316973600
23.11	9/25/2011 19:00	20.7	756.6	68400	1316977200
23.11	9/25/2011 20:00	20.9	58.2	72000	1316980800
22.11	9/25/2011 21:00	20.7	58.2	75600	1316984400
22.11	9/25/2011 22:00	20.1	58.2	79200	1316988000
22.11	9/25/2011 23:00	20.5	58.2	82800	1316991600
22.11	9/26/2011 0:00	20.3	58.2	0	1316995200
22.11	9/26/2011 1:00	20.7	58.2	3600	1316998800
22.11	9/26/2011 2:00	20.1	58.2	7200	1317002400
22.11	9/26/2011 3:00	20.5	58.2	10800	1317006000
22.11	9/26/2011 4:00	20.5	58.2	14400	1317009600
22.11	9/26/2011 5:00	20.7	58.2	18000	1317013200
23.11	9/26/2011 6:00	21.3	58.2	21600	1317016800
23.11	9/26/2011 7:00	21.1	58.2	25200	1317020400
23.11	9/26/2011 8:00	21.6	58.2	28800	1317024000
25.11	9/26/2011 9:00	22.9	58.2	32400	1317027600
24.11	9/26/2011 10:00	22.4	58.2	36000	1317031200
25.11	9/26/2011 11:00	22.4	931.2	39600	1317034800
24.11	9/26/2011 12:00	22.5	58.2	43200	1317038400
25.11	9/26/2011 13:00	22.7	853.6	46800	1317042000
25.11	9/26/2011 14:00	22.3	921.5	50400	1317045600
24.11	9/26/2011 15:00	22.2	834.2	54000	1317049200
24.11	9/26/2011 16:00	21.8	843.9	57600	1317052800
23.11	9/26/2011 17:00	21.3	814.8	61200	1317056400
24.11	9/26/2011 18:00	21.5	766.3	64800	1317060000
23.11	9/26/2011 19:00	20.7	727.5	68400	1317063600
22.11	9/26/2011 20:00	20.3	58.2	72000	1317067200
22.11	9/26/2011 21:00	20.3	58.2	75600	1317070800
21.11	9/26/2011 22:00	19.8	58.2	79200	1317074400
21.11	9/26/2011 23:00	19.6	58.2	82800	1317078000
21.11	9/27/2011 0:00	19.8	58.2	0	1317081600
22.11	9/27/2011 1:00	20.1	58.2	3600	1317085200
22.11	9/27/2011 2:00	20.7	58.2	7200	1317088800
23.11	9/27/2011 3:00	21.1	824.5	10800	1317092400
23.11	9/27/2011 4:00	21.1	58.2	14400	1317096000
23.11	9/27/2011 5:00	21.3	58.2	18000	1317099600
24.11	9/27/2011 6:00	21.3	708.1	21600	1317103200
23.11	9/27/2011 7:00	21.6	58.2	25200	1317106800
23.11	9/27/2011 8:00	21.4	58.2	28800	1317110400
23.11	9/27/2011 9:00	21.8	58.2	32400	1317114000
23.11	9/27/2011 10:00	21.8	58.2	36000	1317117600
24.11	9/27/2011 11:00	22.4	58.2	39600	1317121200
25.11	9/27/2011 12:00	22.9	58.2	43200	1317124800
25.11	9/27/2011 13:00	22.9	58.2	46800	1317128400
24.11	9/27/2011 14:00	22.7	58.2	50400	1317132000
24.11	9/27/2011 15:00	22.5	58.2	54000	1317135600
25.11	9/27/2011 16:00	22.3	766.3	57600	1317139200
24.11	9/27/2011 17:00	22.2	475.3	61200	1317142800
25.11	9/27/2011 18:00	22.3	572.3	64800	1317146400
25.11	9/27/2011 19:00	22.2	562.6	68400	1317150000
24.11	9/27/2011 20:00	22	426.8	72000	1317153600
23.11	9/27/2011 21:00	21.6	58.2	75600	1317157200
23.11	9/27/2011 22:00	21.4	58.2	79200	1317160800
23.11	9/27/2011 23:00	21.3	58.2	82800	1317164400
23.11	9/28/2011 0:00	21.3	58.2	0	1317168000
24.11	9/28/2011 1:00	21.3	737.2	3600	1317171600
23.11	9/28/2011 2:00	21.4	58.2	7200	1317175200
22.11	9/28/2011 3:00	20.7	58.2	10800	1317178800
22.11	9/28/2011 4:00	20.7	58.2	14400	1317182400
23.11	9/28/2011 5:00	20.9	58.2	18000	1317186000
23.11	9/28/2011 6:00	21.4	58.2	21600	1317189600
23.11	9/28/2011 7:00	21.8	58.2	25200	1317193200
23.11	9/28/2011 8:00	21.4	58.2	28800	1317196800
24.11	9/28/2011 9:00	22.2	58.2	32400	1317200400
24.11	9/28/2011 10:00	22.4	58.2	36000	1317204000
24.11	9/28/2011 11:00	22.5	58.2	39600	1317207600
24.11	9/28/2011 12:00	22.7	58.2	43200	1317211200
25.11	9/28/2011 13:00	22.9	58.2	46800	1317214800
24.11	9/28/2011 14:00	22.2	58.2	50400	1317218400
24.11	9/28/2011 15:00	22.3	58.2	54000	1317222000
23.11	9/28/2011 16:00	21.8	58.2	57600	1317225600
23.11	9/28/2011 17:00	21.3	58.2	61200	1317229200
23.11	9/28/2011 18:00	21.5	58.2	64800	1317232800
24.11	9/28/2011 19:00	22.2	58.2	68400	1317236400
21.11	9/28/2011 20:00	18.9	58.2	72000	1317240000
21.11	9/28/2011 21:00	19.2	58.2	75600	1317243600
20.11	9/28/2011 22:00	18.7	58.2	79200	1317247200
21.11	9/28/2011 23:00	19.2	58.2	82800	1317250800
22.11	9/29/2011 0:00	20.1	58.2	0	1317254400
22.11	9/29/2011 1:00	20.3	58.2	3600	1317258000
22.11	9/29/2011 2:00	20.1	58.2	7200	1317261600
22.11	9/29/2011 3:00	20.1	58.2	10800	1317265200
22.11	9/29/2011 4:00	20.1	58.2	14400	1317268800
21.11	9/29/2011 5:00	19.6	58.2	18000	1317272400
21.11	9/29/2011 6:00	19.6	58.2	21600	1317276000
22.11	9/29/2011 7:00	20	58.2	25200	1317279600
22.11	9/29/2011 8:00	20	58.2	28800	1317283200
21.11	9/29/2011 9:00	19.7	58.2	32400	1317286800
21.11	9/29/2011 10:00	18.5	669.3	36000	1317290400
19.11	9/29/2011 11:00	17.5	58.2	39600	1317294000
20.11	9/29/2011 12:00	18	397.7	43200	1317297600
20.11	9/29/2011 13:00	17.7	397.7	46800	1317301200
20.11	9/29/2011 14:00	18	426.8	50400	1317304800
20.11	9/29/2011 15:00	17.8	426.8	54000	1317308400
19.11	9/29/2011 16:00	16.8	417.1	57600	1317312000
17.11	9/29/2011 17:00	15	436.5	61200	1317315600
17.11	9/29/2011 18:00	14.5	397.7	64800	1317319200
17.11	9/29/2011 19:00	14.6	407.4	68400	1317322800
16.11	9/29/2011 20:00	13.9	417.1	72000	1317326400
17.11	9/29/2011 21:00	13.5	688.7	75600	1317330000
16.11	9/29/2011 22:00	13.4	417.1	79200	1317333600
15.11	9/29/2011 23:00	13.1	407.4	82800	1317337200
16.11	9/30/2011 0:00	13.2	426.8	0	1317340800
16.11	9/30/2011 1:00	13.2	397.7	3600	1317344400
15.11	9/30/2011 2:00	12.1	407.4	7200	1317348000
15.11	9/30/2011 3:00	12.7	407.4	10800	1317351600
16.11	9/30/2011 4:00	13.8	407.4	14400	1317355200
16.11	9/30/2011 5:00	13.8	407.4	18000	1317358800
17.11	9/30/2011 6:00	14.3	417.1	21600	1317362400
18.11	9/30/2011 7:00	16.3	397.7	25200	1317366000
19.11	9/30/2011 8:00	16.9	58.2	28800	1317369600
19.11	9/30/2011 9:00	17.1	58.2	32400	1317373200
19.11	9/30/2011 10:00	16.9	58.2	36000	1317376800
19.11	9/30/2011 11:00	17.3	58.2	39600	1317380400
20.11	9/30/2011 12:00	17.9	58.2	43200	1317384000
20.11	9/30/2011 13:00	18	58.2	46800	1317387600
17.11	9/30/2011 14:00	15	58.2	50400	1317391200
17.11	9/30/2011 15:00	15.1	58.2	54000	1317394800
17.11	9/30/2011 16:00	15.4	58.2	57600	1317398400
16.11	9/30/2011 17:00	14.4	58.2	61200	1317402000
15.11	9/30/2011 18:00	12.9	58.2	64800	1317405600
15.11	9/30/2011 19:00	12.7	58.2	68400	1317409200
15.11	9/30/2011 20:00	12.4	58.2	72000	1317412800
15.11	9/30/2011 21:00	12.2	58.2	75600	1317416400
15.11	9/30/2011 22:00	12.2	58.2	79200	1317420000
15.11	9/30/2011 23:00	12	58.2	82800	1317423600